719,1377299109, 440.00
719,1377299127,438.0
719,1377299130,431.0
719,1377299133,438.0
719,1377299138,441.0
719,1377299143,446.0
719,1377299148,439.0
719,1377299153,441.0
719,1377299158,443.0
719,1377299163,448.0
719,1377299168,444.0
719,1377299173,439.0
719,1377299178,440.0
719,1377299183,439.0
719,1377299188,436.0
719,1377299193,436.0
719,1377299198,438.0
719,1377299203,435.0
719,1377299208,439.0
719,1377299213,439.0
719,1377299218,444.0
719,1377299223,446.0
719,1377299228,446.0
719,1377299233,443.0
719,1377299238,441.0
719,1377299243,439.0
719,1377299248,439.0
719,1377299253,448.0
719,1377299258,444.0
719,1377299263,448.0
719,1377299268,448.0
719,1377299273,447.0
719,1377299278,439.0
719,1377299283,443.0
719,1377299288,440.0
719,1377299293,435.0
719,1377299298,433.0
719,1377299303,435.0
719,1377299308,433.0
719,1377299313,441.0
719,1377299318,446.0
719,1377299323,454.0
719,1377299328,447.0
719,1377299333,443.0
719,1377299338,448.0
719,1377299343,441.0
719,1377299348,443.0
719,1377299353,439.0
719,1377299358,443.0
719,1377299363,439.0
719,1377299368,443.0
719,1377299373,439.0
719,1377299378,438.0
719,1377299383,441.0
719,1377299388,444.0
719,1377299393,446.0
719,1377299398,443.0
719,1377299403,450.0
719,1377299408,443.0
719,1377299413,443.0
719,1377299418,443.0
719,1377299423,450.0
719,1377299428,444.0
719,1377299433,439.0
719,1377299438,443.0
719,1377299443,448.0
719,1377299448,441.0
719,1377299453,443.0
719,1377299458,448.0
719,1377299463,447.0
719,1377299468,454.0
719,1377299473,460.0
719,1377299478,451.0
719,1377299483,454.0
719,1377299488,447.0
719,1377299493,456.0
719,1377299498,452.0
719,1377299503,451.0
719,1377299508,451.0
719,1377299513,454.0
719,1377299518,451.0
719,1377299523,451.0
719,1377299528,448.0
719,1377299533,443.0
719,1377299538,446.0
719,1377299543,441.0
719,1377299548,439.0
719,1377299553,446.0
719,1377299558,452.0
719,1377299563,450.0
719,1377299568,452.0
719,1377299573,447.0
719,1377299578,443.0
719,1377299583,439.0
719,1377299588,450.0
719,1377299593,448.0
719,1377299598,454.0
719,1377299603,454.0
719,1377299608,451.0
719,1377299613,452.0
719,1377299618,447.0
719,1377299623,449.0
719,1377299628,451.0
719,1377299633,452.0
719,1377299638,454.0
719,1377299643,454.0
719,1377299648,450.0
719,1377299653,443.0
719,1377299658,443.0
719,1377299663,448.0
719,1377299668,452.0
719,1377299673,454.0
719,1377299678,455.0
719,1377299683,459.0
719,1377299688,460.0
719,1377299693,460.0
719,1377299698,447.0
719,1377299703,448.0
719,1377299708,448.0
719,1377299713,448.0
719,1377299718,450.0
719,1377299723,454.0
719,1377299728,443.0
719,1377299733,462.0
719,1377299738,455.0
719,1377299743,462.0
719,1377299748,454.0
719,1377299753,443.0
719,1377299758,448.0
719,1377299763,439.0
719,1377299768,448.0
719,1377299773,446.0
719,1377299778,448.0
719,1377299783,441.0
719,1377299788,454.0
719,1377299793,452.0
719,1377299798,451.0
719,1377299803,462.0
719,1377299808,455.0
719,1377299813,443.0
719,1377299818,444.0
719,1377299823,438.0
719,1377299828,440.0
719,1377299833,439.0
719,1377299838,448.0
719,1377299843,452.0
719,1377299848,454.0
719,1377299853,455.0
719,1377299858,455.0
719,1377299863,457.0
719,1377299868,460.0
719,1377299873,454.0
719,1377299878,447.0
719,1377299883,443.0
719,1377299888,447.0
719,1377299893,452.0
719,1377299898,448.0
719,1377299903,454.0
719,1377299908,447.0
719,1377299913,443.0
719,1377299918,443.0
719,1377299923,452.0
719,1377299928,439.0
719,1377299933,441.0
719,1377299938,454.0
719,1377299943,448.0
719,1377299948,448.0
719,1377299953,443.0
719,1377299958,443.0
719,1377299963,449.0
719,1377299968,456.0
719,1377299973,457.0
719,1377299978,460.0
719,1377299983,457.0
719,1377299988,460.0
719,1377299993,455.0
719,1377299998,454.0
719,1377300003,447.0
719,1377300008,443.0
719,1377300013,446.0
719,1377300018,441.0
719,1377300023,443.0
719,1377300028,452.0
719,1377300033,447.0
719,1377300038,454.0
719,1377300043,456.0
719,1377300048,451.0
719,1377300053,452.0
719,1377300058,456.0
719,1377300063,454.0
719,1377300068,452.0
719,1377300073,447.0
719,1377300078,452.0
719,1377300083,452.0
719,1377300088,454.0
719,1377300093,455.0
719,1377300098,462.0
719,1377300103,460.0
719,1377300108,460.0
719,1377300113,455.0
719,1377300118,459.0
719,1377300123,461.0
719,1377300128,463.0
719,1377300133,461.0
719,1377300138,463.0
719,1377300143,455.0
719,1377300148,454.0
719,1377300153,452.0
719,1377300158,457.0
719,1377300163,451.0
719,1377300168,456.0
719,1377300173,451.0
719,1377300178,454.0
719,1377300183,456.0
719,1377300188,454.0
719,1377300193,454.0
719,1377300198,456.0
719,1377300203,456.0
719,1377300208,451.0
719,1377300213,452.0
719,1377300218,448.0
719,1377300223,447.0
719,1377300228,454.0
719,1377300233,451.0
719,1377300238,447.0
719,1377300243,447.0
719,1377300248,447.0
719,1377300253,455.0
719,1377300258,460.0
719,1377300263,470.0
719,1377300268,465.0
719,1377300273,462.0
719,1377300278,460.0
719,1377300283,456.0
719,1377300288,457.0
719,1377300293,460.0
719,1377300298,465.0
719,1377300303,462.0
719,1377300308,460.0
719,1377300313,456.0
719,1377300318,454.0
719,1377300323,447.0
719,1377300328,454.0
719,1377300333,462.0
719,1377300338,457.0
719,1377300343,462.0
719,1377300348,462.0
719,1377300353,461.0
719,1377300358,460.0
719,1377300363,457.0
719,1377300368,455.0
719,1377300373,459.0
719,1377300378,465.0
719,1377300383,462.0
719,1377300388,463.0
719,1377300393,461.0
719,1377300398,467.0
719,1377300403,467.0
719,1377300408,462.0
719,1377300413,462.0
719,1377300418,467.0
719,1377300423,471.0
719,1377300428,470.0
719,1377300433,473.0
719,1377300438,467.0
719,1377300443,466.0
719,1377300448,465.0
719,1377300453,461.0
719,1377300458,465.0
719,1377300463,462.0
719,1377300468,462.0
719,1377300473,467.0
719,1377300478,462.0
719,1377300483,467.0
719,1377300488,467.0
719,1377300493,466.0
719,1377300498,460.0
719,1377300503,454.0
719,1377300508,462.0
719,1377300513,462.0
719,1377300518,465.0
719,1377300523,460.0
719,1377300528,460.0
719,1377300533,460.0
719,1377300538,451.0
719,1377300543,454.0
719,1377300548,452.0
719,1377300553,451.0
719,1377300558,460.0
719,1377300563,465.0
719,1377300568,465.0
719,1377300573,466.0
719,1377300578,462.0
719,1377300583,455.0
719,1377300588,462.0
719,1377300593,454.0
719,1377300598,457.0
719,1377300603,460.0
719,1377300608,465.0
719,1377300613,465.0
719,1377300618,467.0
719,1377300623,460.0
719,1377300628,465.0
719,1377300633,464.0
719,1377300638,465.0
719,1377300643,464.0
719,1377300648,464.0
719,1377300653,460.0
719,1377300658,460.0
719,1377300663,462.0
719,1377300668,465.0
719,1377300673,462.0
719,1377300678,468.0
719,1377300683,467.0
719,1377300688,473.0
719,1377300693,470.0
719,1377300698,476.0
719,1377300703,471.0
719,1377300708,468.0
719,1377300713,462.0
719,1377300718,464.0
719,1377300723,462.0
719,1377300728,465.0
719,1377300733,462.0
719,1377300738,467.0
719,1377300743,463.0
719,1377300748,462.0
719,1377300753,472.0
719,1377300758,463.0
719,1377300763,480.0
719,1377300768,472.0
719,1377300773,472.0
719,1377300778,471.0
719,1377300783,473.0
719,1377300788,470.0
719,1377300793,470.0
719,1377300798,470.0
719,1377300803,465.0
719,1377300808,465.0
719,1377300813,460.0
719,1377300818,460.0
719,1377300823,467.0
719,1377300828,465.0
719,1377300833,472.0
719,1377300838,470.0
719,1377300843,472.0
719,1377300848,473.0
719,1377300853,465.0
719,1377300858,472.0
719,1377300863,470.0
719,1377300868,473.0
719,1377300873,470.0
719,1377300878,476.0
719,1377300883,467.0
719,1377300888,470.0
719,1377300893,467.0
719,1377300898,468.0
719,1377300903,470.0
719,1377300908,461.0
719,1377300913,465.0
719,1377300918,462.0
719,1377300923,462.0
719,1377300928,472.0
719,1377300933,471.0
719,1377300938,480.0
719,1377300943,482.0
719,1377300948,477.0
719,1377300953,471.0
719,1377300958,470.0
719,1377300963,465.0
719,1377300968,470.0
719,1377300973,467.0
719,1377300978,473.0
719,1377300983,473.0
719,1377300988,468.0
719,1377300993,468.0
719,1377300998,465.0
719,1377301003,470.0
719,1377301008,462.0
719,1377301013,463.0
719,1377301018,465.0
719,1377301023,464.0
719,1377301028,462.0
719,1377301033,462.0
719,1377301038,467.0
719,1377301043,472.0
719,1377301048,472.0
719,1377301053,468.0
719,1377301058,468.0
719,1377301063,465.0
719,1377301068,462.0
719,1377301073,467.0
719,1377301078,468.0
719,1377301083,472.0
719,1377301088,470.0
719,1377301093,470.0
719,1377301098,475.0
719,1377301103,475.0
719,1377301108,470.0
719,1377301113,470.0
719,1377301118,472.0
719,1377301123,461.0
719,1377301128,468.0
719,1377301133,467.0
719,1377301138,472.0
719,1377301143,465.0
719,1377301148,465.0
719,1377301153,461.0
719,1377301158,466.0
719,1377301163,470.0
719,1377301168,476.0
719,1377301173,476.0
719,1377301178,481.0
719,1377301183,477.0
719,1377301188,473.0
719,1377301193,472.0
719,1377301198,467.0
719,1377301203,463.0
719,1377301208,467.0
719,1377301213,467.0
719,1377301218,461.0
719,1377301223,472.0
719,1377301228,472.0
719,1377301233,476.0
719,1377301238,468.0
719,1377301243,467.0
719,1377301248,476.0
719,1377301253,480.0
719,1377301258,484.0
719,1377301263,483.0
719,1377301268,471.0
719,1377301273,473.0
719,1377301278,463.0
719,1377301283,462.0
719,1377301288,455.0
719,1377301293,457.0
719,1377301298,460.0
719,1377301303,465.0
719,1377301308,470.0
719,1377301313,473.0
719,1377301318,476.0
719,1377301323,476.0
719,1377301328,470.0
719,1377301333,470.0
719,1377301338,465.0
719,1377301343,467.0
719,1377301348,471.0
719,1377301353,462.0
719,1377301358,465.0
719,1377301363,460.0
719,1377301368,465.0
719,1377301373,462.0
719,1377301378,468.0
719,1377301383,472.0
719,1377301388,476.0
719,1377301393,473.0
719,1377301398,471.0
719,1377301403,475.0
719,1377301408,471.0
719,1377301413,476.0
719,1377301418,471.0
719,1377301423,470.0
719,1377301428,467.0
719,1377301433,467.0
719,1377301438,463.0
719,1377301443,467.0
719,1377301448,473.0
719,1377301453,478.0
719,1377301458,472.0
719,1377301463,470.0
719,1377301468,472.0
719,1377301473,468.0
719,1377301478,467.0
719,1377301483,476.0
719,1377301488,482.0
719,1377301493,483.0
719,1377301498,476.0
719,1377301503,475.0
719,1377301508,486.0
719,1377301513,486.0
719,1377301518,473.0
719,1377301523,482.0
719,1377301528,471.0
719,1377301533,476.0
719,1377301538,475.0
719,1377301543,480.0
719,1377301548,471.0
719,1377301553,467.0
719,1377301558,462.0
719,1377301563,465.0
719,1377301568,470.0
719,1377301573,471.0
719,1377301578,476.0
719,1377301583,476.0
719,1377301588,470.0
719,1377301593,467.0
719,1377301598,461.0
719,1377301603,467.0
719,1377301608,468.0
719,1377301613,463.0
719,1377301618,472.0
719,1377301623,467.0
719,1377301628,473.0
719,1377301633,473.0
719,1377301638,486.0
719,1377301643,476.0
719,1377301648,476.0
719,1377301653,476.0
719,1377301658,473.0
719,1377301663,472.0
719,1377301668,473.0
719,1377301673,472.0
719,1377301678,472.0
719,1377301683,473.0
719,1377301688,475.0
719,1377301693,477.0
719,1377301698,475.0
719,1377301703,475.0
719,1377301708,477.0
719,1377301713,476.0
719,1377301718,486.0
719,1377301723,477.0
719,1377301728,482.0
719,1377301733,481.0
719,1377301738,475.0
719,1377301743,480.0
719,1377301748,473.0
719,1377301753,470.0
719,1377301758,473.0
719,1377301763,476.0
719,1377301768,470.0
719,1377301773,466.0
719,1377301778,465.0
719,1377301783,468.0
719,1377301788,468.0
719,1377301793,467.0
719,1377301798,463.0
719,1377301803,467.0
719,1377301808,462.0
719,1377301813,461.0
719,1377301818,467.0
719,1377301823,465.0
719,1377301828,465.0
719,1377301833,466.0
719,1377301838,460.0
719,1377301843,460.0
719,1377301848,464.0
719,1377301853,462.0
719,1377301858,457.0
719,1377301863,460.0
719,1377301868,464.0
719,1377301873,466.0
719,1377301878,465.0
719,1377301883,465.0
719,1377301888,467.0
719,1377301893,467.0
719,1377301898,461.0
719,1377301903,468.0
719,1377301908,465.0
719,1377301913,462.0
719,1377301918,464.0
719,1377301923,460.0
719,1377301928,465.0
719,1377301933,460.0
719,1377301938,465.0
719,1377301943,464.0
719,1377301948,460.0
719,1377301953,460.0
719,1377301958,462.0
719,1377301963,461.0
719,1377301968,472.0
719,1377301973,467.0
719,1377301978,466.0
719,1377301983,480.0
719,1377301988,468.0
719,1377301993,467.0
719,1377301998,462.0
719,1377302003,459.0
719,1377302008,460.0
719,1377302013,460.0
719,1377302018,467.0
719,1377302023,468.0
719,1377302028,471.0
719,1377302033,467.0
719,1377302038,472.0
719,1377302043,470.0
719,1377302048,467.0
719,1377302053,465.0
719,1377302058,467.0
719,1377302063,466.0
719,1377302068,472.0
719,1377302073,472.0
719,1377302078,471.0
719,1377302083,473.0
719,1377302088,471.0
719,1377302093,471.0
719,1377302098,471.0
719,1377302103,470.0
719,1377302108,474.0
719,1377302113,470.0
719,1377302118,473.0
719,1377302123,462.0
719,1377302128,470.0
719,1377302133,468.0
719,1377302138,472.0
719,1377302143,465.0
719,1377302148,472.0
719,1377302153,462.0
719,1377302158,465.0
719,1377302163,466.0
719,1377302168,470.0
719,1377302173,475.0
719,1377302178,471.0
719,1377302183,467.0
719,1377302188,467.0
719,1377302193,462.0
719,1377302198,470.0
719,1377302203,473.0
719,1377302208,471.0
719,1377302213,463.0
719,1377302218,470.0
719,1377302223,467.0
719,1377302228,470.0
719,1377302233,471.0
719,1377302238,471.0
719,1377302243,472.0
719,1377302248,467.0
719,1377302253,455.0
719,1377302258,454.0
719,1377302263,452.0
719,1377302268,448.0
719,1377302273,457.0
719,1377302278,461.0
719,1377302283,470.0
719,1377302288,476.0
719,1377302293,476.0
719,1377302298,473.0
719,1377302303,471.0
719,1377302308,472.0
719,1377302313,470.0
719,1377302318,467.0
719,1377302323,462.0
719,1377302328,460.0
719,1377302333,447.0
719,1377302338,443.0
719,1377302343,447.0
719,1377302348,454.0
719,1377302353,460.0
719,1377302358,464.0
719,1377302363,465.0
719,1377302368,472.0
719,1377302373,467.0
719,1377302378,472.0
719,1377302383,467.0
719,1377302388,465.0
719,1377302393,459.0
719,1377302398,459.0
719,1377302403,454.0
719,1377302408,447.0
719,1377302413,454.0
719,1377302418,456.0
719,1377302423,462.0
719,1377302428,465.0
719,1377302433,462.0
719,1377302438,468.0
719,1377302443,468.0
719,1377302448,462.0
719,1377302453,470.0
719,1377302458,462.0
719,1377302463,467.0
719,1377302468,466.0
719,1377302473,470.0
719,1377302478,467.0
719,1377302483,467.0
719,1377302488,467.0
719,1377302493,465.0
719,1377302498,467.0
719,1377302503,470.0
719,1377302508,463.0
719,1377302513,476.0
719,1377302518,467.0
719,1377302523,470.0
719,1377302528,468.0
719,1377302533,468.0
719,1377302538,468.0
719,1377302543,470.0
719,1377302548,468.0
719,1377302553,467.0
719,1377302558,460.0
719,1377302563,461.0
719,1377302568,465.0
719,1377302573,467.0
719,1377302578,466.0
719,1377302583,463.0
719,1377302588,468.0
719,1377302593,473.0
719,1377302598,470.0
719,1377302603,471.0
719,1377302608,480.0
719,1377302613,462.0
719,1377302618,465.0
719,1377302623,456.0
719,1377302628,454.0
719,1377302633,455.0
719,1377302638,455.0
719,1377302643,465.0
719,1377302648,480.0
719,1377302653,462.0
719,1377302658,462.0
719,1377302663,462.0
719,1377302668,465.0
719,1377302673,472.0
719,1377302678,476.0
719,1377302683,470.0
719,1377302688,472.0
719,1377302693,470.0
719,1377302698,472.0
719,1377302703,480.0
719,1377302708,467.0
719,1377302713,470.0
719,1377302718,472.0
719,1377302723,473.0
719,1377302728,471.0
719,1377302733,486.0
719,1377302738,476.0
719,1377302743,477.0
719,1377302748,483.0
719,1377302753,475.0
719,1377302758,470.0
719,1377302763,466.0
719,1377302768,465.0
719,1377302773,467.0
719,1377302778,470.0
719,1377302783,468.0
719,1377302788,467.0
719,1377302793,468.0
719,1377302798,460.0
719,1377302803,465.0
719,1377302808,455.0
719,1377302813,454.0
719,1377302818,460.0
719,1377302823,455.0
719,1377302828,460.0
719,1377302833,451.0
719,1377302838,452.0
719,1377302843,452.0
719,1377302848,447.0
719,1377302853,447.0
719,1377302858,457.0
719,1377302863,462.0
719,1377302868,467.0
719,1377302873,472.0
719,1377302878,472.0
719,1377302883,473.0
719,1377302888,482.0
719,1377302893,473.0
719,1377302898,475.0
719,1377302903,475.0
719,1377302908,475.0
719,1377302913,473.0
719,1377302918,467.0
719,1377302923,467.0
719,1377302928,472.0
719,1377302933,470.0
719,1377302938,476.0
719,1377302943,471.0
719,1377302948,481.0
719,1377302953,483.0
719,1377302958,482.0
719,1377302963,476.0
719,1377302968,476.0
719,1377302973,471.0
719,1377302978,473.0
719,1377302983,467.0
719,1377302988,467.0
719,1377302993,472.0
719,1377302998,472.0
719,1377303003,472.0
719,1377303008,465.0
719,1377303013,464.0
719,1377303018,455.0
719,1377303023,454.0
719,1377303028,457.0
719,1377303033,460.0
719,1377303038,455.0
719,1377303043,460.0
719,1377303048,466.0
719,1377303053,463.0
719,1377303058,473.0
719,1377303063,476.0
719,1377303068,471.0
719,1377303073,473.0
719,1377303078,470.0
719,1377303083,472.0
719,1377303088,473.0
719,1377303093,472.0
719,1377303098,468.0
719,1377303103,461.0
719,1377303108,467.0
719,1377303113,460.0
719,1377303118,465.0
719,1377303123,465.0
719,1377303128,468.0
719,1377303133,463.0
719,1377303138,482.0
719,1377303143,468.0
719,1377303148,468.0
719,1377303153,455.0
719,1377303158,465.0
719,1377303163,462.0
719,1377303168,468.0
719,1377303173,472.0
719,1377303178,472.0
719,1377303183,467.0
719,1377303188,462.0
719,1377303193,465.0
719,1377303198,460.0
719,1377303203,460.0
719,1377303208,461.0
719,1377303213,461.0
719,1377303218,461.0
719,1377303223,464.0
719,1377303228,455.0
719,1377303233,462.0
719,1377303238,460.0
719,1377303243,462.0
719,1377303248,462.0
719,1377303253,468.0
719,1377303258,472.0
719,1377303263,470.0
719,1377303268,472.0
719,1377303273,472.0
719,1377303278,463.0
719,1377303283,473.0
719,1377303288,471.0
719,1377303293,471.0
719,1377303298,467.0
719,1377303303,461.0
719,1377303308,461.0
719,1377303313,459.0
719,1377303318,455.0
719,1377303323,466.0
719,1377303328,465.0
719,1377303333,463.0
719,1377303338,468.0
719,1377303343,473.0
719,1377303348,480.0
719,1377303353,476.0
719,1377303358,476.0
719,1377303363,467.0
719,1377303368,467.0
719,1377303373,460.0
719,1377303378,464.0
719,1377303383,462.0
719,1377303388,464.0
719,1377303393,462.0
719,1377303398,461.0
719,1377303403,465.0
719,1377303408,465.0
719,1377303413,462.0
719,1377303418,467.0
719,1377303423,472.0
719,1377303428,470.0
719,1377303433,470.0
719,1377303438,472.0
719,1377303443,467.0
719,1377303448,473.0
719,1377303453,476.0
719,1377303458,471.0
719,1377303463,470.0
719,1377303468,467.0
719,1377303473,472.0
719,1377303478,465.0
719,1377303483,468.0
719,1377303488,460.0
719,1377303493,455.0
719,1377303498,462.0
719,1377303503,465.0
719,1377303508,465.0
719,1377303513,462.0
719,1377303518,462.0
719,1377303523,465.0
719,1377303528,457.0
719,1377303533,460.0
719,1377303538,465.0
719,1377303543,463.0
719,1377303548,470.0
719,1377303553,467.0
719,1377303558,470.0
719,1377303563,471.0
719,1377303568,467.0
719,1377303573,468.0
719,1377303578,462.0
719,1377303583,460.0
719,1377303588,465.0
719,1377303593,467.0
719,1377303598,480.0
719,1377303603,476.0
719,1377303608,475.0
719,1377303613,473.0
719,1377303618,473.0
719,1377303623,470.0
719,1377303628,463.0
719,1377303633,459.0
719,1377303638,462.0
719,1377303643,460.0
719,1377303648,459.0
719,1377303653,461.0
719,1377303658,463.0
719,1377303663,472.0
719,1377303668,463.0
719,1377303673,467.0
719,1377303678,464.0
719,1377303683,457.0
719,1377303688,457.0
719,1377303693,457.0
719,1377303698,451.0
719,1377303703,457.0
719,1377303708,461.0
719,1377303713,465.0
719,1377303718,465.0
719,1377303723,466.0
719,1377303728,462.0
719,1377303733,460.0
719,1377303738,454.0
719,1377303743,457.0
719,1377303748,452.0
719,1377303753,455.0
719,1377303758,464.0
719,1377303763,462.0
719,1377303768,459.0
719,1377303773,460.0
719,1377303778,462.0
719,1377303783,464.0
719,1377303788,466.0
719,1377303793,462.0
719,1377303798,465.0
719,1377303803,462.0
719,1377303808,467.0
719,1377303813,467.0
719,1377303818,463.0
719,1377303823,462.0
719,1377303828,467.0
719,1377303833,462.0
719,1377303838,467.0
719,1377303843,460.0
719,1377303848,455.0
719,1377303853,455.0
719,1377303858,462.0
719,1377303863,462.0
719,1377303868,454.0
719,1377303873,462.0
719,1377303878,462.0
719,1377303883,467.0
719,1377303888,472.0
719,1377303893,465.0
719,1377303898,465.0
719,1377303903,457.0
719,1377303908,457.0
719,1377303913,455.0
719,1377303918,457.0
719,1377303923,465.0
719,1377303928,461.0
719,1377303933,467.0
719,1377303938,465.0
719,1377303943,467.0
719,1377303948,472.0
719,1377303953,471.0
719,1377303958,470.0
719,1377303963,467.0
719,1377303968,461.0
719,1377303973,462.0
719,1377303978,464.0
719,1377303983,464.0
719,1377303988,462.0
719,1377303993,460.0
719,1377303998,465.0
719,1377304003,462.0
719,1377304008,461.0
719,1377304013,467.0
719,1377304018,467.0
719,1377304023,468.0
719,1377304028,461.0
719,1377304033,465.0
719,1377304038,465.0
719,1377304043,462.0
719,1377304048,465.0
719,1377304053,462.0
719,1377304058,461.0
719,1377304063,460.0
719,1377304068,457.0
719,1377304073,461.0
719,1377304078,465.0
719,1377304083,472.0
719,1377304088,472.0
719,1377304093,473.0
719,1377304098,472.0
719,1377304103,462.0
719,1377304108,461.0
719,1377304113,460.0
719,1377304118,454.0
719,1377304123,459.0
719,1377304128,462.0
719,1377304133,460.0
719,1377304138,468.0
719,1377304143,462.0
719,1377304148,470.0
719,1377304153,465.0
719,1377304158,459.0
719,1377304163,457.0
719,1377304168,451.0
719,1377304173,456.0
719,1377304178,454.0
719,1377304183,448.0
719,1377304188,448.0
719,1377304193,443.0
719,1377304198,460.0
719,1377304203,459.0
719,1377304208,465.0
719,1377304213,465.0
719,1377304218,462.0
719,1377304223,462.0
719,1377304228,460.0
719,1377304233,460.0
719,1377304238,462.0
719,1377304243,465.0
719,1377304248,470.0
719,1377304253,473.0
719,1377304258,470.0
719,1377304263,472.0
719,1377304268,467.0
719,1377304273,467.0
719,1377304278,462.0
719,1377304283,460.0
719,1377304288,448.0
719,1377304293,444.0
719,1377304298,438.0
719,1377304303,445.0
719,1377304308,451.0
719,1377304313,454.0
719,1377304318,454.0
719,1377304323,451.0
719,1377304328,454.0
719,1377304333,460.0
719,1377304338,455.0
719,1377304343,457.0
719,1377304348,457.0
719,1377304353,457.0
719,1377304358,452.0
719,1377304363,454.0
719,1377304368,456.0
719,1377304373,462.0
719,1377304378,464.0
719,1377304383,465.0
719,1377304388,461.0
719,1377304393,457.0
719,1377304398,456.0
719,1377304403,447.0
719,1377304408,447.0
719,1377304413,450.0
719,1377304418,450.0
719,1377304423,447.0
719,1377304428,447.0
719,1377304433,454.0
719,1377304438,455.0
719,1377304443,460.0
719,1377304448,465.0
719,1377304453,460.0
719,1377304458,447.0
719,1377304463,443.0
719,1377304468,443.0
719,1377304473,443.0
719,1377304478,443.0
719,1377304483,452.0
719,1377304488,457.0
719,1377304493,460.0
719,1377304498,465.0
719,1377304503,461.0
719,1377304508,465.0
719,1377304513,462.0
719,1377304518,455.0
719,1377304523,455.0
719,1377304528,454.0
719,1377304533,457.0
719,1377304538,454.0
719,1377304543,462.0
719,1377304548,462.0
719,1377304553,460.0
719,1377304558,460.0
719,1377304563,454.0
719,1377304568,455.0
719,1377304573,454.0
719,1377304578,457.0
719,1377304583,460.0
719,1377304588,460.0
719,1377304593,462.0
719,1377304598,460.0
719,1377304603,461.0
719,1377304608,464.0
719,1377304613,467.0
719,1377304618,465.0
719,1377304623,464.0
719,1377304628,457.0
719,1377304633,451.0
719,1377304638,447.0
719,1377304643,447.0
719,1377304648,460.0
719,1377304653,462.0
719,1377304658,461.0
719,1377304663,454.0
719,1377304668,452.0
719,1377304673,439.0
719,1377304678,441.0
719,1377304683,451.0
719,1377304688,454.0
719,1377304693,455.0
719,1377304698,455.0
719,1377304703,457.0
719,1377304708,448.0
719,1377304713,443.0
719,1377304718,441.0
719,1377304723,446.0
719,1377304728,443.0
719,1377304733,444.0
719,1377304738,443.0
719,1377304743,454.0
719,1377304748,450.0
719,1377304753,452.0
719,1377304758,450.0
719,1377304763,456.0
719,1377304768,447.0
719,1377304773,452.0
719,1377304778,454.0
719,1377304783,449.0
719,1377304788,443.0
719,1377304793,448.0
719,1377304798,443.0
719,1377304803,441.0
719,1377304808,454.0
719,1377304813,451.0
719,1377304818,457.0
719,1377304823,459.0
719,1377304828,457.0
719,1377304833,460.0
719,1377304838,451.0
719,1377304843,450.0
719,1377304848,452.0
719,1377304853,448.0
719,1377304858,439.0
719,1377304863,444.0
719,1377304868,450.0
719,1377304873,439.0
719,1377304878,443.0
719,1377304883,447.0
719,1377304888,447.0
719,1377304893,452.0
719,1377304898,443.0
719,1377304903,447.0
719,1377304908,451.0
719,1377304913,449.0
719,1377304918,457.0
719,1377304923,455.0
719,1377304928,455.0
719,1377304933,462.0
719,1377304938,454.0
719,1377304943,450.0
719,1377304948,451.0
719,1377304953,456.0
719,1377304958,460.0
719,1377304963,460.0
719,1377304968,460.0
719,1377304973,460.0
719,1377304978,451.0
719,1377304983,457.0
719,1377304988,456.0
719,1377304993,460.0
719,1377304998,462.0
719,1377305003,451.0
719,1377305008,448.0
719,1377305013,448.0
719,1377305018,441.0
719,1377305023,447.0
719,1377305028,454.0
719,1377305033,461.0
719,1377305038,465.0
719,1377305043,467.0
719,1377305048,463.0
719,1377305053,465.0
719,1377305058,460.0
719,1377305063,456.0
719,1377305068,452.0
719,1377305073,449.0
719,1377305078,443.0
719,1377305083,447.0
719,1377305088,447.0
719,1377305093,455.0
719,1377305098,460.0
719,1377305103,465.0
719,1377305108,465.0
719,1377305113,465.0
719,1377305118,460.0
719,1377305123,456.0
719,1377305128,455.0
719,1377305133,454.0
719,1377305138,460.0
719,1377305143,460.0
719,1377305148,465.0
719,1377305153,457.0
719,1377305158,460.0
719,1377305163,457.0
719,1377305168,447.0
719,1377305173,443.0
719,1377305178,443.0
719,1377305183,447.0
719,1377305188,452.0
719,1377305193,447.0
719,1377305198,456.0
719,1377305203,451.0
719,1377305208,454.0
719,1377305213,441.0
719,1377305218,439.0
719,1377305223,444.0
719,1377305228,439.0
719,1377305233,443.0
719,1377305238,454.0
719,1377305243,460.0
719,1377305248,456.0
719,1377305253,447.0
719,1377305258,443.0
719,1377305263,454.0
719,1377305268,448.0
719,1377305273,443.0
719,1377305278,443.0
719,1377305283,448.0
719,1377305288,443.0
719,1377305293,439.0
719,1377305298,448.0
719,1377305303,443.0
719,1377305308,447.0
719,1377305313,450.0
719,1377305318,443.0
719,1377305323,448.0
719,1377305328,443.0
719,1377305333,452.0
719,1377305338,454.0
719,1377305343,454.0
719,1377305348,448.0
719,1377305353,448.0
719,1377305358,439.0
719,1377305363,441.0
719,1377305368,443.0
719,1377305373,448.0
719,1377305378,446.0
719,1377305383,454.0
719,1377305388,455.0
719,1377305393,452.0
719,1377305398,462.0
719,1377305403,464.0
719,1377305408,460.0
719,1377305413,462.0
719,1377305418,455.0
719,1377305423,456.0
719,1377305428,452.0
719,1377305433,441.0
719,1377305438,440.0
719,1377305443,441.0
719,1377305448,443.0
719,1377305453,448.0
719,1377305458,452.0
719,1377305463,449.0
719,1377305468,452.0
719,1377305473,452.0
719,1377305478,447.0
719,1377305483,448.0
719,1377305488,449.0
719,1377305493,448.0
719,1377305498,443.0
719,1377305503,454.0
719,1377305508,444.0
719,1377305513,443.0
719,1377305518,441.0
719,1377305523,448.0
719,1377305528,441.0
719,1377305533,441.0
719,1377305538,436.0
719,1377305543,440.0
719,1377305548,446.0
719,1377305553,441.0
719,1377305558,444.0
719,1377305563,441.0
719,1377305568,450.0
719,1377305573,439.0
719,1377305578,448.0
719,1377305583,443.0
719,1377305588,450.0
719,1377305593,448.0
719,1377305598,448.0
719,1377305603,452.0
719,1377305608,447.0
719,1377305613,447.0
719,1377305618,452.0
719,1377305623,439.0
719,1377305628,454.0
719,1377305633,448.0
719,1377305638,454.0
719,1377305643,443.0
719,1377305648,452.0
719,1377305653,452.0
719,1377305658,452.0
719,1377305663,448.0
719,1377305668,439.0
719,1377305673,439.0
719,1377305678,443.0
719,1377305683,448.0
719,1377305688,448.0
719,1377305693,448.0
719,1377305698,448.0
719,1377305703,443.0
719,1377305708,443.0
719,1377305713,444.0
719,1377305718,443.0
719,1377305723,450.0
719,1377305728,448.0
719,1377305733,446.0
719,1377305738,440.0
719,1377305743,436.0
719,1377305748,441.0
719,1377305753,452.0
719,1377305758,451.0
719,1377305763,456.0
719,1377305768,452.0
719,1377305773,462.0
719,1377305778,447.0
719,1377305783,447.0
719,1377305788,447.0
719,1377305793,447.0
719,1377305798,454.0
719,1377305803,447.0
719,1377305808,439.0
719,1377305813,443.0
719,1377305818,443.0
719,1377305823,438.0
719,1377305828,436.0
719,1377305833,440.0
719,1377305838,435.0
719,1377305843,444.0
719,1377305848,441.0
719,1377305853,444.0
719,1377305858,444.0
719,1377305863,439.0
719,1377305868,448.0
719,1377305873,441.0
719,1377305878,448.0
719,1377305883,441.0
719,1377305888,450.0
719,1377305893,448.0
719,1377305898,443.0
719,1377305903,438.0
719,1377305908,444.0
719,1377305913,440.0
719,1377305918,438.0
719,1377305923,441.0
719,1377305928,443.0
719,1377305933,448.0
719,1377305938,448.0
719,1377305943,445.0
719,1377305948,444.0
719,1377305953,441.0
719,1377305958,440.0
719,1377305963,439.0
719,1377305968,439.0
719,1377305973,448.0
719,1377305978,448.0
719,1377305983,443.0
719,1377305988,452.0
719,1377305993,452.0
719,1377305998,452.0
719,1377306003,455.0
719,1377306008,452.0
719,1377306013,452.0
719,1377306018,456.0
719,1377306023,451.0
719,1377306028,448.0
719,1377306033,448.0
719,1377306038,439.0
719,1377306043,435.0
719,1377306048,433.0
719,1377306053,430.0
719,1377306058,433.0
719,1377306063,435.0
719,1377306068,438.0
719,1377306073,452.0
719,1377306078,454.0
719,1377306083,460.0
719,1377306088,457.0
719,1377306093,457.0
719,1377306098,455.0
719,1377306103,452.0
719,1377306108,443.0
719,1377306113,439.0
719,1377306118,439.0
719,1377306123,439.0
719,1377306128,441.0
719,1377306133,448.0
719,1377306138,448.0
719,1377306143,448.0
719,1377306148,445.0
719,1377306153,441.0
719,1377306158,441.0
719,1377306163,440.0
719,1377306168,435.0
719,1377306173,440.0
719,1377306178,440.0
719,1377306183,439.0
719,1377306188,441.0
719,1377306193,444.0
719,1377306198,440.0
719,1377306203,441.0
719,1377306208,439.0
719,1377306213,450.0
719,1377306218,439.0
719,1377306223,436.0
719,1377306228,434.0
719,1377306233,429.0
719,1377306238,436.0
719,1377306243,438.0
719,1377306248,438.0
719,1377306253,439.0
719,1377306258,435.0
719,1377306263,444.0
719,1377306268,438.0
719,1377306273,446.0
719,1377306278,438.0
719,1377306283,441.0
719,1377306288,438.0
719,1377306293,441.0
719,1377306298,444.0
719,1377306303,444.0
719,1377306308,448.0
719,1377306313,446.0
719,1377306318,443.0
719,1377306323,441.0
719,1377306328,439.0
719,1377306333,444.0
719,1377306338,438.0
719,1377306343,431.0
719,1377306348,435.0
719,1377306353,430.0
719,1377306358,428.0
719,1377306363,430.0
719,1377306368,433.0
719,1377306373,438.0
719,1377306378,444.0
719,1377306383,446.0
719,1377306388,446.0
719,1377306393,448.0
719,1377306398,443.0
719,1377306403,444.0
719,1377306408,441.0
719,1377306413,435.0
719,1377306418,435.0
719,1377306423,429.0
719,1377306428,428.0
719,1377306433,433.0
719,1377306438,429.0
719,1377306443,430.0
719,1377306448,430.0
719,1377306453,423.0
719,1377306458,425.0
719,1377306463,430.0
719,1377306468,429.0
719,1377306473,433.0
719,1377306478,433.0
719,1377306483,438.0
719,1377306488,430.0
719,1377306493,429.0
719,1377306498,430.0
719,1377306503,440.0
719,1377306508,444.0
719,1377306513,439.0
719,1377306518,433.0
719,1377306523,430.0
719,1377306528,430.0
719,1377306533,435.0
719,1377306538,433.0
719,1377306543,450.0
719,1377306548,438.0
719,1377306553,440.0
719,1377306558,446.0
719,1377306563,440.0
719,1377306568,436.0
719,1377306573,429.0
719,1377306578,436.0
719,1377306583,440.0
719,1377306588,440.0
719,1377306593,444.0
719,1377306598,444.0
719,1377306603,439.0
719,1377306608,444.0
719,1377306613,439.0
719,1377306618,441.0
719,1377306623,440.0
719,1377306628,440.0
719,1377306633,433.0
719,1377306638,433.0
719,1377306643,433.0
719,1377306648,440.0
719,1377306653,441.0
719,1377306658,441.0
719,1377306663,429.0
719,1377306668,430.0
719,1377306673,423.0
719,1377306678,430.0
719,1377306683,435.0
719,1377306688,440.0
719,1377306693,439.0
719,1377306698,441.0
719,1377306703,440.0
719,1377306708,433.0
719,1377306713,430.0
719,1377306718,433.0
719,1377306723,432.0
719,1377306728,423.0
719,1377306733,432.0
719,1377306738,428.0
719,1377306743,435.0
719,1377306748,429.0
719,1377306753,435.0
719,1377306758,430.0
719,1377306763,435.0
719,1377306768,435.0
719,1377306773,431.0
719,1377306778,430.0
719,1377306783,430.0
719,1377306788,432.0
719,1377306793,435.0
719,1377306798,433.0
719,1377306803,435.0
719,1377306808,433.0
719,1377306813,430.0
719,1377306818,428.0
719,1377306823,422.0
719,1377306828,424.0
719,1377306833,428.0
719,1377306838,423.0
719,1377306843,428.0
719,1377306848,429.0
719,1377306853,435.0
719,1377306858,439.0
719,1377306863,435.0
719,1377306868,436.0
719,1377306873,430.0
719,1377306878,433.0
719,1377306883,430.0
719,1377306888,429.0
719,1377306893,425.0
719,1377306898,430.0
719,1377306903,428.0
719,1377306908,435.0
719,1377306913,439.0
719,1377306918,443.0
719,1377306923,440.0
719,1377306928,432.0
719,1377306933,422.0
719,1377306938,411.0
719,1377306943,422.0
719,1377306948,430.0
719,1377306953,433.0
719,1377306958,429.0
719,1377306963,429.0
719,1377306968,433.0
719,1377306973,430.0
719,1377306978,433.0
719,1377306983,430.0
719,1377306988,438.0
719,1377306993,441.0
719,1377306998,441.0
719,1377307003,448.0
719,1377307008,441.0
719,1377307013,443.0
719,1377307018,435.0
719,1377307023,438.0
719,1377307028,428.0
719,1377307033,430.0
719,1377307038,433.0
719,1377307043,430.0
719,1377307048,430.0
719,1377307053,430.0
719,1377307058,425.0
719,1377307063,428.0
719,1377307068,425.0
719,1377307073,430.0
719,1377307078,425.0
719,1377307083,429.0
719,1377307088,429.0
719,1377307093,429.0
719,1377307098,438.0
719,1377307103,440.0
719,1377307108,440.0
719,1377307113,438.0
719,1377307118,446.0
719,1377307123,438.0
719,1377307128,433.0
719,1377307133,423.0
719,1377307138,423.0
719,1377307143,423.0
719,1377307148,425.0
719,1377307153,425.0
719,1377307158,427.0
719,1377307163,428.0
719,1377307168,433.0
719,1377307173,429.0
719,1377307178,433.0
719,1377307183,430.0
719,1377307188,428.0
719,1377307193,429.0
719,1377307198,435.0
719,1377307203,430.0
719,1377307208,433.0
719,1377307213,429.0
719,1377307218,423.0
719,1377307223,430.0
719,1377307228,430.0
719,1377307233,430.0
719,1377307238,423.0
719,1377307243,428.0
719,1377307248,425.0
719,1377307253,419.0
719,1377307258,415.0
719,1377307263,422.0
719,1377307268,430.0
719,1377307273,433.0
719,1377307278,439.0
719,1377307283,440.0
719,1377307288,433.0
719,1377307293,430.0
719,1377307298,425.0
719,1377307303,428.0
719,1377307308,428.0
719,1377307313,425.0
719,1377307318,422.0
719,1377307323,422.0
719,1377307328,412.0
719,1377307333,407.0
719,1377307338,409.0
719,1377307343,412.0
719,1377307348,415.0
719,1377307353,425.0
719,1377307358,429.0
719,1377307363,433.0
719,1377307368,432.0
719,1377307373,428.0
719,1377307378,430.0
719,1377307383,425.0
719,1377307388,427.0
719,1377307393,427.0
719,1377307398,432.0
719,1377307403,438.0
719,1377307408,438.0
719,1377307413,438.0
719,1377307418,443.0
719,1377307423,441.0
719,1377307428,444.0
719,1377307433,438.0
719,1377307438,429.0
719,1377307443,430.0
719,1377307448,423.0
719,1377307453,428.0
719,1377307458,425.0
719,1377307463,423.0
719,1377307468,424.0
719,1377307473,428.0
719,1377307478,423.0
719,1377307483,428.0
719,1377307488,430.0
719,1377307493,427.0
719,1377307498,428.0
719,1377307503,425.0
719,1377307508,425.0
719,1377307513,423.0
719,1377307518,423.0
719,1377307523,430.0
719,1377307528,427.0
719,1377307533,423.0
719,1377307538,428.0
719,1377307543,423.0
719,1377307548,430.0
719,1377307553,425.0
719,1377307558,428.0
719,1377307563,430.0
719,1377307568,433.0
719,1377307573,436.0
719,1377307578,440.0
719,1377307583,435.0
719,1377307588,431.0
719,1377307593,438.0
719,1377307598,427.0
719,1377307603,424.0
719,1377307608,424.0
719,1377307613,422.0
719,1377307618,425.0
719,1377307623,423.0
719,1377307628,425.0
719,1377307633,419.0
719,1377307638,423.0
719,1377307643,428.0
719,1377307648,428.0
719,1377307653,425.0
719,1377307658,430.0
719,1377307663,424.0
719,1377307668,425.0
719,1377307673,413.0
719,1377307678,419.0
719,1377307683,422.0
719,1377307688,425.0
719,1377307693,423.0
719,1377307698,427.0
719,1377307703,428.0
719,1377307708,433.0
719,1377307713,430.0
719,1377307718,430.0
719,1377307723,428.0
719,1377307728,428.0
719,1377307733,430.0
719,1377307738,427.0
719,1377307743,425.0
719,1377307748,428.0
719,1377307753,428.0
719,1377307758,423.0
719,1377307763,433.0
719,1377307768,435.0
719,1377307773,433.0
719,1377307778,433.0
719,1377307783,440.0
719,1377307788,435.0
719,1377307793,439.0
719,1377307798,438.0
719,1377307803,438.0
719,1377307808,434.0
719,1377307813,429.0
719,1377307818,433.0
719,1377307823,425.0
719,1377307828,425.0
719,1377307833,424.0
719,1377307838,424.0
719,1377307843,420.0
719,1377307848,425.0
719,1377307853,423.0
719,1377307858,430.0
719,1377307863,435.0
719,1377307868,436.0
719,1377307873,441.0
719,1377307878,439.0
719,1377307883,438.0
719,1377307888,440.0
719,1377307893,436.0
719,1377307898,433.0
719,1377307903,424.0
719,1377307908,419.0
719,1377307913,411.0
719,1377307918,418.0
719,1377307923,411.0
719,1377307928,424.0
719,1377307933,428.0
719,1377307938,430.0
719,1377307943,423.0
719,1377307948,423.0
719,1377307953,417.0
719,1377307958,419.0
719,1377307963,422.0
719,1377307968,423.0
719,1377307973,423.0
719,1377307978,423.0
719,1377307983,427.0
719,1377307988,425.0
719,1377307993,432.0
719,1377307998,432.0
719,1377308003,434.0
719,1377308008,432.0
719,1377308013,423.0
719,1377308018,432.0
719,1377308023,430.0
719,1377308028,430.0
719,1377308033,430.0
719,1377308038,420.0
719,1377308043,417.0
719,1377308048,407.0
719,1377308053,407.0
719,1377308058,412.0
719,1377308063,420.0
719,1377308068,428.0
719,1377308073,425.0
719,1377308078,432.0
719,1377308083,433.0
719,1377308088,430.0
719,1377308093,432.0
719,1377308098,432.0
719,1377308103,427.0
719,1377308108,430.0
719,1377308113,429.0
719,1377308118,433.0
719,1377308123,430.0
719,1377308128,436.0
719,1377308133,434.0
719,1377308138,433.0
719,1377308143,423.0
719,1377308148,428.0
719,1377308153,425.0
719,1377308158,430.0
719,1377308163,430.0
719,1377308168,427.0
719,1377308173,428.0
719,1377308178,430.0
719,1377308183,423.0
719,1377308188,423.0
719,1377308193,425.0
719,1377308198,419.0
719,1377308203,424.0
719,1377308208,422.0
719,1377308213,423.0
719,1377308218,429.0
719,1377308223,433.0
719,1377308228,434.0
719,1377308233,427.0
719,1377308238,419.0
719,1377308243,411.0
719,1377308248,407.0
719,1377308253,412.0
719,1377308258,412.0
719,1377308263,418.0
719,1377308268,415.0
719,1377308273,419.0
719,1377308278,413.0
719,1377308283,418.0
719,1377308288,413.0
719,1377308293,417.0
719,1377308298,420.0
719,1377308303,413.0
719,1377308308,420.0
719,1377308313,416.0
719,1377308318,419.0
719,1377308323,413.0
719,1377308328,420.0
719,1377308333,416.0
719,1377308338,422.0
719,1377308343,419.0
719,1377308348,415.0
719,1377308353,413.0
719,1377308358,415.0
719,1377308363,413.0
719,1377308368,413.0
719,1377308373,417.0
719,1377308378,413.0
719,1377308383,407.0
719,1377308388,411.0
719,1377308393,413.0
719,1377308398,419.0
719,1377308403,425.0
719,1377308408,423.0
719,1377308413,425.0
719,1377308418,425.0
719,1377308423,413.0
719,1377308428,413.0
719,1377308433,422.0
719,1377308438,419.0
719,1377308443,420.0
719,1377308448,413.0
719,1377308453,420.0
719,1377308458,419.0
719,1377308463,418.0
719,1377308468,425.0
719,1377308473,425.0
719,1377308478,428.0
719,1377308483,428.0
719,1377308488,422.0
719,1377308493,422.0
719,1377308498,425.0
719,1377308503,425.0
719,1377308508,411.0
719,1377308513,407.0
719,1377308518,416.0
719,1377308523,413.0
719,1377308528,413.0
719,1377308533,411.0
719,1377308538,411.0
719,1377308543,417.0
719,1377308548,410.0
719,1377308553,412.0
719,1377308558,407.0
719,1377308563,416.0
719,1377308568,419.0
719,1377308573,419.0
719,1377308578,423.0
719,1377308583,423.0
719,1377308588,430.0
719,1377308593,425.0
719,1377308598,428.0
719,1377308603,425.0
719,1377308608,425.0
719,1377308613,425.0
719,1377308618,430.0
719,1377308623,423.0
719,1377308628,428.0
719,1377308633,424.0
719,1377308638,425.0
719,1377308643,425.0
719,1377308648,423.0
719,1377308653,430.0
719,1377308658,428.0
719,1377308663,422.0
719,1377308668,422.0
719,1377308673,413.0
719,1377308678,430.0
719,1377308683,418.0
719,1377308688,419.0
719,1377308693,424.0
719,1377308698,424.0
719,1377308703,424.0
719,1377308708,423.0
719,1377308713,423.0
719,1377308718,424.0
719,1377308723,424.0
719,1377308728,424.0
719,1377308733,418.0
719,1377308738,422.0
719,1377308743,419.0
719,1377308748,422.0
719,1377308753,424.0
719,1377308758,424.0
719,1377308763,423.0
719,1377308768,419.0
719,1377308773,422.0
719,1377308778,411.0
719,1377308783,419.0
719,1377308788,420.0
719,1377308793,419.0
719,1377308798,419.0
719,1377308803,430.0
719,1377308808,425.0
719,1377308813,422.0
719,1377308818,428.0
719,1377308823,427.0
719,1377308828,423.0
719,1377308833,424.0
719,1377308838,415.0
719,1377308843,413.0
719,1377308848,419.0
719,1377308853,419.0
719,1377308858,413.0
719,1377308863,419.0
719,1377308868,420.0
719,1377308873,418.0
719,1377308878,422.0
719,1377308883,424.0
719,1377308888,428.0
719,1377308893,424.0
719,1377308898,430.0
719,1377308903,413.0
719,1377308908,415.0
719,1377308913,418.0
719,1377308918,418.0
719,1377308923,419.0
719,1377308928,424.0
719,1377308933,419.0
719,1377308938,422.0
719,1377308943,411.0
719,1377308948,419.0
719,1377308953,413.0
719,1377308958,416.0
719,1377308963,413.0
719,1377308968,417.0
719,1377308973,419.0
719,1377308978,427.0
719,1377308983,433.0
719,1377308988,429.0
719,1377308993,433.0
719,1377308998,425.0
719,1377309003,425.0
719,1377309008,423.0
719,1377309013,423.0
719,1377309018,420.0
719,1377309023,422.0
719,1377309028,425.0
719,1377309033,425.0
719,1377309038,430.0
719,1377309043,427.0
719,1377309048,422.0
719,1377309053,420.0
719,1377309058,412.0
719,1377309063,407.0
719,1377309068,417.0
719,1377309073,419.0
719,1377309078,422.0
719,1377309083,424.0
719,1377309088,424.0
719,1377309093,420.0
719,1377309098,411.0
719,1377309103,409.0
719,1377309108,407.0
719,1377309113,419.0
719,1377309118,424.0
719,1377309123,430.0
719,1377309128,432.0
719,1377309133,423.0
719,1377309138,430.0
719,1377309143,424.0
719,1377309148,425.0
719,1377309153,422.0
719,1377309158,422.0
719,1377309163,413.0
719,1377309168,412.0
719,1377309173,409.0
719,1377309178,411.0
719,1377309183,411.0
719,1377309188,416.0
719,1377309193,420.0
719,1377309198,415.0
719,1377309203,413.0
719,1377309208,418.0
719,1377309213,413.0
719,1377309218,414.0
719,1377309223,408.0
719,1377309228,404.0
719,1377309233,404.0
719,1377309238,408.0
719,1377309243,412.0
719,1377309248,422.0
719,1377309253,424.0
719,1377309258,422.0
719,1377309263,422.0
719,1377309268,413.0
719,1377309273,416.0
719,1377309278,407.0
719,1377309283,412.0
719,1377309288,407.0
719,1377309293,407.0
719,1377309298,411.0
719,1377309303,418.0
719,1377309308,420.0
719,1377309313,419.0
719,1377309318,412.0
719,1377309323,411.0
719,1377309328,408.0
719,1377309333,403.0
719,1377309338,404.0
719,1377309343,406.0
719,1377309348,408.0
719,1377309353,407.0
719,1377309358,416.0
719,1377309363,411.0
719,1377309368,419.0
719,1377309373,420.0
719,1377309378,416.0
719,1377309383,418.0
719,1377309388,418.0
719,1377309393,412.0
719,1377309398,407.0
719,1377309403,418.0
719,1377309408,412.0
719,1377309413,413.0
719,1377309418,418.0
719,1377309423,416.0
719,1377309428,411.0
719,1377309433,412.0
719,1377309438,417.0
719,1377309443,411.0
719,1377309448,416.0
719,1377309453,411.0
719,1377309458,411.0
719,1377309463,412.0
719,1377309468,417.0
719,1377309473,419.0
719,1377309478,419.0
719,1377309483,418.0
719,1377309488,422.0
719,1377309493,411.0
719,1377309498,412.0
719,1377309503,412.0
719,1377309508,412.0
719,1377309513,418.0
719,1377309518,411.0
719,1377309523,418.0
719,1377309528,423.0
719,1377309533,423.0
719,1377309538,422.0
719,1377309543,419.0
719,1377309548,424.0
719,1377309553,428.0
719,1377309558,425.0
719,1377309563,424.0
719,1377309568,413.0
719,1377309573,413.0
719,1377309578,414.0
719,1377309583,414.0
719,1377309588,407.0
719,1377309593,407.0
719,1377309598,409.0
719,1377309603,418.0
719,1377309608,422.0
719,1377309613,422.0
719,1377309618,411.0
719,1377309623,413.0
719,1377309628,412.0
719,1377309633,406.0
719,1377309638,403.0
719,1377309643,407.0
719,1377309648,411.0
719,1377309653,414.0
719,1377309658,411.0
719,1377309663,409.0
719,1377309668,412.0
719,1377309673,418.0
719,1377309678,407.0
719,1377309683,403.0
719,1377309688,412.0
719,1377309693,409.0
719,1377309698,411.0
719,1377309703,407.0
719,1377309708,416.0
719,1377309713,418.0
719,1377309718,417.0
719,1377309723,422.0
719,1377309728,419.0
719,1377309733,418.0
719,1377309738,407.0
719,1377309743,413.0
719,1377309748,420.0
719,1377309753,425.0
719,1377309758,420.0
719,1377309763,424.0
719,1377309768,419.0
719,1377309773,413.0
719,1377309778,415.0
719,1377309783,422.0
719,1377309788,420.0
719,1377309793,423.0
719,1377309798,419.0
719,1377309803,424.0
719,1377309808,420.0
719,1377309813,422.0
719,1377309818,415.0
719,1377309823,413.0
719,1377309828,419.0
719,1377309833,415.0
719,1377309838,419.0
719,1377309843,419.0
719,1377309848,420.0
719,1377309853,419.0
719,1377309858,412.0
719,1377309863,418.0
719,1377309868,418.0
719,1377309873,416.0
719,1377309878,419.0
719,1377309883,416.0
719,1377309888,418.0
719,1377309893,407.0
719,1377309898,406.0
719,1377309903,406.0
719,1377309908,407.0
719,1377309913,407.0
719,1377309918,414.0
719,1377309923,412.0
719,1377309928,412.0
719,1377309933,414.0
719,1377309938,407.0
719,1377309943,408.0
719,1377309948,404.0
719,1377309953,403.0
719,1377309958,406.0
719,1377309963,414.0
719,1377309968,411.0
719,1377309973,415.0
719,1377309978,419.0
719,1377309983,422.0
719,1377309988,417.0
719,1377309993,419.0
719,1377309998,419.0
719,1377310003,422.0
719,1377310008,413.0
719,1377310013,417.0
719,1377310018,412.0
719,1377310023,422.0
719,1377310028,412.0
719,1377310033,418.0
719,1377310038,413.0
719,1377310043,413.0
719,1377310048,407.0
719,1377310053,414.0
719,1377310058,411.0
719,1377310063,419.0
719,1377310068,425.0
719,1377310073,424.0
719,1377310078,423.0
719,1377310083,414.0
719,1377310088,417.0
719,1377310093,411.0
719,1377310098,411.0
719,1377310103,417.0
719,1377310108,422.0
719,1377310113,409.0
719,1377310118,414.0
719,1377310123,411.0
719,1377310128,407.0
719,1377310133,407.0
719,1377310138,407.0
719,1377310143,408.0
719,1377310148,408.0
719,1377310153,408.0
719,1377310158,412.0
719,1377310163,409.0
719,1377310168,416.0
719,1377310173,407.0
719,1377310178,414.0
719,1377310183,407.0
719,1377310188,417.0
719,1377310193,417.0
719,1377310198,411.0
719,1377310203,407.0
719,1377310208,409.0
719,1377310213,406.0
719,1377310218,412.0
719,1377310223,416.0
719,1377310228,417.0
719,1377310233,420.0
719,1377310238,422.0
719,1377310243,411.0
719,1377310248,411.0
719,1377310253,411.0
719,1377310258,412.0
719,1377310263,407.0
719,1377310268,407.0
719,1377310273,414.0
719,1377310278,409.0
719,1377310283,409.0
719,1377310288,414.0
719,1377310293,412.0
719,1377310298,413.0
719,1377310303,422.0
719,1377310308,411.0
719,1377310313,413.0
719,1377310318,407.0
719,1377310323,409.0
719,1377310328,409.0
719,1377310333,412.0
719,1377310338,412.0
719,1377310343,407.0
719,1377310348,403.0
719,1377310353,403.0
719,1377310358,408.0
719,1377310363,411.0
719,1377310368,415.0
719,1377310373,415.0
719,1377310378,424.0
719,1377310383,424.0
719,1377310388,425.0
719,1377310393,424.0
719,1377310398,423.0
719,1377310403,415.0
719,1377310408,419.0
719,1377310413,413.0
719,1377310418,418.0
719,1377310423,407.0
719,1377310428,407.0
719,1377310433,413.0
719,1377310438,411.0
719,1377310443,413.0
719,1377310448,409.0
719,1377310453,407.0
719,1377310458,416.0
719,1377310463,406.0
719,1377310468,407.0
719,1377310473,407.0
719,1377310478,411.0
719,1377310483,422.0
719,1377310488,413.0
719,1377310493,413.0
719,1377310498,412.0
719,1377310503,412.0
719,1377310508,414.0
719,1377310513,407.0
719,1377310518,412.0
719,1377310523,422.0
719,1377310528,412.0
719,1377310533,411.0
719,1377310538,409.0
719,1377310543,422.0
719,1377310548,412.0
719,1377310553,411.0
719,1377310558,411.0
719,1377310563,409.0
719,1377310568,404.0
719,1377310573,403.0
719,1377310578,403.0
719,1377310583,412.0
719,1377310588,409.0
719,1377310593,416.0
719,1377310598,412.0
719,1377310603,414.0
719,1377310608,412.0
719,1377310613,408.0
719,1377310618,408.0
719,1377310623,408.0
719,1377310628,406.0
719,1377310633,409.0
719,1377310638,409.0
719,1377310643,406.0
719,1377310648,408.0
719,1377310653,406.0
719,1377310658,414.0
719,1377310663,416.0
719,1377310668,419.0
719,1377310673,413.0
719,1377310678,419.0
719,1377310683,413.0
719,1377310688,417.0
719,1377310693,418.0
719,1377310698,412.0
719,1377310703,418.0
719,1377310708,417.0
719,1377310713,413.0
719,1377310718,422.0
719,1377310723,420.0
719,1377310728,422.0
719,1377310733,419.0
719,1377310738,417.0
719,1377310743,413.0
719,1377310748,411.0
719,1377310753,416.0
719,1377310758,408.0
719,1377310763,407.0
719,1377310768,416.0
719,1377310773,411.0
719,1377310778,416.0
719,1377310783,415.0
719,1377310788,416.0
719,1377310793,411.0
719,1377310798,411.0
719,1377310803,413.0
719,1377310808,407.0
719,1377310813,411.0
719,1377310818,411.0
719,1377310823,412.0
719,1377310828,422.0
719,1377310833,415.0
719,1377310838,422.0
719,1377310843,418.0
719,1377310848,412.0
719,1377310853,403.0
719,1377310858,403.0
719,1377310863,414.0
719,1377310868,416.0
719,1377310873,417.0
719,1377310878,413.0
719,1377310883,416.0
719,1377310888,407.0
719,1377310893,407.0
719,1377310898,407.0
719,1377310903,399.0
719,1377310908,408.0
719,1377310913,409.0
719,1377310918,409.0
719,1377310923,416.0
719,1377310928,409.0
719,1377310933,412.0
719,1377310938,407.0
719,1377310943,407.0
719,1377310948,414.0
719,1377310953,418.0
719,1377310958,412.0
719,1377310963,412.0
719,1377310968,407.0
719,1377310973,414.0
719,1377310978,411.0
719,1377310983,411.0
719,1377310988,422.0
719,1377310993,411.0
719,1377310998,412.0
719,1377311003,412.0
719,1377311008,412.0
719,1377311013,408.0
719,1377311018,408.0
719,1377311023,412.0
719,1377311028,412.0
719,1377311033,412.0
719,1377311038,414.0
719,1377311043,422.0
719,1377311048,411.0
719,1377311053,419.0
719,1377311058,422.0
719,1377311063,423.0
719,1377311068,413.0
719,1377311073,422.0
719,1377311078,416.0
719,1377311083,418.0
719,1377311088,411.0
719,1377311093,413.0
719,1377311098,417.0
719,1377311103,413.0
719,1377311108,411.0
719,1377311113,418.0
719,1377311118,407.0
719,1377311123,417.0
719,1377311128,412.0
719,1377311133,422.0
719,1377311138,419.0
719,1377311143,418.0
719,1377311148,413.0
719,1377311153,412.0
719,1377311158,411.0
719,1377311163,411.0
719,1377311168,411.0
719,1377311173,420.0
719,1377311178,419.0
719,1377311183,413.0
719,1377311188,424.0
719,1377311193,419.0
719,1377311198,415.0
719,1377311203,422.0
719,1377311208,417.0
719,1377311213,422.0
719,1377311218,419.0
719,1377311223,418.0
719,1377311228,411.0
719,1377311233,412.0
719,1377311238,408.0
719,1377311243,404.0
719,1377311248,406.0
719,1377311253,408.0
719,1377311258,404.0
719,1377311263,404.0
719,1377311268,404.0
719,1377311273,416.0
719,1377311278,408.0
719,1377311283,408.0
719,1377311288,398.0
719,1377311293,391.0
719,1377311298,395.0
719,1377311303,400.0
719,1377311308,398.0
719,1377311313,407.0
719,1377311318,413.0
719,1377311323,418.0
719,1377311328,422.0
719,1377311333,424.0
719,1377311338,425.0
719,1377311343,419.0
719,1377311348,413.0
719,1377311353,407.0
719,1377311358,409.0
719,1377311363,404.0
719,1377311368,406.0
719,1377311373,411.0
719,1377311378,409.0
719,1377311383,409.0
719,1377311388,409.0
719,1377311393,412.0
719,1377311398,411.0
719,1377311403,407.0
719,1377311408,408.0
719,1377311413,408.0
719,1377311418,408.0
719,1377311423,412.0
719,1377311428,412.0
719,1377311433,411.0
719,1377311438,416.0
719,1377311443,406.0
719,1377311448,403.0
719,1377311453,401.0
719,1377311458,397.0
719,1377311463,398.0
719,1377311468,404.0
719,1377311473,407.0
719,1377311478,416.0
719,1377311483,417.0
719,1377311488,417.0
719,1377311493,413.0
719,1377311498,422.0
719,1377311503,423.0
719,1377311508,428.0
719,1377311513,423.0
719,1377311518,422.0
719,1377311523,412.0
719,1377311528,403.0
719,1377311533,404.0
719,1377311538,401.0
719,1377311543,401.0
719,1377311548,404.0
719,1377311553,414.0
719,1377311558,412.0
719,1377311563,412.0
719,1377311568,408.0
719,1377311573,407.0
719,1377311578,409.0
719,1377311583,409.0
719,1377311588,412.0
719,1377311593,408.0
719,1377311598,408.0
719,1377311603,404.0
719,1377311608,403.0
719,1377311613,398.0
719,1377311618,402.0
719,1377311623,402.0
719,1377311628,403.0
719,1377311633,409.0
719,1377311638,406.0
719,1377311643,403.0
719,1377311648,404.0
719,1377311653,395.0
719,1377311658,396.0
719,1377311663,393.0
719,1377311668,398.0
719,1377311673,401.0
719,1377311678,406.0
719,1377311683,398.0
719,1377311688,406.0
719,1377311693,404.0
719,1377311698,408.0
719,1377311703,407.0
719,1377311708,407.0
719,1377311713,407.0
719,1377311718,412.0
719,1377311723,420.0
719,1377311728,415.0
719,1377311733,424.0
719,1377311738,420.0
719,1377311743,422.0
719,1377311748,419.0
719,1377311753,419.0
719,1377311758,418.0
719,1377311763,407.0
719,1377311768,404.0
719,1377311773,403.0
719,1377311778,403.0
719,1377311783,404.0
719,1377311788,403.0
719,1377311793,403.0
719,1377311798,408.0
719,1377311803,406.0
719,1377311808,398.0
719,1377311813,398.0
719,1377311818,396.0
719,1377311823,398.0
719,1377311828,400.0
719,1377311833,400.0
719,1377311838,401.0
719,1377311843,403.0
719,1377311848,401.0
719,1377311853,398.0
719,1377311858,398.0
719,1377311863,401.0
719,1377311868,398.0
719,1377311873,401.0
719,1377311878,398.0
719,1377311883,401.0
719,1377311888,401.0
719,1377311893,403.0
719,1377311898,403.0
719,1377311903,403.0
719,1377311908,414.0
719,1377311913,409.0
719,1377311918,411.0
719,1377311923,413.0
719,1377311928,419.0
719,1377311933,413.0
719,1377311938,412.0
719,1377311943,411.0
719,1377311948,407.0
719,1377311953,412.0
719,1377311958,412.0
719,1377311963,411.0
719,1377311968,414.0
719,1377311973,407.0
719,1377311978,409.0
719,1377311983,409.0
719,1377311988,407.0
719,1377311993,412.0
719,1377311998,407.0
719,1377312003,412.0
719,1377312008,409.0
719,1377312013,403.0
719,1377312018,408.0
719,1377312023,407.0
719,1377312028,403.0
719,1377312033,403.0
719,1377312038,402.0
719,1377312043,403.0
719,1377312048,398.0
719,1377312053,398.0
719,1377312058,391.0
719,1377312063,401.0
719,1377312068,397.0
719,1377312073,401.0
719,1377312078,401.0
719,1377312083,406.0
719,1377312088,404.0
719,1377312093,401.0
719,1377312098,406.0
719,1377312103,401.0
719,1377312108,395.0
719,1377312113,396.0
719,1377312118,391.0
719,1377312123,391.0
719,1377312128,398.0
719,1377312133,396.0
719,1377312138,401.0
719,1377312143,398.0
719,1377312148,406.0
719,1377312153,407.0
719,1377312158,408.0
719,1377312163,403.0
719,1377312168,407.0
719,1377312173,401.0
719,1377312178,406.0
719,1377312183,404.0
719,1377312188,408.0
719,1377312193,403.0
719,1377312198,400.0
719,1377312203,398.0
719,1377312208,397.0
719,1377312213,404.0
719,1377312218,414.0
719,1377312223,413.0
719,1377312228,420.0
719,1377312233,415.0
719,1377312238,412.0
719,1377312243,406.0
719,1377312248,404.0
719,1377312253,404.0
719,1377312258,408.0
719,1377312263,414.0
719,1377312268,416.0
719,1377312273,411.0
719,1377312278,408.0
719,1377312283,416.0
719,1377312288,401.0
719,1377312293,406.0
719,1377312298,408.0
719,1377312303,418.0
719,1377312308,411.0
719,1377312313,418.0
719,1377312318,406.0
719,1377312323,402.0
719,1377312328,398.0
719,1377312333,406.0
719,1377312338,406.0
719,1377312343,408.0
719,1377312348,407.0
719,1377312353,407.0
719,1377312358,412.0
719,1377312363,406.0
719,1377312368,412.0
719,1377312373,403.0
719,1377312378,395.0
719,1377312383,392.0
719,1377312388,390.0
719,1377312393,398.0
719,1377312398,404.0
719,1377312403,406.0
719,1377312408,407.0
719,1377312413,412.0
719,1377312418,418.0
719,1377312423,407.0
719,1377312428,411.0
719,1377312433,412.0
719,1377312438,409.0
719,1377312443,409.0
719,1377312448,409.0
719,1377312453,406.0
719,1377312458,408.0
719,1377312463,403.0
719,1377312468,398.0
719,1377312473,401.0
719,1377312478,403.0
719,1377312483,407.0
719,1377312488,416.0
719,1377312493,420.0
719,1377312498,413.0
719,1377312503,413.0
719,1377312508,412.0
719,1377312513,409.0
719,1377312518,406.0
719,1377312523,403.0
719,1377312528,401.0
719,1377312533,408.0
719,1377312538,399.0
719,1377312543,403.0
719,1377312548,404.0
719,1377312553,403.0
719,1377312558,403.0
719,1377312563,405.0
719,1377312568,403.0
719,1377312573,403.0
719,1377312578,403.0
719,1377312583,403.0
719,1377312588,406.0
719,1377312593,404.0
719,1377312598,408.0
719,1377312603,414.0
719,1377312608,420.0
719,1377312613,413.0
719,1377312618,412.0
719,1377312623,412.0
719,1377312628,409.0
719,1377312633,408.0
719,1377312638,408.0
719,1377312643,409.0
719,1377312648,412.0
719,1377312653,407.0
719,1377312658,412.0
719,1377312663,406.0
719,1377312668,406.0
719,1377312673,406.0
719,1377312678,408.0
719,1377312683,403.0
719,1377312688,407.0
719,1377312693,408.0
719,1377312698,399.0
719,1377312703,408.0
719,1377312708,403.0
719,1377312713,401.0
719,1377312718,403.0
719,1377312723,408.0
719,1377312728,406.0
719,1377312733,407.0
719,1377312738,404.0
719,1377312743,401.0
719,1377312748,398.0
719,1377312753,401.0
719,1377312758,403.0
719,1377312763,407.0
719,1377312768,407.0
719,1377312773,422.0
719,1377312778,409.0
719,1377312783,409.0
719,1377312788,403.0
719,1377312793,404.0
719,1377312798,401.0
719,1377312803,407.0
719,1377312808,409.0
719,1377312813,412.0
719,1377312818,409.0
719,1377312823,404.0
719,1377312828,401.0
719,1377312833,401.0
719,1377312838,406.0
719,1377312843,404.0
719,1377312848,404.0
719,1377312853,407.0
719,1377312858,418.0
719,1377312863,408.0
719,1377312868,403.0
719,1377312873,403.0
719,1377312878,406.0
719,1377312883,406.0
719,1377312888,409.0
719,1377312893,414.0
719,1377312898,411.0
719,1377312903,417.0
719,1377312908,422.0
719,1377312913,418.0
719,1377312918,417.0
719,1377312923,409.0
719,1377312928,407.0
719,1377312933,404.0
719,1377312938,407.0
719,1377312943,408.0
719,1377312948,408.0
719,1377312953,406.0
719,1377312958,403.0
719,1377312963,407.0
719,1377312968,403.0
719,1377312973,404.0
719,1377312978,403.0
719,1377312983,404.0
719,1377312988,408.0
719,1377312993,406.0
719,1377312998,406.0
719,1377313003,403.0
719,1377313008,398.0
719,1377313013,406.0
719,1377313018,403.0
719,1377313023,401.0
719,1377313028,404.0
719,1377313033,407.0
719,1377313038,406.0
719,1377313043,406.0
719,1377313048,406.0
719,1377313053,406.0
719,1377313058,401.0
719,1377313063,404.0
719,1377313068,406.0
719,1377313073,416.0
719,1377313078,416.0
719,1377313083,418.0
719,1377313088,412.0
719,1377313093,418.0
719,1377313098,417.0
719,1377313103,417.0
719,1377313108,416.0
719,1377313113,408.0
719,1377313118,403.0
719,1377313123,398.0
719,1377313128,398.0
719,1377313133,404.0
719,1377313138,398.0
719,1377313143,401.0
719,1377313148,401.0
719,1377313153,400.0
719,1377313158,399.0
719,1377313163,404.0
719,1377313168,399.0
719,1377313173,403.0
719,1377313178,398.0
719,1377313183,406.0
719,1377313188,401.0
719,1377313193,401.0
719,1377313198,412.0
719,1377313203,407.0
719,1377313208,412.0
719,1377313213,407.0
719,1377313218,412.0
719,1377313223,417.0
719,1377313228,412.0
719,1377313233,407.0
719,1377313238,409.0
719,1377313243,409.0
719,1377313248,408.0
719,1377313253,407.0
719,1377313258,407.0
719,1377313263,407.0
719,1377313268,407.0
719,1377313273,418.0
719,1377313278,419.0
719,1377313283,420.0
719,1377313288,407.0
719,1377313293,410.0
719,1377313298,400.0
719,1377313303,393.0
719,1377313308,390.0
719,1377313313,396.0
719,1377313318,396.0
719,1377313323,403.0
719,1377313328,406.0
719,1377313333,399.0
719,1377313338,408.0
719,1377313343,409.0
719,1377313348,411.0
719,1377313353,411.0
719,1377313358,422.0
719,1377313363,420.0
719,1377313368,411.0
719,1377313373,407.0
719,1377313378,404.0
719,1377313383,398.0
719,1377313388,397.0
719,1377313393,401.0
719,1377313398,399.0
719,1377313403,406.0
719,1377313408,407.0
719,1377313413,407.0
719,1377313418,406.0
719,1377313423,408.0
719,1377313428,403.0
719,1377313433,398.0
719,1377313438,398.0
719,1377313443,396.0
719,1377313448,400.0
719,1377313453,400.0
719,1377313458,398.0
719,1377313463,406.0
719,1377313468,409.0
719,1377313473,409.0
719,1377313478,407.0
719,1377313483,408.0
719,1377313488,406.0
719,1377313493,403.0
719,1377313498,408.0
719,1377313503,403.0
719,1377313508,408.0
719,1377313513,406.0
719,1377313518,403.0
719,1377313523,399.0
719,1377313528,406.0
719,1377313533,398.0
719,1377313538,397.0
719,1377313543,404.0
719,1377313548,398.0
719,1377313553,404.0
719,1377313558,403.0
719,1377313563,406.0
719,1377313568,401.0
719,1377313573,403.0
719,1377313578,396.0
719,1377313583,401.0
719,1377313588,403.0
719,1377313593,409.0
719,1377313598,409.0
719,1377313603,407.0
719,1377313608,412.0
719,1377313613,406.0
719,1377313618,404.0
719,1377313623,399.0
719,1377313628,398.0
719,1377313633,403.0
719,1377313638,403.0
719,1377313643,409.0
719,1377313648,412.0
719,1377313653,412.0
719,1377313658,406.0
719,1377313663,409.0
719,1377313668,407.0
719,1377313673,406.0
719,1377313678,408.0
719,1377313683,404.0
719,1377313688,406.0
719,1377313693,409.0
719,1377313698,412.0
719,1377313703,409.0
719,1377313708,407.0
719,1377313713,399.0
719,1377313718,401.0
719,1377313723,398.0
719,1377313728,393.0
719,1377313733,397.0
719,1377313738,401.0
719,1377313743,398.0
719,1377313748,403.0
719,1377313753,403.0
719,1377313758,404.0
719,1377313763,404.0
719,1377313768,398.0
719,1377313773,397.0
719,1377313778,401.0
719,1377313783,404.0
719,1377313788,414.0
719,1377313793,407.0
719,1377313798,413.0
719,1377313803,411.0
719,1377313808,404.0
719,1377313813,414.0
719,1377313818,396.0
719,1377313823,397.0
719,1377313828,398.0
719,1377313833,391.0
719,1377313838,395.0
719,1377313843,395.0
719,1377313848,400.0
719,1377313853,393.0
719,1377313858,391.0
719,1377313863,401.0
719,1377313868,406.0
719,1377313873,399.0
719,1377313878,398.0
719,1377313883,396.0
719,1377313888,392.0
719,1377313893,398.0
719,1377313898,398.0
719,1377313903,398.0
719,1377313908,418.0
719,1377313913,409.0
719,1377313918,409.0
719,1377313923,407.0
719,1377313928,412.0
719,1377313933,408.0
719,1377313938,408.0
719,1377313943,397.0
719,1377313948,402.0
719,1377313953,393.0
719,1377313958,391.0
719,1377313963,393.0
719,1377313968,391.0
719,1377313973,398.0
719,1377313978,393.0
719,1377313983,396.0
719,1377313988,397.0
719,1377313993,399.0
719,1377313998,406.0
719,1377314003,408.0
719,1377314008,412.0
719,1377314013,409.0
719,1377314018,404.0
719,1377314023,403.0
719,1377314028,401.0
719,1377314033,402.0
719,1377314038,398.0
719,1377314043,395.0
719,1377314048,390.0
719,1377314053,391.0
719,1377314058,392.0
719,1377314063,395.0
719,1377314068,397.0
719,1377314073,406.0
719,1377314078,404.0
719,1377314083,403.0
719,1377314088,401.0
719,1377314093,401.0
719,1377314098,403.0
719,1377314103,398.0
719,1377314108,402.0
719,1377314113,398.0
719,1377314118,397.0
719,1377314123,398.0
719,1377314128,397.0
719,1377314133,398.0
719,1377314138,393.0
719,1377314143,401.0
719,1377314148,403.0
719,1377314153,407.0
719,1377314158,412.0
719,1377314163,407.0
719,1377314168,396.0
719,1377314173,392.0
719,1377314178,391.0
719,1377314183,393.0
719,1377314188,396.0
719,1377314193,398.0
719,1377314198,399.0
719,1377314203,398.0
719,1377314208,391.0
719,1377314213,393.0
719,1377314218,395.0
719,1377314223,393.0
719,1377314228,397.0
719,1377314233,398.0
719,1377314238,399.0
719,1377314243,402.0
719,1377314248,398.0
719,1377314253,401.0
719,1377314258,403.0
719,1377314263,407.0
719,1377314268,408.0
719,1377314273,399.0
719,1377314278,391.0
719,1377314283,392.0
719,1377314288,393.0
719,1377314293,396.0
719,1377314298,398.0
719,1377314303,409.0
719,1377314308,409.0
719,1377314313,408.0
719,1377314318,408.0
719,1377314323,403.0
719,1377314328,401.0
719,1377314333,398.0
719,1377314338,404.0
719,1377314343,404.0
719,1377314348,403.0
719,1377314353,400.0
719,1377314358,398.0
719,1377314363,391.0
719,1377314368,391.0
719,1377314373,392.0
719,1377314378,391.0
719,1377314383,401.0
719,1377314388,398.0
719,1377314393,406.0
719,1377314398,412.0
719,1377314403,416.0
719,1377314408,417.0
719,1377314413,409.0
719,1377314418,400.0
719,1377314423,383.0
719,1377314428,384.0
719,1377314433,384.0
719,1377314438,388.0
719,1377314443,391.0
719,1377314448,399.0
719,1377314453,402.0
719,1377314458,401.0
719,1377314463,397.0
719,1377314468,391.0
719,1377314473,396.0
719,1377314478,391.0
719,1377314483,393.0
719,1377314488,395.0
719,1377314493,398.0
719,1377314498,398.0
719,1377314503,403.0
719,1377314508,401.0
719,1377314513,404.0
719,1377314518,404.0
719,1377314523,398.0
719,1377314528,397.0
719,1377314533,406.0
719,1377314538,398.0
719,1377314543,399.0
719,1377314548,398.0
719,1377314553,396.0
719,1377314558,392.0
719,1377314563,391.0
719,1377314568,396.0
719,1377314573,401.0
719,1377314578,400.0
719,1377314583,393.0
719,1377314588,383.0
719,1377314593,385.0
719,1377314598,384.0
719,1377314603,388.0
719,1377314608,385.0
719,1377314613,387.0
719,1377314618,392.0
719,1377314623,391.0
719,1377314628,393.0
719,1377314633,398.0
719,1377314638,401.0
719,1377314643,397.0
719,1377314648,398.0
719,1377314653,403.0
719,1377314658,408.0
719,1377314663,404.0
719,1377314668,404.0
719,1377314673,401.0
719,1377314678,403.0
719,1377314683,402.0
719,1377314688,403.0
719,1377314693,407.0
719,1377314698,412.0
719,1377314703,406.0
719,1377314708,403.0
719,1377314713,408.0
719,1377314718,407.0
719,1377314723,408.0
719,1377314728,412.0
719,1377314733,412.0
719,1377314738,412.0
719,1377314743,406.0
719,1377314748,408.0
719,1377314753,407.0
719,1377314758,408.0
719,1377314763,401.0
719,1377314768,401.0
719,1377314773,397.0
719,1377314778,401.0
719,1377314783,401.0
719,1377314788,397.0
719,1377314793,398.0
719,1377314798,396.0
719,1377314803,393.0
719,1377314808,390.0
719,1377314813,396.0
719,1377314818,395.0
719,1377314823,398.0
719,1377314828,401.0
719,1377314833,404.0
719,1377314838,403.0
719,1377314843,401.0
719,1377314848,396.0
719,1377314853,398.0
719,1377314858,398.0
719,1377314863,396.0
719,1377314868,391.0
719,1377314873,401.0
719,1377314878,397.0
719,1377314883,400.0
719,1377314888,400.0
719,1377314893,397.0
719,1377314898,401.0
719,1377314903,403.0
719,1377314908,407.0
719,1377314913,407.0
719,1377314918,412.0
719,1377314923,408.0
719,1377314928,408.0
719,1377314933,404.0
719,1377314938,403.0
719,1377314943,408.0
719,1377314948,409.0
719,1377314953,408.0
719,1377314958,403.0
719,1377314963,400.0
719,1377314968,393.0
719,1377314973,388.0
719,1377314978,388.0
719,1377314983,385.0
719,1377314988,387.0
719,1377314993,388.0
719,1377314998,383.0
719,1377315003,390.0
719,1377315008,396.0
719,1377315013,396.0
719,1377315018,397.0
719,1377315023,402.0
719,1377315028,403.0
719,1377315033,403.0
719,1377315038,403.0
719,1377315043,403.0
719,1377315048,408.0
719,1377315053,406.0
719,1377315058,408.0
719,1377315063,403.0
719,1377315068,401.0
719,1377315073,403.0
719,1377315078,398.0
719,1377315083,396.0
719,1377315088,400.0
719,1377315093,398.0
719,1377315098,391.0
719,1377315103,393.0
719,1377315108,391.0
719,1377315113,393.0
719,1377315118,396.0
719,1377315123,398.0
719,1377315128,407.0
719,1377315133,408.0
719,1377315138,412.0
719,1377315143,407.0
719,1377315148,404.0
719,1377315153,397.0
719,1377315158,401.0
719,1377315163,398.0
719,1377315168,406.0
719,1377315173,398.0
719,1377315178,402.0
719,1377315183,407.0
719,1377315188,407.0
719,1377315193,404.0
719,1377315198,403.0
719,1377315203,398.0
719,1377315208,401.0
719,1377315213,396.0
719,1377315218,398.0
719,1377315223,393.0
719,1377315228,398.0
719,1377315233,391.0
719,1377315238,396.0
719,1377315243,401.0
719,1377315248,406.0
719,1377315253,408.0
719,1377315258,398.0
719,1377315263,395.0
719,1377315268,391.0
719,1377315273,391.0
719,1377315278,391.0
719,1377315283,396.0
719,1377315288,398.0
719,1377315293,396.0
719,1377315298,396.0
719,1377315303,391.0
719,1377315308,403.0
719,1377315313,398.0
719,1377315318,399.0
719,1377315323,401.0
719,1377315328,396.0
719,1377315333,400.0
719,1377315338,398.0
719,1377315343,401.0
719,1377315348,398.0
719,1377315353,396.0
719,1377315358,398.0
719,1377315363,396.0
719,1377315368,395.0
719,1377315373,395.0
719,1377315378,397.0
719,1377315383,404.0
719,1377315388,398.0
719,1377315393,397.0
719,1377315398,400.0
719,1377315403,393.0
719,1377315408,396.0
719,1377315413,396.0
719,1377315418,403.0
719,1377315423,398.0
719,1377315428,406.0
719,1377315433,396.0
719,1377315438,398.0
719,1377315443,393.0
719,1377315448,400.0
719,1377315453,401.0
719,1377315458,409.0
719,1377315463,412.0
719,1377315468,412.0
719,1377315473,412.0
719,1377315478,407.0
719,1377315483,407.0
719,1377315488,406.0
719,1377315493,414.0
719,1377315498,409.0
719,1377315503,408.0
719,1377315508,403.0
719,1377315513,393.0
719,1377315518,387.0
719,1377315523,391.0
719,1377315528,398.0
719,1377315533,391.0
719,1377315538,391.0
719,1377315543,398.0
719,1377315548,398.0
719,1377315553,391.0
719,1377315558,383.0
719,1377315563,392.0
719,1377315568,392.0
719,1377315573,391.0
719,1377315578,395.0
719,1377315583,398.0
719,1377315588,403.0
719,1377315593,406.0
719,1377315598,408.0
719,1377315603,404.0
719,1377315608,398.0
719,1377315613,391.0
719,1377315618,396.0
719,1377315623,392.0
719,1377315628,396.0
719,1377315633,396.0
719,1377315638,398.0
719,1377315643,397.0
719,1377315648,396.0
719,1377315653,383.0
719,1377315658,384.0
719,1377315663,377.0
719,1377315668,380.0
719,1377315673,375.0
719,1377315678,383.0
719,1377315683,392.0
719,1377315688,398.0
719,1377315693,401.0
719,1377315698,403.0
719,1377315703,401.0
719,1377315708,403.0
719,1377315713,400.0
719,1377315718,390.0
719,1377315723,383.0
719,1377315728,383.0
719,1377315733,388.0
719,1377315738,392.0
719,1377315743,393.0
719,1377315748,387.0
719,1377315753,391.0
719,1377315758,391.0
719,1377315763,396.0
719,1377315768,395.0
719,1377315773,393.0
719,1377315778,391.0
719,1377315783,390.0
719,1377315788,391.0
719,1377315793,393.0
719,1377315798,398.0
719,1377315803,398.0
719,1377315808,398.0
719,1377315813,398.0
719,1377315818,398.0
719,1377315823,406.0
719,1377315828,395.0
719,1377315833,406.0
719,1377315838,398.0
719,1377315843,398.0
719,1377315848,391.0
719,1377315853,398.0
719,1377315858,396.0
719,1377315863,391.0
719,1377315868,395.0
719,1377315873,398.0
719,1377315878,397.0
719,1377315883,403.0
719,1377315888,408.0
719,1377315893,404.0
719,1377315898,408.0
719,1377315903,403.0
719,1377315908,403.0
719,1377315913,403.0
719,1377315918,400.0
719,1377315923,398.0
719,1377315928,397.0
719,1377315933,403.0
719,1377315938,401.0
719,1377315943,401.0
719,1377315948,403.0
719,1377315953,399.0
719,1377315958,408.0
719,1377315963,406.0
719,1377315968,403.0
719,1377315973,403.0
719,1377315978,408.0
719,1377315983,407.0
719,1377315988,406.0
719,1377315993,403.0
719,1377315998,401.0
719,1377316003,401.0
719,1377316008,398.0
719,1377316013,397.0
719,1377316018,397.0
719,1377316023,401.0
719,1377316028,396.0
719,1377316033,396.0
719,1377316038,390.0
719,1377316043,392.0
719,1377316048,392.0
719,1377316053,392.0
719,1377316058,396.0
719,1377316063,391.0
719,1377316068,396.0
719,1377316073,393.0
719,1377316078,391.0
719,1377316083,396.0
719,1377316088,393.0
719,1377316093,401.0
719,1377316098,403.0
719,1377316103,400.0
719,1377316108,393.0
719,1377316113,398.0
719,1377316118,400.0
719,1377316123,398.0
719,1377316128,406.0
719,1377316133,407.0
719,1377316138,409.0
719,1377316143,408.0
719,1377316148,406.0
719,1377316153,404.0
719,1377316158,401.0
719,1377316163,397.0
719,1377316168,398.0
719,1377316173,395.0
719,1377316178,398.0
719,1377316183,400.0
719,1377316188,397.0
719,1377316193,401.0
719,1377316198,408.0
719,1377316203,401.0
719,1377316208,404.0
719,1377316213,398.0
719,1377316218,391.0
719,1377316223,391.0
719,1377316228,390.0
719,1377316233,388.0
719,1377316238,391.0
719,1377316243,392.0
719,1377316248,393.0
719,1377316253,396.0
719,1377316258,391.0
719,1377316263,393.0
719,1377316268,387.0
719,1377316273,385.0
719,1377316278,395.0
719,1377316283,398.0
719,1377316288,401.0
719,1377316293,402.0
719,1377316298,398.0
719,1377316303,401.0
719,1377316308,408.0
719,1377316313,409.0
719,1377316318,401.0
719,1377316323,400.0
719,1377316328,390.0
719,1377316333,398.0
719,1377316338,398.0
719,1377316343,399.0
719,1377316348,404.0
719,1377316353,401.0
719,1377316358,398.0
719,1377316363,390.0
719,1377316368,392.0
719,1377316373,390.0
719,1377316378,392.0
719,1377316383,393.0
719,1377316388,391.0
719,1377316393,398.0
719,1377316398,396.0
719,1377316403,398.0
719,1377316408,391.0
719,1377316413,393.0
719,1377316418,396.0
719,1377316423,392.0
719,1377316428,396.0
719,1377316433,398.0
719,1377316438,401.0
719,1377316443,398.0
719,1377316448,403.0
719,1377316453,398.0
719,1377316458,397.0
719,1377316463,398.0
719,1377316468,391.0
719,1377316473,397.0
719,1377316478,401.0
719,1377316483,403.0
719,1377316488,404.0
719,1377316493,412.0
719,1377316498,420.0
719,1377316503,407.0
719,1377316508,414.0
719,1377316513,407.0
719,1377316518,408.0
719,1377316523,407.0
719,1377316528,408.0
719,1377316533,409.0
719,1377316538,408.0
719,1377316543,408.0
719,1377316548,406.0
719,1377316553,403.0
719,1377316558,401.0
719,1377316563,403.0
719,1377316568,397.0
719,1377316573,398.0
719,1377316578,396.0
719,1377316583,401.0
719,1377316588,403.0
719,1377316593,406.0
719,1377316598,404.0
719,1377316603,401.0
719,1377316608,390.0
719,1377316613,388.0
719,1377316618,388.0
719,1377316623,387.0
719,1377316628,392.0
719,1377316633,393.0
719,1377316638,398.0
719,1377316643,401.0
719,1377316648,406.0
719,1377316653,403.0
719,1377316658,398.0
719,1377316663,401.0
719,1377316668,404.0
719,1377316673,404.0
719,1377316678,406.0
719,1377316683,404.0
719,1377316688,404.0
719,1377316693,393.0
719,1377316698,396.0
719,1377316703,387.0
719,1377316708,387.0
719,1377316713,390.0
719,1377316718,390.0
719,1377316723,395.0
719,1377316728,398.0
719,1377316733,402.0
719,1377316738,412.0
719,1377316743,407.0
719,1377316748,414.0
719,1377316753,404.0
719,1377316758,397.0
719,1377316763,401.0
719,1377316768,401.0
719,1377316773,397.0
719,1377316778,398.0
719,1377316783,396.0
719,1377316788,396.0
719,1377316793,395.0
719,1377316798,391.0
719,1377316803,406.0
719,1377316808,387.0
719,1377316813,391.0
719,1377316818,398.0
719,1377316823,397.0
719,1377316828,399.0
719,1377316833,408.0
719,1377316838,406.0
719,1377316843,398.0
719,1377316848,400.0
719,1377316853,398.0
719,1377316858,398.0
719,1377316863,403.0
719,1377316868,406.0
719,1377316873,404.0
719,1377316878,397.0
719,1377316883,401.0
719,1377316888,403.0
719,1377316893,408.0
719,1377316898,399.0
719,1377316903,401.0
719,1377316908,401.0
719,1377316913,395.0
719,1377316918,402.0
719,1377316923,397.0
719,1377316928,398.0
719,1377316933,391.0
719,1377316938,395.0
719,1377316943,391.0
719,1377316948,391.0
719,1377316953,395.0
719,1377316958,398.0
719,1377316963,395.0
719,1377316968,393.0
719,1377316973,391.0
719,1377316978,396.0
719,1377316983,398.0
719,1377316988,390.0
719,1377316993,390.0
719,1377316998,393.0
719,1377317003,398.0
719,1377317008,406.0
719,1377317013,397.0
719,1377317018,393.0
719,1377317023,396.0
719,1377317028,391.0
719,1377317033,400.0
719,1377317038,397.0
719,1377317043,404.0
719,1377317048,402.0
719,1377317053,406.0
719,1377317058,404.0
719,1377317063,406.0
719,1377317068,403.0
719,1377317073,404.0
719,1377317078,414.0
719,1377317083,408.0
719,1377317088,403.0
719,1377317093,406.0
719,1377317098,399.0
719,1377317103,401.0
719,1377317108,406.0
719,1377317113,408.0
719,1377317118,409.0
719,1377317123,407.0
719,1377317128,407.0
719,1377317133,409.0
719,1377317138,406.0
719,1377317143,404.0
719,1377317148,403.0
719,1377317153,395.0
719,1377317158,392.0
719,1377317163,383.0
719,1377317168,383.0
719,1377317173,392.0
719,1377317178,392.0
719,1377317183,391.0
719,1377317188,396.0
719,1377317193,396.0
719,1377317198,401.0
719,1377317203,403.0
719,1377317208,403.0
719,1377317213,401.0
719,1377317218,401.0
719,1377317223,398.0
719,1377317228,398.0
719,1377317233,401.0
719,1377317238,404.0
719,1377317243,407.0
719,1377317248,406.0
719,1377317253,403.0
719,1377317258,403.0
719,1377317263,400.0
719,1377317268,400.0
719,1377317273,393.0
719,1377317278,398.0
719,1377317283,396.0
719,1377317288,401.0
719,1377317293,403.0
719,1377317298,397.0
719,1377317303,406.0
719,1377317308,398.0
719,1377317313,399.0
719,1377317318,397.0
719,1377317323,404.0
719,1377317328,406.0
719,1377317333,401.0
719,1377317338,387.0
719,1377317343,385.0
719,1377317348,384.0
719,1377317353,383.0
719,1377317358,390.0
719,1377317363,392.0
719,1377317368,398.0
719,1377317373,393.0
719,1377317378,391.0
719,1377317383,400.0
719,1377317388,397.0
719,1377317393,397.0
719,1377317398,400.0
719,1377317403,395.0
719,1377317408,395.0
719,1377317413,391.0
719,1377317418,393.0
719,1377317423,391.0
719,1377317428,401.0
719,1377317433,397.0
719,1377317438,398.0
719,1377317443,398.0
719,1377317448,401.0
719,1377317453,398.0
719,1377317458,400.0
719,1377317463,400.0
719,1377317468,401.0
719,1377317473,398.0
719,1377317478,396.0
719,1377317483,398.0
719,1377317488,405.0
719,1377317493,408.0
719,1377317498,406.0
719,1377317503,408.0
719,1377317508,403.0
719,1377317513,403.0
719,1377317518,406.0
719,1377317523,401.0
719,1377317528,398.0
719,1377317533,398.0
719,1377317538,403.0
719,1377317543,404.0
719,1377317548,403.0
719,1377317553,402.0
719,1377317558,396.0
719,1377317563,396.0
719,1377317568,390.0
719,1377317573,390.0
719,1377317578,396.0
719,1377317583,399.0
719,1377317588,407.0
719,1377317593,411.0
719,1377317598,410.0
719,1377317603,406.0
719,1377317608,401.0
719,1377317613,397.0
719,1377317618,398.0
719,1377317623,393.0
719,1377317628,396.0
719,1377317633,398.0
719,1377317638,403.0
719,1377317643,408.0
719,1377317648,408.0
719,1377317653,403.0
719,1377317658,402.0
719,1377317663,403.0
719,1377317668,397.0
719,1377317673,397.0
719,1377317678,401.0
719,1377317683,402.0
719,1377317688,403.0
719,1377317693,408.0
719,1377317698,409.0
719,1377317703,404.0
719,1377317708,404.0
719,1377317713,401.0
719,1377317718,406.0
719,1377317723,400.0
719,1377317728,401.0
719,1377317733,406.0
719,1377317738,406.0
719,1377317743,406.0
719,1377317748,408.0
719,1377317753,403.0
719,1377317758,397.0
719,1377317763,391.0
719,1377317768,400.0
719,1377317773,393.0
719,1377317778,396.0
719,1377317783,391.0
719,1377317788,393.0
719,1377317793,396.0
719,1377317798,397.0
719,1377317803,401.0
719,1377317808,406.0
719,1377317813,407.0
719,1377317818,406.0
719,1377317823,406.0
719,1377317828,404.0
719,1377317833,406.0
719,1377317838,401.0
719,1377317843,400.0
719,1377317848,393.0
719,1377317853,393.0
719,1377317858,397.0
719,1377317863,402.0
719,1377317868,403.0
719,1377317873,404.0
719,1377317878,404.0
719,1377317883,406.0
719,1377317888,401.0
719,1377317893,404.0
719,1377317898,408.0
719,1377317903,404.0
719,1377317908,398.0
719,1377317913,401.0
719,1377317918,404.0
719,1377317923,403.0
719,1377317928,403.0
719,1377317933,403.0
719,1377317938,403.0
719,1377317943,408.0
719,1377317948,412.0
719,1377317953,404.0
719,1377317958,404.0
719,1377317963,401.0
719,1377317968,403.0
719,1377317973,396.0
719,1377317978,398.0
719,1377317983,395.0
719,1377317988,398.0
719,1377317993,395.0
719,1377317998,396.0
719,1377318003,398.0
719,1377318008,398.0
719,1377318013,396.0
719,1377318018,395.0
719,1377318023,391.0
719,1377318028,398.0
719,1377318033,387.0
719,1377318038,380.0
719,1377318043,380.0
719,1377318048,384.0
719,1377318053,379.0
719,1377318058,385.0
719,1377318063,383.0
719,1377318068,393.0
719,1377318073,398.0
719,1377318078,401.0
719,1377318083,397.0
719,1377318088,404.0
719,1377318093,409.0
719,1377318098,403.0
719,1377318103,402.0
719,1377318108,398.0
719,1377318113,391.0
719,1377318118,401.0
719,1377318123,399.0
719,1377318128,408.0
719,1377318133,403.0
719,1377318138,404.0
719,1377318143,406.0
719,1377318148,407.0
719,1377318153,408.0
719,1377318158,406.0
719,1377318163,401.0
719,1377318168,406.0
719,1377318173,404.0
719,1377318178,406.0
719,1377318183,406.0
719,1377318188,407.0
719,1377318193,403.0
719,1377318198,403.0
719,1377318203,400.0
719,1377318208,398.0
719,1377318213,390.0
719,1377318218,396.0
719,1377318223,390.0
719,1377318228,391.0
719,1377318233,393.0
719,1377318238,393.0
719,1377318243,393.0
719,1377318248,396.0
719,1377318253,398.0
719,1377318258,400.0
719,1377318263,402.0
719,1377318268,403.0
719,1377318273,404.0
719,1377318278,403.0
719,1377318283,398.0
719,1377318288,398.0
719,1377318293,402.0
719,1377318298,401.0
719,1377318303,400.0
719,1377318308,396.0
719,1377318313,400.0
719,1377318318,397.0
719,1377318323,403.0
719,1377318328,403.0
719,1377318333,401.0
719,1377318338,396.0
719,1377318343,395.0
719,1377318348,391.0
719,1377318353,397.0
719,1377318358,403.0
719,1377318363,408.0
719,1377318368,408.0
719,1377318373,404.0
719,1377318378,406.0
719,1377318383,402.0
719,1377318388,395.0
719,1377318393,387.0
719,1377318398,387.0
719,1377318403,387.0
719,1377318408,393.0
719,1377318413,391.0
719,1377318418,393.0
719,1377318423,401.0
719,1377318428,403.0
719,1377318433,407.0
719,1377318438,412.0
719,1377318443,416.0
719,1377318448,414.0
719,1377318453,403.0
719,1377318458,406.0
719,1377318463,401.0
719,1377318468,403.0
719,1377318473,400.0
719,1377318478,396.0
719,1377318483,396.0
719,1377318488,391.0
719,1377318493,396.0
719,1377318498,393.0
719,1377318503,391.0
719,1377318508,398.0
719,1377318513,400.0
719,1377318518,401.0
719,1377318523,397.0
719,1377318528,399.0
719,1377318533,403.0
719,1377318538,409.0
719,1377318543,412.0
719,1377318548,405.0
719,1377318553,404.0
719,1377318558,391.0
719,1377318563,393.0
719,1377318568,392.0
719,1377318573,398.0
719,1377318578,400.0
719,1377318583,404.0
719,1377318588,401.0
719,1377318593,395.0
719,1377318598,393.0
719,1377318603,392.0
719,1377318608,398.0
719,1377318613,401.0
719,1377318618,399.0
719,1377318623,408.0
719,1377318628,407.0
719,1377318633,404.0
719,1377318638,403.0
719,1377318643,397.0
719,1377318648,398.0
719,1377318653,406.0
719,1377318658,406.0
719,1377318663,408.0
719,1377318668,406.0
719,1377318673,401.0
719,1377318678,397.0
719,1377318683,393.0
719,1377318688,397.0
719,1377318693,402.0
719,1377318698,404.0
719,1377318703,403.0
719,1377318708,401.0
719,1377318713,398.0
719,1377318718,401.0
719,1377318723,399.0
719,1377318728,403.0
719,1377318733,408.0
719,1377318738,401.0
719,1377318743,401.0
719,1377318748,401.0
719,1377318753,391.0
719,1377318758,398.0
719,1377318763,401.0
719,1377318768,403.0
719,1377318773,406.0
719,1377318778,407.0
719,1377318783,407.0
719,1377318788,409.0
719,1377318793,404.0
719,1377318798,404.0
719,1377318803,406.0
719,1377318808,404.0
719,1377318813,403.0
719,1377318818,403.0
719,1377318823,401.0
719,1377318828,402.0
719,1377318833,403.0
719,1377318838,398.0
719,1377318843,402.0
719,1377318848,393.0
719,1377318853,391.0
719,1377318858,396.0
719,1377318863,396.0
719,1377318868,391.0
719,1377318873,391.0
719,1377318878,396.0
719,1377318883,398.0
719,1377318888,404.0
719,1377318893,406.0
719,1377318898,403.0
719,1377318903,402.0
719,1377318908,398.0
719,1377318913,401.0
719,1377318918,401.0
719,1377318923,398.0
719,1377318928,408.0
719,1377318933,406.0
719,1377318938,403.0
719,1377318943,401.0
719,1377318948,398.0
719,1377318953,391.0
719,1377318958,393.0
719,1377318963,388.0
719,1377318968,388.0
719,1377318973,383.0
719,1377318978,387.0
719,1377318983,390.0
719,1377318988,390.0
719,1377318993,396.0
719,1377318998,396.0
719,1377319003,398.0
719,1377319008,391.0
719,1377319013,392.0
719,1377319018,385.0
719,1377319023,384.0
719,1377319028,384.0
719,1377319033,384.0
719,1377319038,388.0
719,1377319043,392.0
719,1377319048,396.0
719,1377319053,391.0
719,1377319058,395.0
719,1377319063,398.0
719,1377319068,393.0
719,1377319073,396.0
719,1377319078,396.0
719,1377319083,398.0
719,1377319088,395.0
719,1377319093,397.0
719,1377319098,400.0
719,1377319103,401.0
719,1377319108,396.0
719,1377319113,393.0
719,1377319118,398.0
719,1377319123,391.0
719,1377319128,391.0
719,1377319133,398.0
719,1377319138,397.0
719,1377319143,403.0
719,1377319148,403.0
719,1377319153,404.0
719,1377319158,407.0
719,1377319163,408.0
719,1377319168,409.0
719,1377319173,407.0
719,1377319178,407.0
719,1377319183,401.0
719,1377319188,406.0
719,1377319193,401.0
719,1377319198,404.0
719,1377319203,403.0
719,1377319208,403.0
719,1377319213,404.0
719,1377319218,402.0
719,1377319223,398.0
719,1377319228,397.0
719,1377319233,398.0
719,1377319238,402.0
719,1377319243,398.0
719,1377319248,396.0
719,1377319253,396.0
719,1377319258,395.0
719,1377319263,397.0
719,1377319268,401.0
719,1377319273,399.0
719,1377319278,399.0
719,1377319283,404.0
719,1377319288,404.0
719,1377319293,401.0
719,1377319298,400.0
719,1377319303,395.0
719,1377319308,387.0
719,1377319313,391.0
719,1377319318,383.0
719,1377319323,396.0
719,1377319328,396.0
719,1377319333,397.0
719,1377319338,397.0
719,1377319343,398.0
719,1377319348,399.0
719,1377319353,401.0
719,1377319358,401.0
719,1377319363,396.0
719,1377319368,398.0
719,1377319373,398.0
719,1377319378,398.0
719,1377319383,401.0
719,1377319388,397.0
719,1377319393,404.0
719,1377319398,406.0
719,1377319403,403.0
719,1377319408,400.0
719,1377319413,398.0
719,1377319418,396.0
719,1377319423,393.0
719,1377319428,396.0
719,1377319433,398.0
719,1377319438,396.0
719,1377319443,392.0
719,1377319448,387.0
719,1377319453,391.0
719,1377319458,391.0
719,1377319463,398.0
719,1377319468,398.0
719,1377319473,401.0
719,1377319478,398.0
719,1377319483,404.0
719,1377319488,401.0
719,1377319493,399.0
719,1377319498,404.0
719,1377319503,408.0
719,1377319508,411.0
719,1377319513,412.0
719,1377319518,416.0
719,1377319523,408.0
719,1377319528,399.0
719,1377319533,401.0
719,1377319538,398.0
719,1377319543,401.0
719,1377319548,401.0
719,1377319553,414.0
719,1377319558,399.0
719,1377319563,408.0
719,1377319568,403.0
719,1377319573,403.0
719,1377319578,401.0
719,1377319583,403.0
719,1377319588,406.0
719,1377319593,403.0
719,1377319598,404.0
719,1377319603,412.0
719,1377319608,399.0
719,1377319613,401.0
719,1377319618,396.0
719,1377319623,400.0
719,1377319628,393.0
719,1377319633,391.0
719,1377319638,398.0
719,1377319643,393.0
719,1377319648,393.0
719,1377319653,406.0
719,1377319658,395.0
719,1377319663,391.0
719,1377319668,393.0
719,1377319673,395.0
719,1377319678,396.0
719,1377319683,391.0
719,1377319688,391.0
719,1377319693,394.0
719,1377319698,393.0
719,1377319703,401.0
719,1377319708,401.0
719,1377319713,400.0
719,1377319718,401.0
719,1377319723,401.0
719,1377319728,408.0
719,1377319733,403.0
719,1377319738,398.0
719,1377319743,400.0
719,1377319748,395.0
719,1377319753,393.0
719,1377319758,396.0
719,1377319763,395.0
719,1377319768,396.0
719,1377319773,395.0
719,1377319778,391.0
719,1377319783,391.0
719,1377319788,393.0
719,1377319793,395.0
719,1377319798,391.0
719,1377319803,393.0
719,1377319808,402.0
719,1377319813,403.0
719,1377319818,398.0
719,1377319823,412.0
719,1377319828,412.0
719,1377319833,407.0
719,1377319838,409.0
719,1377319843,409.0
719,1377319848,403.0
719,1377319853,403.0
719,1377319858,403.0
719,1377319863,401.0
719,1377319868,400.0
719,1377319873,391.0
719,1377319878,398.0
719,1377319883,396.0
719,1377319888,398.0
719,1377319893,395.0
719,1377319898,396.0
719,1377319903,398.0
719,1377319908,398.0
719,1377319913,403.0
719,1377319918,398.0
719,1377319923,397.0
719,1377319928,401.0
719,1377319933,401.0
719,1377319938,401.0
719,1377319943,393.0
719,1377319948,393.0
719,1377319953,388.0
719,1377319958,393.0
719,1377319963,391.0
719,1377319968,398.0
719,1377319973,401.0
719,1377319978,403.0
719,1377319983,401.0
719,1377319988,401.0
719,1377319993,400.0
719,1377319998,396.0
719,1377320003,388.0
719,1377320008,391.0
719,1377320013,391.0
719,1377320018,396.0
719,1377320023,396.0
719,1377320028,398.0
719,1377320033,396.0
719,1377320038,393.0
719,1377320043,396.0
719,1377320048,396.0
719,1377320053,398.0
719,1377320058,406.0
719,1377320063,408.0
719,1377320068,403.0
719,1377320073,402.0
719,1377320078,398.0
719,1377320083,406.0
719,1377320088,398.0
719,1377320093,408.0
719,1377320098,403.0
719,1377320103,408.0
719,1377320108,404.0
719,1377320113,402.0
719,1377320118,398.0
719,1377320123,393.0
719,1377320128,390.0
719,1377320133,383.0
719,1377320138,388.0
719,1377320143,384.0
719,1377320148,382.0
719,1377320153,392.0
719,1377320158,392.0
719,1377320163,387.0
719,1377320168,391.0
719,1377320173,391.0
719,1377320178,391.0
719,1377320183,398.0
719,1377320188,403.0
719,1377320193,403.0
719,1377320198,403.0
719,1377320203,401.0
719,1377320208,402.0
719,1377320213,398.0
719,1377320218,402.0
719,1377320223,403.0
719,1377320228,403.0
719,1377320233,401.0
719,1377320238,401.0
719,1377320243,398.0
719,1377320248,396.0
719,1377320253,396.0
719,1377320258,392.0
719,1377320263,393.0
719,1377320268,390.0
719,1377320273,391.0
719,1377320278,395.0
719,1377320283,400.0
719,1377320288,406.0
719,1377320293,409.0
719,1377320298,408.0
719,1377320303,403.0
719,1377320308,401.0
719,1377320313,396.0
719,1377320318,390.0
719,1377320323,392.0
719,1377320328,388.0
719,1377320333,391.0
719,1377320338,391.0
719,1377320343,397.0
719,1377320348,401.0
719,1377320353,403.0
719,1377320358,403.0
719,1377320363,401.0
719,1377320368,403.0
719,1377320373,399.0
719,1377320378,406.0
719,1377320383,398.0
719,1377320388,401.0
719,1377320393,395.0
719,1377320398,395.0
719,1377320403,391.0
719,1377320408,392.0
719,1377320413,390.0
719,1377320418,387.0
719,1377320423,398.0
719,1377320428,396.0
719,1377320433,402.0
719,1377320438,404.0
719,1377320443,398.0
719,1377320448,397.0
719,1377320453,398.0
719,1377320458,393.0
719,1377320463,388.0
719,1377320468,388.0
719,1377320473,388.0
719,1377320478,387.0
719,1377320483,392.0
719,1377320488,396.0
719,1377320493,404.0
719,1377320498,404.0
719,1377320503,404.0
719,1377320508,398.0
719,1377320513,402.0
719,1377320518,398.0
719,1377320523,398.0
719,1377320528,391.0
719,1377320533,396.0
719,1377320538,393.0
719,1377320543,391.0
719,1377320548,395.0
719,1377320553,397.0
719,1377320558,408.0
719,1377320563,409.0
719,1377320568,406.0
719,1377320573,399.0
719,1377320578,395.0
719,1377320583,398.0
719,1377320588,393.0
719,1377320593,399.0
719,1377320598,406.0
719,1377320603,404.0
719,1377320608,404.0
719,1377320613,399.0
719,1377320618,406.0
719,1377320623,403.0
719,1377320628,397.0
719,1377320633,396.0
719,1377320638,391.0
719,1377320643,392.0
719,1377320648,392.0
719,1377320653,396.0
719,1377320658,401.0
719,1377320663,399.0
719,1377320668,403.0
719,1377320673,404.0
719,1377320678,406.0
719,1377320683,409.0
719,1377320688,409.0
719,1377320693,407.0
719,1377320698,416.0
719,1377320703,406.0
719,1377320708,406.0
719,1377320713,406.0
719,1377320718,406.0
719,1377320723,401.0
719,1377320728,404.0
719,1377320733,403.0
719,1377320738,407.0
719,1377320743,404.0
719,1377320748,403.0
719,1377320753,397.0
719,1377320758,398.0
719,1377320763,398.0
719,1377320768,401.0
719,1377320773,401.0
719,1377320778,404.0
719,1377320783,403.0
719,1377320788,401.0
719,1377320793,399.0
719,1377320798,401.0
719,1377320803,397.0
719,1377320808,398.0
719,1377320813,397.0
719,1377320818,402.0
719,1377320823,408.0
719,1377320828,409.0
719,1377320833,416.0
719,1377320838,408.0
719,1377320843,403.0
719,1377320848,397.0
719,1377320853,397.0
719,1377320858,396.0
719,1377320863,396.0
719,1377320868,393.0
719,1377320873,396.0
719,1377320878,396.0
719,1377320883,391.0
719,1377320888,383.0
719,1377320893,385.0
719,1377320898,392.0
719,1377320903,400.0
719,1377320908,401.0
719,1377320913,400.0
719,1377320918,398.0
719,1377320923,396.0
719,1377320928,391.0
719,1377320933,398.0
719,1377320938,397.0
719,1377320943,393.0
719,1377320948,393.0
719,1377320953,393.0
719,1377320958,391.0
719,1377320963,393.0
719,1377320968,391.0
719,1377320973,400.0
719,1377320978,402.0
719,1377320983,402.0
719,1377320988,398.0
719,1377320993,398.0
719,1377320998,393.0
719,1377321003,387.0
719,1377321008,388.0
719,1377321013,385.0
719,1377321018,388.0
719,1377321023,392.0
719,1377321028,390.0
719,1377321033,390.0
719,1377321038,397.0
719,1377321043,401.0
719,1377321048,398.0
719,1377321053,398.0
719,1377321058,401.0
719,1377321063,397.0
719,1377321068,393.0
719,1377321073,397.0
719,1377321078,397.0
719,1377321083,403.0
719,1377321088,398.0
719,1377321093,403.0
719,1377321098,398.0
719,1377321103,396.0
719,1377321108,396.0
719,1377321113,401.0
719,1377321118,403.0
719,1377321123,398.0
719,1377321128,401.0
719,1377321133,398.0
719,1377321138,397.0
719,1377321143,393.0
719,1377321148,395.0
719,1377321153,391.0
719,1377321158,396.0
719,1377321163,396.0
719,1377321168,401.0
719,1377321173,401.0
719,1377321177,398.0
719,1377321183,396.0
719,1377321188,396.0
719,1377321193,398.0
719,1377321198,398.0
719,1377321203,398.0
719,1377321208,401.0
719,1377321213,392.0
719,1377321218,385.0
719,1377321223,387.0
719,1377321228,392.0
719,1377321233,395.0
719,1377321238,401.0
719,1377321243,403.0
719,1377321248,404.0
719,1377321253,398.0
719,1377321258,397.0
719,1377321263,397.0
719,1377321268,398.0
719,1377321273,393.0
719,1377321278,392.0
719,1377321283,390.0
719,1377321288,390.0
719,1377321293,393.0
719,1377321298,390.0
719,1377321303,391.0
719,1377321308,398.0
719,1377321313,401.0
719,1377321318,398.0
719,1377321323,396.0
719,1377321328,400.0
719,1377321333,395.0
719,1377321338,396.0
719,1377321343,396.0
719,1377321348,391.0
719,1377321353,397.0
719,1377321358,401.0
719,1377321363,401.0
719,1377321368,401.0
719,1377321373,401.0
719,1377321378,397.0
719,1377321383,396.0
719,1377321388,393.0
719,1377321393,391.0
719,1377321398,396.0
719,1377321403,398.0
719,1377321408,402.0
719,1377321413,406.0
719,1377321418,408.0
719,1377321423,408.0
719,1377321428,408.0
719,1377321433,412.0
719,1377321438,412.0
719,1377321443,416.0
719,1377321448,409.0
719,1377321453,406.0
719,1377321458,403.0
719,1377321463,406.0
719,1377321468,403.0
719,1377321473,402.0
719,1377321478,416.0
719,1377321483,412.0
719,1377321488,416.0
719,1377321493,406.0
719,1377321498,404.0
719,1377321503,399.0
719,1377321508,402.0
719,1377321513,401.0
719,1377321518,400.0
719,1377321523,398.0
719,1377321528,398.0
719,1377321533,401.0
719,1377321538,396.0
719,1377321543,396.0
719,1377321548,390.0
719,1377321553,382.0
719,1377321558,383.0
719,1377321563,387.0
719,1377321568,388.0
719,1377321573,391.0
719,1377321578,396.0
719,1377321583,396.0
719,1377321588,391.0
719,1377321593,402.0
719,1377321597,400.0
719,1377321603,393.0
719,1377321608,388.0
719,1377321613,390.0
719,1377321618,387.0
719,1377321623,385.0
719,1377321628,391.0
719,1377321633,398.0
719,1377321638,398.0
719,1377321643,403.0
719,1377321648,408.0
719,1377321653,407.0
719,1377321658,408.0
719,1377321663,402.0
719,1377321668,397.0
719,1377321673,391.0
719,1377321678,391.0
719,1377321683,398.0
719,1377321688,402.0
719,1377321693,398.0
719,1377321698,401.0
719,1377321703,398.0
719,1377321708,398.0
719,1377321713,398.0
719,1377321718,403.0
719,1377321723,397.0
719,1377321728,398.0
719,1377321733,391.0
719,1377321738,388.0
719,1377321743,390.0
719,1377321748,390.0
719,1377321753,391.0
719,1377321758,396.0
719,1377321763,393.0
719,1377321768,395.0
719,1377321773,401.0
719,1377321778,403.0
719,1377321783,397.0
719,1377321788,395.0
719,1377321793,398.0
719,1377321798,392.0
719,1377321803,383.0
719,1377321808,388.0
719,1377321813,385.0
719,1377321818,396.0
719,1377321823,401.0
719,1377321828,401.0
719,1377321833,398.0
719,1377321838,398.0
719,1377321843,396.0
719,1377321848,391.0
719,1377321853,401.0
719,1377321858,398.0
719,1377321863,401.0
719,1377321868,391.0
719,1377321873,390.0
719,1377321878,391.0
719,1377321883,391.0
719,1377321888,390.0
719,1377321892,390.0
719,1377321898,385.0
719,1377321903,387.0
719,1377321908,387.0
719,1377321913,392.0
719,1377321918,392.0
719,1377321923,398.0
719,1377321928,401.0
719,1377321933,403.0
719,1377321937,402.0
719,1377321943,401.0
719,1377321948,397.0
719,1377321953,406.0
719,1377321958,408.0
719,1377321963,408.0
719,1377321968,408.0
719,1377321973,396.0
719,1377321978,397.0
719,1377321983,396.0
719,1377321988,398.0
719,1377321993,398.0
719,1377321998,391.0
719,1377322003,396.0
719,1377322008,396.0
719,1377322013,391.0
719,1377322018,398.0
719,1377322023,396.0
719,1377322028,398.0
719,1377322033,398.0
719,1377322038,398.0
719,1377322043,399.0
719,1377322048,404.0
719,1377322053,401.0
719,1377322058,398.0
719,1377322063,398.0
719,1377322068,401.0
719,1377322072,404.0
719,1377322078,400.0
719,1377322083,398.0
719,1377322088,398.0
719,1377322093,401.0
719,1377322098,397.0
719,1377322103,397.0
719,1377322108,391.0
719,1377322113,391.0
719,1377322117,390.0
719,1377322123,393.0
719,1377322128,396.0
719,1377322133,393.0
719,1377322138,398.0
719,1377322143,393.0
719,1377322148,393.0
719,1377322153,391.0
719,1377322158,400.0
719,1377322163,395.0
719,1377322168,400.0
719,1377322173,397.0
719,1377322178,396.0
719,1377322183,391.0
719,1377322188,395.0
719,1377322193,393.0
719,1377322198,398.0
719,1377322203,397.0
719,1377322208,397.0
719,1377322213,397.0
719,1377322218,397.0
719,1377322223,395.0
719,1377322228,395.0
719,1377322233,393.0
719,1377322238,393.0
719,1377322243,394.0
719,1377322248,390.0
719,1377322253,396.0
719,1377322258,395.0
719,1377322262,396.0
719,1377322267,396.0
719,1377322273,398.0
719,1377322278,398.0
719,1377322283,395.0
719,1377322288,387.0
719,1377322293,382.0
719,1377322298,379.0
719,1377322303,382.0
719,1377322308,382.0
719,1377322313,391.0
719,1377322318,392.0
719,1377322323,391.0
719,1377322328,393.0
719,1377322333,391.0
719,1377322338,396.0
719,1377322343,395.0
719,1377322348,395.0
719,1377322353,391.0
719,1377322358,391.0
719,1377322363,400.0
719,1377322368,392.0
719,1377322373,392.0
719,1377322377,393.0
719,1377322383,393.0
719,1377322387,402.0
719,1377322393,403.0
719,1377322398,407.0
719,1377322403,409.0
719,1377322408,416.0
719,1377322413,409.0
719,1377322418,412.0
719,1377322423,402.0
719,1377322428,397.0
719,1377322433,396.0
719,1377322437,396.0
719,1377322443,390.0
719,1377322448,392.0
719,1377322453,388.0
719,1377322458,398.0
719,1377322463,392.0
719,1377322468,392.0
719,1377322472,388.0
719,1377322478,383.0
719,1377322483,385.0
719,1377322488,383.0
719,1377322493,390.0
719,1377322497,396.0
719,1377322503,391.0
719,1377322508,401.0
719,1377322512,401.0
719,1377322518,403.0
719,1377322522,401.0
719,1377322528,402.0
719,1377322533,402.0
719,1377322537,390.0
719,1377322542,390.0
719,1377322547,398.0
719,1377322553,390.0
719,1377322558,391.0
719,1377322563,398.0
719,1377322567,401.0
719,1377322572,414.0
719,1377322578,406.0
719,1377322583,407.0
719,1377322588,406.0
719,1377322592,403.0
719,1377322598,402.0
719,1377322603,401.0
719,1377322608,393.0
719,1377322613,396.0
719,1377322618,385.0
719,1377322623,390.0
719,1377322627,395.0
719,1377322633,397.0
719,1377322638,399.0
719,1377322643,403.0
719,1377322648,402.0
719,1377322653,395.0
719,1377322657,398.0
719,1377322663,398.0
719,1377322668,398.0
719,1377322672,400.0
719,1377322677,397.0
719,1377322683,406.0
719,1377322688,406.0
719,1377322693,412.0
719,1377322698,422.0
719,1377322702,407.0
719,1377322707,408.0
719,1377322713,398.0
719,1377322718,398.0
719,1377322723,401.0
719,1377322727,401.0
719,1377322733,395.0
719,1377322738,393.0
719,1377322742,398.0
719,1377322747,396.0
719,1377322752,391.0
719,1377322758,393.0
719,1377322763,393.0
719,1377322767,396.0
719,1377322773,398.0
719,1377322777,393.0
719,1377322782,392.0
719,1377322788,385.0
719,1377322792,388.0
719,1377322797,388.0
719,1377322802,387.0
719,1377322808,393.0
719,1377322813,391.0
719,1377322818,398.0
719,1377322823,401.0
719,1377322827,400.0
719,1377322833,401.0
719,1377322838,398.0
719,1377322843,404.0
719,1377322847,404.0
719,1377322852,408.0
719,1377322857,404.0
719,1377322863,405.0
719,1377322868,400.0
719,1377322872,393.0
719,1377322877,388.0
719,1377322882,385.0
719,1377322887,383.0
719,1377322893,393.0
719,1377322898,396.0
719,1377322903,391.0
719,1377322908,393.0
719,1377322913,393.0
719,1377322918,395.0
719,1377322922,393.0
719,1377322927,398.0
719,1377322933,401.0
719,1377322937,400.0
719,1377322942,398.0
719,1377322948,392.0
719,1377322953,392.0
719,1377322958,392.0
719,1377322962,391.0
719,1377322967,398.0
719,1377322973,406.0
719,1377322978,414.0
719,1377322983,409.0
719,1377322987,408.0
719,1377322992,404.0
719,1377322998,397.0
719,1377323003,398.0
719,1377323008,393.0
719,1377323012,396.0
719,1377323017,390.0
719,1377323023,387.0
719,1377323028,390.0
719,1377323032,382.0
719,1377323037,385.0
719,1377323042,388.0
719,1377323048,396.0
719,1377323052,398.0
719,1377323057,391.0
719,1377323062,395.0
719,1377323068,397.0
719,1377323072,399.0
719,1377323077,408.0
719,1377323082,409.0
719,1377323088,403.0
719,1377323093,408.0
719,1377323098,397.0
719,1377323102,397.0
719,1377323107,393.0
719,1377323113,398.0
719,1377323118,387.0
719,1377323122,392.0
719,1377323127,393.0
719,1377323132,390.0
719,1377323137,397.0
719,1377323143,399.0
719,1377323148,404.0
719,1377323152,398.0
719,1377323157,402.0
719,1377323162,393.0
719,1377323168,392.0
719,1377323172,391.0
719,1377323177,396.0
719,1377323182,400.0
719,1377323188,401.0
719,1377323192,401.0
719,1377323198,398.0
719,1377323202,398.0
719,1377323207,397.0
719,1377323212,391.0
719,1377323217,395.0
719,1377323222,396.0
719,1377323227,398.0
719,1377323232,391.0
719,1377323238,396.0
719,1377323242,388.0
719,1377323247,390.0
719,1377323252,392.0
719,1377323258,391.0
719,1377323262,391.0
719,1377323267,388.0
719,1377323272,388.0
719,1377323277,382.0
719,1377323282,390.0
719,1377323287,397.0
719,1377323292,401.0
719,1377323297,398.0
719,1377323303,397.0
719,1377323307,396.0
719,1377323312,395.0
719,1377323317,390.0
719,1377323322,391.0
719,1377323328,392.0
719,1377323332,382.0
719,1377323337,388.0
719,1377323342,383.0
719,1377323347,387.0
719,1377323352,392.0
719,1377323357,383.0
719,1377323362,392.0
719,1377323367,397.0
719,1377323372,404.0
719,1377323378,404.0
719,1377323383,398.0
719,1377323387,398.0
719,1377323392,398.0
719,1377323397,401.0
719,1377323403,397.0
719,1377323407,402.0
719,1377323412,395.0
719,1377323417,398.0
719,1377323423,383.0
719,1377323427,392.0
719,1377323432,393.0
719,1377323437,391.0
719,1377323442,398.0
719,1377323447,397.0
719,1377323453,398.0
719,1377323457,398.0
719,1377323462,398.0
719,1377323467,395.0
719,1377323472,396.0
719,1377323478,400.0
719,1377323482,398.0
719,1377323487,401.0
719,1377323492,398.0
719,1377323497,400.0
719,1377323502,399.0
719,1377323507,401.0
719,1377323512,403.0
719,1377323517,408.0
719,1377323522,409.0
719,1377323527,412.0
719,1377323532,406.0
719,1377323537,408.0
719,1377323542,399.0
719,1377323547,398.0
719,1377323552,402.0
719,1377323557,396.0
719,1377323562,389.0
719,1377323567,383.0
719,1377323572,391.0
719,1377323578,390.0
719,1377323583,395.0
719,1377323587,393.0
719,1377323593,398.0
719,1377323597,393.0
719,1377323602,393.0
719,1377323607,391.0
719,1377323612,398.0
719,1377323618,404.0
719,1377323622,411.0
719,1377323627,407.0
719,1377323632,409.0
719,1377323638,398.0
719,1377323642,392.0
719,1377323647,385.0
719,1377323652,388.0
719,1377323657,391.0
719,1377323662,393.0
719,1377323667,391.0
719,1377323672,391.0
719,1377323677,392.0
719,1377323683,396.0
719,1377323688,391.0
719,1377323692,391.0
719,1377323697,390.0
719,1377323702,391.0
719,1377323707,391.0
719,1377323712,390.0
719,1377323717,400.0
719,1377323722,398.0
719,1377323727,395.0
719,1377323732,398.0
719,1377323737,396.0
719,1377323742,396.0
719,1377323747,396.0
719,1377323752,392.0
719,1377323757,385.0
719,1377323762,385.0
719,1377323767,383.0
719,1377323772,392.0
719,1377323777,392.0
719,1377323782,390.0
719,1377323787,396.0
719,1377323792,400.0
719,1377323797,399.0
719,1377323802,396.0
719,1377323807,396.0
719,1377323812,393.0
719,1377323817,395.0
719,1377323822,391.0
719,1377323827,396.0
719,1377323832,391.0
719,1377323837,396.0
719,1377323842,391.0
719,1377323847,396.0
719,1377323852,396.0
719,1377323857,396.0
719,1377323862,393.0
719,1377323867,390.0
719,1377323872,396.0
719,1377323877,398.0
719,1377323882,401.0
719,1377323887,406.0
719,1377323892,406.0
719,1377323897,397.0
719,1377323902,390.0
719,1377323907,396.0
719,1377323912,393.0
719,1377323917,398.0
719,1377323922,401.0
719,1377323927,406.0
719,1377323932,399.0
719,1377323937,412.0
719,1377323942,408.0
719,1377323947,403.0
719,1377323952,397.0
719,1377323957,395.0
719,1377323962,390.0
719,1377323967,392.0
719,1377323972,392.0
719,1377323977,393.0
719,1377323982,387.0
719,1377323987,387.0
719,1377323992,387.0
719,1377323998,387.0
719,1377324003,393.0
719,1377324007,395.0
719,1377324013,396.0
719,1377324017,392.0
719,1377324022,398.0
719,1377324027,392.0
719,1377324032,387.0
719,1377324038,393.0
719,1377324042,393.0
719,1377324047,393.0
719,1377324052,396.0
719,1377324057,387.0
719,1377324062,387.0
719,1377324067,392.0
719,1377324072,392.0
719,1377324077,382.0
719,1377324082,383.0
719,1377324087,383.0
719,1377324092,385.0
719,1377324097,390.0
719,1377324102,382.0
719,1377324107,388.0
719,1377324112,388.0
719,1377324117,390.0
719,1377324122,396.0
719,1377324127,391.0
719,1377324132,393.0
719,1377324137,391.0
719,1377324142,395.0
719,1377324147,391.0
719,1377324152,398.0
719,1377324157,398.0
719,1377324162,396.0
719,1377324167,400.0
719,1377324172,396.0
719,1377324177,391.0
719,1377324182,393.0
719,1377324187,391.0
719,1377324192,392.0
719,1377324197,390.0
719,1377324203,392.0
719,1377324207,396.0
719,1377324212,390.0
719,1377324217,391.0
719,1377324222,391.0
719,1377324227,387.0
719,1377324232,388.0
719,1377324237,390.0
719,1377324242,390.0
719,1377324247,396.0
719,1377324252,396.0
719,1377324257,396.0
719,1377324262,397.0
719,1377324267,398.0
719,1377324272,395.0
719,1377324277,396.0
719,1377324282,396.0
719,1377324287,391.0
719,1377324292,391.0
719,1377324297,396.0
719,1377324302,396.0
719,1377324307,398.0
719,1377324312,403.0
719,1377324317,397.0
719,1377324322,391.0
719,1377324327,387.0
719,1377324332,396.0
719,1377324337,391.0
719,1377324343,391.0
719,1377324347,396.0
719,1377324352,393.0
719,1377324357,396.0
719,1377324362,395.0
719,1377324367,397.0
719,1377324372,403.0
719,1377324377,403.0
719,1377324382,403.0
719,1377324387,404.0
719,1377324392,404.0
719,1377324397,408.0
719,1377324402,399.0
719,1377324407,404.0
719,1377324412,395.0
719,1377324417,396.0
719,1377324422,395.0
719,1377324427,398.0
719,1377324432,396.0
719,1377324437,398.0
719,1377324442,398.0
719,1377324447,395.0
719,1377324452,396.0
719,1377324457,399.0
719,1377324462,403.0
719,1377324467,403.0
719,1377324472,396.0
719,1377324478,397.0
719,1377324482,397.0
719,1377324487,399.0
719,1377324492,403.0
719,1377324497,403.0
719,1377324502,398.0
719,1377324507,398.0
719,1377324512,396.0
719,1377324517,396.0
719,1377324522,391.0
719,1377324527,402.0
719,1377324532,403.0
719,1377324537,403.0
719,1377324542,401.0
719,1377324547,404.0
719,1377324552,403.0
719,1377324557,402.0
719,1377324562,395.0
719,1377324567,393.0
719,1377324572,392.0
719,1377324577,387.0
719,1377324582,391.0
719,1377324587,391.0
719,1377324592,391.0
719,1377324597,387.0
719,1377324602,388.0
719,1377324607,383.0
719,1377324612,387.0
719,1377324617,396.0
719,1377324622,404.0
719,1377324627,406.0
719,1377324632,399.0
719,1377324638,397.0
719,1377324642,398.0
719,1377324647,395.0
719,1377324652,393.0
719,1377324657,396.0
719,1377324662,385.0
719,1377324667,385.0
719,1377324672,388.0
719,1377324677,385.0
719,1377324682,390.0
719,1377324688,390.0
719,1377324692,391.0
719,1377324697,396.0
719,1377324702,401.0
719,1377324707,400.0
719,1377324712,390.0
719,1377324717,398.0
719,1377324722,393.0
719,1377324727,395.0
719,1377324732,397.0
719,1377324737,402.0
719,1377324742,404.0
719,1377324747,409.0
719,1377324752,406.0
719,1377324757,406.0
719,1377324762,406.0
719,1377324767,403.0
719,1377324772,403.0
719,1377324777,398.0
719,1377324782,398.0
719,1377324787,403.0
719,1377324792,402.0
719,1377324797,401.0
719,1377324802,391.0
719,1377324807,392.0
719,1377324812,387.0
719,1377324817,383.0
719,1377324822,392.0
719,1377324827,391.0
719,1377324832,391.0
719,1377324837,391.0
719,1377324842,393.0
719,1377324847,390.0
719,1377324852,390.0
719,1377324857,390.0
719,1377324862,398.0
719,1377324867,391.0
719,1377324872,401.0
719,1377324877,401.0
719,1377324882,399.0
719,1377324887,400.0
719,1377324892,395.0
719,1377324897,395.0
719,1377324902,397.0
719,1377324907,401.0
719,1377324912,404.0
719,1377324917,399.0
719,1377324922,401.0
719,1377324927,391.0
719,1377324932,391.0
719,1377324937,396.0
719,1377324942,393.0
719,1377324947,393.0
719,1377324952,396.0
719,1377324957,398.0
719,1377324962,397.0
719,1377324967,398.0
719,1377324972,396.0
719,1377324977,391.0
719,1377324982,396.0
719,1377324987,390.0
719,1377324992,392.0
719,1377324997,393.0
719,1377325002,388.0
719,1377325007,385.0
719,1377325012,388.0
719,1377325017,393.0
719,1377325022,396.0
719,1377325027,391.0
719,1377325032,391.0
719,1377325037,391.0
719,1377325042,391.0
719,1377325047,391.0
719,1377325052,392.0
719,1377325057,393.0
719,1377325062,392.0
719,1377325067,396.0
719,1377325072,391.0
719,1377325077,396.0
719,1377325082,398.0
719,1377325087,387.0
719,1377325092,387.0
719,1377325097,383.0
719,1377325102,392.0
719,1377325107,393.0
719,1377325112,391.0
719,1377325117,392.0
719,1377325122,392.0
719,1377325127,387.0
719,1377325132,388.0
719,1377325137,385.0
719,1377325142,385.0
719,1377325147,390.0
719,1377325152,392.0
719,1377325157,392.0
719,1377325162,392.0
719,1377325167,392.0
719,1377325172,396.0
719,1377325177,391.0
719,1377325182,391.0
719,1377325187,391.0
719,1377325192,391.0
719,1377325197,393.0
719,1377325202,387.0
719,1377325207,390.0
719,1377325212,387.0
719,1377325217,387.0
719,1377325222,396.0
719,1377325227,400.0
719,1377325232,391.0
719,1377325237,401.0
719,1377325242,398.0
719,1377325247,402.0
719,1377325252,401.0
719,1377325257,401.0
719,1377325262,402.0
719,1377325267,398.0
719,1377325272,401.0
719,1377325277,395.0
719,1377325282,398.0
719,1377325287,390.0
719,1377325293,390.0
719,1377325297,391.0
719,1377325302,391.0
719,1377325307,391.0
719,1377325312,391.0
719,1377325317,400.0
719,1377325322,395.0
719,1377325327,396.0
719,1377325332,396.0
719,1377325337,390.0
719,1377325342,393.0
719,1377325347,393.0
719,1377325352,391.0
719,1377325358,390.0
719,1377325362,398.0
719,1377325367,391.0
719,1377325372,391.0
719,1377325377,398.0
719,1377325382,401.0
719,1377325388,402.0
719,1377325392,401.0
719,1377325397,400.0
719,1377325402,397.0
719,1377325407,396.0
719,1377325412,398.0
719,1377325417,397.0
719,1377325422,404.0
719,1377325427,409.0
719,1377325432,403.0
719,1377325437,403.0
719,1377325442,395.0
719,1377325447,392.0
719,1377325452,388.0
719,1377325457,382.0
719,1377325462,375.0
719,1377325467,374.0
719,1377325472,377.0
719,1377325477,381.0
719,1377325482,384.0
719,1377325487,382.0
719,1377325492,382.0
719,1377325497,390.0
719,1377325502,387.0
719,1377325507,388.0
719,1377325512,385.0
719,1377325518,383.0
719,1377325522,385.0
719,1377325527,385.0
719,1377325532,390.0
719,1377325537,391.0
719,1377325542,400.0
719,1377325547,403.0
719,1377325552,401.0
719,1377325557,396.0
719,1377325562,383.0
719,1377325567,396.0
719,1377325572,390.0
719,1377325578,398.0
719,1377325582,391.0
719,1377325587,395.0
719,1377325592,393.0
719,1377325597,395.0
719,1377325602,395.0
719,1377325607,393.0
719,1377325612,398.0
719,1377325617,396.0
719,1377325622,398.0
719,1377325627,391.0
719,1377325632,388.0
719,1377325637,388.0
719,1377325642,387.0
719,1377325647,392.0
719,1377325652,391.0
719,1377325657,401.0
719,1377325662,405.0
719,1377325667,407.0
719,1377325672,407.0
719,1377325677,404.0
719,1377325682,404.0
719,1377325687,401.0
719,1377325692,393.0
719,1377325697,393.0
719,1377325702,390.0
719,1377325707,392.0
719,1377325712,387.0
719,1377325717,392.0
719,1377325722,393.0
719,1377325727,397.0
719,1377325732,396.0
719,1377325737,391.0
719,1377325742,392.0
719,1377325747,392.0
719,1377325753,383.0
719,1377325757,392.0
719,1377325762,396.0
719,1377325767,400.0
719,1377325772,403.0
719,1377325777,403.0
719,1377325782,406.0
719,1377325787,397.0
719,1377325792,398.0
719,1377325797,403.0
719,1377325802,401.0
719,1377325807,401.0
719,1377325812,399.0
719,1377325817,397.0
719,1377325822,400.0
719,1377325827,397.0
719,1377325832,401.0
719,1377325837,397.0
719,1377325842,406.0
719,1377325847,401.0
719,1377325852,401.0
719,1377325857,403.0
719,1377325862,403.0
719,1377325867,403.0
719,1377325872,401.0
719,1377325877,391.0
719,1377325882,392.0
719,1377325887,385.0
719,1377325892,385.0
719,1377325897,387.0
719,1377325902,390.0
719,1377325907,390.0
719,1377325912,392.0
719,1377325917,387.0
719,1377325922,388.0
719,1377325927,392.0
719,1377325932,396.0
719,1377325937,393.0
719,1377325942,388.0
719,1377325947,384.0
719,1377325952,382.0
719,1377325957,383.0
719,1377325962,390.0
719,1377325967,391.0
719,1377325972,390.0
719,1377325977,393.0
719,1377325982,393.0
719,1377325987,391.0
719,1377325992,391.0
719,1377325997,397.0
719,1377326002,397.0
719,1377326007,401.0
719,1377326012,403.0
719,1377326017,400.0
719,1377326022,393.0
719,1377326027,393.0
719,1377326032,396.0
719,1377326037,401.0
719,1377326042,404.0
719,1377326047,412.0
719,1377326052,406.0
719,1377326057,406.0
719,1377326062,401.0
719,1377326067,398.0
719,1377326072,391.0
719,1377326077,391.0
719,1377326082,397.0
719,1377326087,401.0
719,1377326092,401.0
719,1377326097,403.0
719,1377326102,404.0
719,1377326107,401.0
719,1377326112,404.0
719,1377326117,397.0
719,1377326122,395.0
719,1377326127,388.0
719,1377326132,383.0
719,1377326137,382.0
719,1377326142,384.0
719,1377326147,382.0
719,1377326152,382.0
719,1377326157,385.0
719,1377326162,384.0
719,1377326167,385.0
719,1377326172,380.0
719,1377326177,379.0
719,1377326182,375.0
719,1377326187,384.0
719,1377326192,382.0
719,1377326197,383.0
719,1377326202,392.0
719,1377326207,391.0
719,1377326212,392.0
719,1377326217,392.0
719,1377326222,387.0
719,1377326227,398.0
719,1377326232,393.0
719,1377326237,396.0
719,1377326242,400.0
719,1377326247,403.0
719,1377326252,401.0
719,1377326257,409.0
719,1377326262,403.0
719,1377326267,391.0
719,1377326272,390.0
719,1377326277,388.0
719,1377326282,390.0
719,1377326287,382.0
719,1377326292,385.0
719,1377326297,392.0
719,1377326302,393.0
719,1377326307,403.0
719,1377326312,403.0
719,1377326317,404.0
719,1377326322,408.0
719,1377326327,414.0
719,1377326332,411.0
719,1377326337,417.0
719,1377326342,413.0
719,1377326347,412.0
719,1377326352,403.0
719,1377326357,403.0
719,1377326362,406.0
719,1377326367,412.0
719,1377326372,412.0
719,1377326377,409.0
719,1377326382,411.0
719,1377326387,407.0
719,1377326392,407.0
719,1377326397,399.0
719,1377326402,397.0
719,1377326407,395.0
719,1377326412,396.0
719,1377326417,391.0
719,1377326422,400.0
719,1377326427,401.0
719,1377326432,398.0
719,1377326437,401.0
719,1377326442,393.0
719,1377326447,392.0
719,1377326452,385.0
719,1377326457,382.0
719,1377326462,392.0
719,1377326467,396.0
719,1377326472,398.0
719,1377326477,403.0
719,1377326482,396.0
719,1377326487,396.0
719,1377326492,392.0
719,1377326497,392.0
719,1377326502,382.0
719,1377326507,391.0
719,1377326512,387.0
719,1377326517,387.0
719,1377326522,392.0
719,1377326527,392.0
719,1377326532,390.0
719,1377326537,392.0
719,1377326542,391.0
719,1377326547,392.0
719,1377326552,390.0
719,1377326557,393.0
719,1377326562,398.0
719,1377326567,397.0
719,1377326572,397.0
719,1377326577,393.0
719,1377326582,395.0
719,1377326587,391.0
719,1377326592,397.0
719,1377326597,398.0
719,1377326602,403.0
719,1377326607,412.0
719,1377326612,406.0
719,1377326617,403.0
719,1377326622,401.0
719,1377326627,390.0
719,1377326632,396.0
719,1377326637,387.0
719,1377326642,391.0
719,1377326647,390.0
719,1377326652,390.0
719,1377326657,398.0
719,1377326662,391.0
719,1377326667,392.0
719,1377326672,392.0
719,1377326677,390.0
719,1377326682,390.0
719,1377326687,385.0
719,1377326692,384.0
719,1377326697,382.0
719,1377326702,382.0
719,1377326707,384.0
719,1377326712,387.0
719,1377326717,383.0
719,1377326722,388.0
719,1377326727,393.0
719,1377326732,396.0
719,1377326737,398.0
719,1377326742,395.0
719,1377326747,395.0
719,1377326752,398.0
719,1377326757,396.0
719,1377326762,387.0
719,1377326767,390.0
719,1377326772,393.0
719,1377326777,393.0
719,1377326782,395.0
719,1377326787,398.0
719,1377326792,400.0
719,1377326797,398.0
719,1377326802,391.0
719,1377326807,398.0
719,1377326812,392.0
719,1377326817,392.0
719,1377326822,392.0
719,1377326827,390.0
719,1377326832,393.0
719,1377326837,398.0
719,1377326842,395.0
719,1377326847,396.0
719,1377326852,393.0
719,1377326857,383.0
719,1377326862,392.0
719,1377326867,388.0
719,1377326872,396.0
719,1377326877,392.0
719,1377326882,400.0
719,1377326887,398.0
719,1377326892,400.0
719,1377326897,398.0
719,1377326902,385.0
719,1377326907,384.0
719,1377326912,374.0
719,1377326917,380.0
719,1377326922,381.0
719,1377326927,379.0
719,1377326932,390.0
719,1377326937,388.0
719,1377326942,392.0
719,1377326947,393.0
719,1377326952,395.0
719,1377326957,391.0
719,1377326962,395.0
719,1377326967,397.0
719,1377326972,398.0
719,1377326977,401.0
719,1377326982,397.0
719,1377326987,412.0
719,1377326992,398.0
719,1377326997,397.0
719,1377327002,406.0
719,1377327007,409.0
719,1377327012,408.0
719,1377327017,408.0
719,1377327022,403.0
719,1377327027,393.0
719,1377327032,388.0
719,1377327037,396.0
719,1377327042,393.0
719,1377327047,396.0
719,1377327052,391.0
719,1377327057,398.0
719,1377327062,393.0
719,1377327067,403.0
719,1377327072,407.0
719,1377327077,404.0
719,1377327082,404.0
719,1377327087,401.0
719,1377327092,404.0
719,1377327097,397.0
719,1377327102,398.0
719,1377327107,398.0
719,1377327112,401.0
719,1377327117,397.0
719,1377327122,398.0
719,1377327127,396.0
719,1377327132,391.0
719,1377327137,390.0
719,1377327142,393.0
719,1377327147,393.0
719,1377327152,393.0
719,1377327157,398.0
719,1377327162,391.0
719,1377327167,395.0
719,1377327172,395.0
719,1377327177,397.0
719,1377327182,393.0
719,1377327187,398.0
719,1377327192,404.0
719,1377327197,416.0
719,1377327202,409.0
719,1377327207,412.0
719,1377327212,404.0
719,1377327217,399.0
719,1377327222,398.0
719,1377327227,396.0
719,1377327232,390.0
719,1377327237,391.0
719,1377327242,396.0
719,1377327247,397.0
719,1377327252,395.0
719,1377327257,401.0
719,1377327262,398.0
719,1377327267,408.0
719,1377327272,408.0
719,1377327277,403.0
719,1377327282,398.0
719,1377327287,396.0
719,1377327292,390.0
719,1377327297,393.0
719,1377327302,390.0
719,1377327307,392.0
719,1377327312,392.0
719,1377327317,393.0
719,1377327322,390.0
719,1377327327,396.0
719,1377327332,396.0
719,1377327337,396.0
719,1377327342,395.0
719,1377327347,393.0
719,1377327352,387.0
719,1377327357,384.0
719,1377327362,385.0
719,1377327367,384.0
719,1377327372,385.0
719,1377327377,382.0
719,1377327382,385.0
719,1377327387,379.0
719,1377327392,384.0
719,1377327397,387.0
719,1377327402,392.0
719,1377327407,391.0
719,1377327412,397.0
719,1377327417,402.0
719,1377327422,402.0
719,1377327427,402.0
719,1377327432,396.0
719,1377327437,393.0
719,1377327442,396.0
719,1377327447,393.0
719,1377327452,396.0
719,1377327457,391.0
719,1377327462,396.0
719,1377327467,396.0
719,1377327472,385.0
719,1377327477,387.0
719,1377327482,390.0
719,1377327487,396.0
719,1377327492,398.0
719,1377327497,391.0
719,1377327502,393.0
719,1377327507,391.0
719,1377327512,395.0
719,1377327517,398.0
719,1377327522,401.0
719,1377327527,398.0
719,1377327532,396.0
719,1377327537,396.0
719,1377327542,385.0
719,1377327547,385.0
719,1377327552,385.0
719,1377327557,392.0
719,1377327562,392.0
719,1377327567,390.0
719,1377327572,396.0
719,1377327577,396.0
719,1377327582,396.0
719,1377327587,396.0
719,1377327592,393.0
719,1377327597,388.0
719,1377327602,392.0
719,1377327607,390.0
719,1377327612,393.0
719,1377327617,395.0
719,1377327622,403.0
719,1377327627,403.0
719,1377327632,407.0
719,1377327637,403.0
719,1377327642,403.0
719,1377327647,393.0
719,1377327652,391.0
719,1377327657,393.0
719,1377327662,398.0
719,1377327667,398.0
719,1377327672,398.0
719,1377327677,396.0
719,1377327682,398.0
719,1377327687,398.0
719,1377327692,397.0
719,1377327697,395.0
719,1377327702,401.0
719,1377327707,395.0
719,1377327712,398.0
719,1377327717,400.0
719,1377327722,390.0
719,1377327727,391.0
719,1377327732,390.0
719,1377327737,385.0
719,1377327742,388.0
719,1377327747,393.0
719,1377327752,396.0
719,1377327757,398.0
719,1377327762,391.0
719,1377327767,393.0
719,1377327772,393.0
719,1377327777,391.0
719,1377327782,391.0
719,1377327787,400.0
719,1377327792,401.0
719,1377327797,401.0
719,1377327802,399.0
719,1377327807,398.0
719,1377327812,400.0
719,1377327817,395.0
719,1377327822,391.0
719,1377327827,392.0
719,1377327832,383.0
719,1377327837,388.0
719,1377327842,392.0
719,1377327847,393.0
719,1377327852,400.0
719,1377327857,401.0
719,1377327862,407.0
719,1377327867,406.0
719,1377327872,404.0
719,1377327877,401.0
719,1377327882,391.0
719,1377327887,396.0
719,1377327892,395.0
719,1377327897,401.0
719,1377327902,401.0
719,1377327907,397.0
719,1377327912,398.0
719,1377327917,402.0
719,1377327922,399.0
719,1377327927,403.0
719,1377327932,391.0
719,1377327937,393.0
719,1377327942,388.0
719,1377327947,382.0
719,1377327952,385.0
719,1377327957,382.0
719,1377327962,383.0
719,1377327967,390.0
719,1377327972,391.0
719,1377327977,391.0
719,1377327982,396.0
719,1377327987,395.0
719,1377327992,396.0
719,1377327997,391.0
719,1377328002,390.0
719,1377328007,400.0
719,1377328012,400.0
719,1377328017,396.0
719,1377328022,402.0
719,1377328027,398.0
719,1377328032,398.0
719,1377328037,387.0
719,1377328042,385.0
719,1377328047,385.0
719,1377328052,390.0
719,1377328057,396.0
719,1377328062,398.0
719,1377328067,398.0
719,1377328072,392.0
719,1377328077,388.0
719,1377328082,390.0
719,1377328087,391.0
719,1377328092,393.0
719,1377328097,383.0
719,1377328102,392.0
719,1377328107,387.0
719,1377328112,392.0
719,1377328117,391.0
719,1377328122,395.0
719,1377328127,396.0
719,1377328132,396.0
719,1377328137,387.0
719,1377328142,382.0
719,1377328147,390.0
719,1377328152,387.0
719,1377328157,387.0
719,1377328162,391.0
719,1377328167,391.0
719,1377328172,393.0
719,1377328177,396.0
719,1377328182,397.0
719,1377328187,400.0
719,1377328192,393.0
719,1377328197,398.0
719,1377328202,395.0
719,1377328207,391.0
719,1377328212,397.0
719,1377328217,398.0
719,1377328222,397.0
719,1377328227,399.0
719,1377328232,390.0
719,1377328237,392.0
719,1377328242,392.0
719,1377328247,391.0
719,1377328252,385.0
719,1377328257,385.0
719,1377328262,387.0
719,1377328267,391.0
719,1377328272,393.0
719,1377328277,396.0
719,1377328282,391.0
719,1377328287,387.0
719,1377328292,392.0
719,1377328298,393.0
719,1377328302,395.0
719,1377328307,401.0
719,1377328312,401.0
719,1377328317,403.0
719,1377328322,403.0
719,1377328327,401.0
719,1377328332,401.0
719,1377328337,397.0
719,1377328342,401.0
719,1377328347,395.0
719,1377328352,391.0
719,1377328357,391.0
719,1377328362,396.0
719,1377328367,401.0
719,1377328372,398.0
719,1377328377,397.0
719,1377328382,397.0
719,1377328387,396.0
719,1377328392,392.0
719,1377328397,392.0
719,1377328402,392.0
719,1377328407,387.0
719,1377328412,383.0
719,1377328417,388.0
719,1377328422,387.0
719,1377328427,390.0
719,1377328432,391.0
719,1377328437,393.0
719,1377328442,392.0
719,1377328447,392.0
719,1377328452,388.0
719,1377328457,390.0
719,1377328462,396.0
719,1377328467,396.0
719,1377328472,401.0
719,1377328477,403.0
719,1377328482,404.0
719,1377328487,403.0
719,1377328492,404.0
719,1377328497,401.0
719,1377328502,401.0
719,1377328507,397.0
719,1377328512,395.0
719,1377328517,398.0
719,1377328522,391.0
719,1377328527,396.0
719,1377328532,401.0
719,1377328537,409.0
719,1377328542,409.0
719,1377328547,403.0
719,1377328552,398.0
719,1377328557,393.0
719,1377328562,390.0
719,1377328567,392.0
719,1377328572,392.0
719,1377328577,392.0
719,1377328582,383.0
719,1377328587,381.0
719,1377328592,382.0
719,1377328597,383.0
719,1377328602,392.0
719,1377328607,396.0
719,1377328612,398.0
719,1377328617,395.0
719,1377328622,398.0
719,1377328627,396.0
719,1377328632,396.0
719,1377328637,393.0
719,1377328642,404.0
719,1377328647,393.0
719,1377328652,398.0
719,1377328657,393.0
719,1377328662,393.0
719,1377328667,393.0
719,1377328672,391.0
719,1377328677,390.0
719,1377328682,398.0
719,1377328687,398.0
719,1377328692,400.0
719,1377328697,396.0
719,1377328702,393.0
719,1377328707,390.0
719,1377328712,398.0
719,1377328717,398.0
719,1377328722,401.0
719,1377328727,412.0
719,1377328732,401.0
719,1377328737,397.0
719,1377328742,391.0
719,1377328747,393.0
719,1377328752,387.0
719,1377328757,385.0
719,1377328762,392.0
719,1377328767,401.0
719,1377328772,403.0
719,1377328777,403.0
719,1377328782,403.0
719,1377328787,401.0
719,1377328792,404.0
719,1377328797,390.0
719,1377328802,390.0
719,1377328807,390.0
719,1377328812,391.0
719,1377328817,396.0
719,1377328822,401.0
719,1377328827,403.0
719,1377328832,402.0
719,1377328837,406.0
719,1377328842,403.0
719,1377328847,401.0
719,1377328852,401.0
719,1377328857,401.0
719,1377328862,399.0
719,1377328867,400.0
719,1377328872,402.0
719,1377328877,395.0
719,1377328882,398.0
719,1377328887,391.0
719,1377328892,391.0
719,1377328897,393.0
719,1377328902,391.0
719,1377328907,401.0
719,1377328912,401.0
719,1377328917,397.0
719,1377328922,399.0
719,1377328927,396.0
719,1377328932,398.0
719,1377328937,396.0
719,1377328942,391.0
719,1377328947,390.0
719,1377328952,396.0
719,1377328957,396.0
719,1377328962,392.0
719,1377328967,387.0
719,1377328972,392.0
719,1377328977,396.0
719,1377328982,396.0
719,1377328987,402.0
719,1377328992,403.0
719,1377328997,397.0
719,1377329002,390.0
719,1377329007,390.0
719,1377329012,387.0
719,1377329017,391.0
719,1377329022,396.0
719,1377329027,396.0
719,1377329032,393.0
719,1377329037,396.0
719,1377329042,390.0
719,1377329047,396.0
719,1377329052,396.0
719,1377329057,398.0
719,1377329062,398.0
719,1377329067,395.0
719,1377329072,396.0
719,1377329077,392.0
719,1377329082,392.0
719,1377329087,390.0
719,1377329092,387.0
719,1377329097,390.0
719,1377329102,390.0
719,1377329107,396.0
719,1377329112,398.0
719,1377329117,388.0
719,1377329122,392.0
719,1377329127,396.0
719,1377329132,393.0
719,1377329137,390.0
719,1377329142,390.0
719,1377329147,390.0
719,1377329152,390.0
719,1377329157,390.0
719,1377329162,390.0
719,1377329167,393.0
719,1377329172,391.0
719,1377329177,398.0
719,1377329182,390.0
719,1377329187,392.0
719,1377329192,391.0
719,1377329197,393.0
719,1377329202,396.0
719,1377329207,393.0
719,1377329212,395.0
719,1377329217,395.0
719,1377329222,395.0
719,1377329227,404.0
719,1377329232,399.0
719,1377329237,408.0
719,1377329242,395.0
719,1377329247,396.0
719,1377329252,398.0
719,1377329257,396.0
719,1377329262,398.0
719,1377329267,395.0
719,1377329272,395.0
719,1377329277,396.0
719,1377329282,391.0
719,1377329287,393.0
719,1377329292,396.0
719,1377329297,390.0
719,1377329302,387.0
719,1377329307,387.0
719,1377329312,392.0
719,1377329317,391.0
719,1377329322,397.0
719,1377329327,396.0
719,1377329332,398.0
719,1377329337,395.0
719,1377329342,396.0
719,1377329347,393.0
719,1377329352,392.0
719,1377329357,384.0
719,1377329362,385.0
719,1377329367,375.0
719,1377329372,385.0
719,1377329377,383.0
719,1377329382,391.0
719,1377329387,400.0
719,1377329392,404.0
719,1377329397,398.0
719,1377329402,395.0
719,1377329407,398.0
719,1377329412,396.0
719,1377329417,401.0
719,1377329422,403.0
719,1377329427,403.0
719,1377329432,406.0
719,1377329437,404.0
719,1377329442,401.0
719,1377329447,393.0
719,1377329452,395.0
719,1377329457,398.0
719,1377329462,390.0
719,1377329467,390.0
719,1377329472,393.0
719,1377329477,396.0
719,1377329482,395.0
719,1377329487,402.0
719,1377329492,398.0
719,1377329497,403.0
719,1377329502,402.0
719,1377329507,401.0
719,1377329512,398.0
719,1377329517,403.0
719,1377329522,406.0
719,1377329527,402.0
719,1377329532,397.0
719,1377329537,395.0
719,1377329542,387.0
719,1377329547,396.0
719,1377329552,388.0
719,1377329557,391.0
719,1377329562,396.0
719,1377329567,390.0
719,1377329572,393.0
719,1377329577,393.0
719,1377329582,390.0
719,1377329587,393.0
719,1377329592,395.0
719,1377329597,398.0
719,1377329602,401.0
719,1377329607,391.0
719,1377329612,396.0
719,1377329617,390.0
719,1377329622,398.0
719,1377329627,399.0
719,1377329632,407.0
719,1377329637,409.0
719,1377329642,408.0
719,1377329647,400.0
719,1377329652,393.0
719,1377329657,392.0
719,1377329662,387.0
719,1377329667,383.0
719,1377329672,388.0
719,1377329677,385.0
719,1377329682,388.0
719,1377329687,387.0
719,1377329692,387.0
719,1377329697,392.0
719,1377329702,393.0
719,1377329707,393.0
719,1377329712,401.0
719,1377329717,403.0
719,1377329722,406.0
719,1377329727,403.0
719,1377329732,401.0
719,1377329737,391.0
719,1377329742,383.0
719,1377329747,382.0
719,1377329752,382.0
719,1377329757,385.0
719,1377329762,385.0
719,1377329767,387.0
719,1377329772,387.0
719,1377329777,393.0
719,1377329782,396.0
719,1377329787,398.0
719,1377329792,391.0
719,1377329797,391.0
719,1377329802,401.0
719,1377329807,406.0
719,1377329812,404.0
719,1377329817,403.0
719,1377329822,391.0
719,1377329827,390.0
719,1377329832,396.0
719,1377329837,400.0
719,1377329842,403.0
719,1377329847,403.0
719,1377329852,406.0
719,1377329857,408.0
719,1377329862,398.0
719,1377329867,397.0
719,1377329872,398.0
719,1377329877,396.0
719,1377329882,398.0
719,1377329887,396.0
719,1377329892,402.0
719,1377329897,404.0
719,1377329902,402.0
719,1377329907,401.0
719,1377329912,398.0
719,1377329917,401.0
719,1377329922,408.0
719,1377329927,406.0
719,1377329932,398.0
719,1377329937,402.0
719,1377329942,395.0
719,1377329947,393.0
719,1377329952,392.0
719,1377329957,390.0
719,1377329962,388.0
719,1377329967,387.0
719,1377329972,392.0
719,1377329977,398.0
719,1377329982,391.0
719,1377329987,396.0
719,1377329992,390.0
719,1377329997,397.0
719,1377330002,398.0
719,1377330007,396.0
719,1377330012,393.0
719,1377330017,397.0
719,1377330022,390.0
719,1377330027,391.0
719,1377330032,398.0
719,1377330037,395.0
719,1377330042,392.0
719,1377330047,387.0
719,1377330052,392.0
719,1377330057,391.0
719,1377330062,397.0
719,1377330067,403.0
719,1377330072,403.0
719,1377330077,404.0
719,1377330082,403.0
719,1377330087,398.0
719,1377330092,398.0
719,1377330097,390.0
719,1377330102,393.0
719,1377330107,393.0
719,1377330112,396.0
719,1377330117,393.0
719,1377330122,406.0
719,1377330127,401.0
719,1377330132,403.0
719,1377330137,403.0
719,1377330142,398.0
719,1377330147,395.0
719,1377330152,390.0
719,1377330157,396.0
719,1377330162,390.0
719,1377330167,396.0
719,1377330172,396.0
719,1377330177,401.0
719,1377330182,398.0
719,1377330187,400.0
719,1377330192,395.0
719,1377330197,398.0
719,1377330202,396.0
719,1377330207,391.0
719,1377330212,395.0
719,1377330217,396.0
719,1377330222,392.0
719,1377330227,390.0
719,1377330232,391.0
719,1377330237,395.0
719,1377330242,398.0
719,1377330247,401.0
719,1377330252,401.0
719,1377330257,401.0
719,1377330262,397.0
719,1377330267,398.0
719,1377330272,398.0
719,1377330277,398.0
719,1377330282,398.0
719,1377330287,396.0
719,1377330292,398.0
719,1377330297,395.0
719,1377330302,396.0
719,1377330307,396.0
719,1377330312,396.0
719,1377330317,390.0
719,1377330322,390.0
719,1377330327,391.0
719,1377330332,396.0
719,1377330337,392.0
719,1377330342,387.0
719,1377330347,392.0
719,1377330352,387.0
719,1377330357,390.0
719,1377330362,390.0
719,1377330367,391.0
719,1377330372,398.0
719,1377330377,398.0
719,1377330382,400.0
719,1377330387,393.0
719,1377330392,391.0
719,1377330397,383.0
719,1377330402,385.0
719,1377330407,382.0
719,1377330412,379.0
719,1377330417,384.0
719,1377330422,388.0
719,1377330427,398.0
719,1377330432,399.0
719,1377330437,401.0
719,1377330442,401.0
719,1377330447,395.0
719,1377330452,390.0
719,1377330457,383.0
719,1377330462,380.0
719,1377330467,380.0
719,1377330472,375.0
719,1377330477,388.0
719,1377330482,387.0
719,1377330487,393.0
719,1377330492,393.0
719,1377330497,390.0
719,1377330502,390.0
719,1377330507,393.0
719,1377330512,393.0
719,1377330517,395.0
719,1377330522,398.0
719,1377330527,390.0
719,1377330532,392.0
719,1377330537,387.0
719,1377330542,387.0
719,1377330547,385.0
719,1377330552,390.0
719,1377330557,385.0
719,1377330562,382.0
719,1377330567,382.0
719,1377330572,383.0
719,1377330577,393.0
719,1377330582,398.0
719,1377330587,398.0
719,1377330592,396.0
719,1377330597,385.0
719,1377330602,388.0
719,1377330607,379.0
719,1377330612,385.0
719,1377330617,384.0
719,1377330622,382.0
719,1377330627,384.0
719,1377330632,383.0
719,1377330637,387.0
719,1377330642,388.0
719,1377330647,392.0
719,1377330652,404.0
719,1377330657,387.0
719,1377330662,393.0
719,1377330667,393.0
719,1377330672,401.0
719,1377330677,401.0
719,1377330682,402.0
719,1377330687,397.0
719,1377330692,399.0
719,1377330697,391.0
719,1377330702,393.0
719,1377330707,392.0
719,1377330712,387.0
719,1377330717,382.0
719,1377330722,387.0
719,1377330727,396.0
719,1377330732,391.0
719,1377330737,396.0
719,1377330742,402.0
719,1377330747,404.0
719,1377330752,404.0
719,1377330757,403.0
719,1377330762,401.0
719,1377330767,397.0
719,1377330772,396.0
719,1377330777,400.0
719,1377330782,393.0
719,1377330787,395.0
719,1377330792,401.0
719,1377330797,397.0
719,1377330802,401.0
719,1377330807,401.0
719,1377330812,401.0
719,1377330817,391.0
719,1377330822,396.0
719,1377330827,391.0
719,1377330832,393.0
719,1377330837,393.0
719,1377330842,396.0
719,1377330847,392.0
719,1377330852,396.0
719,1377330857,388.0
719,1377330862,390.0
719,1377330867,391.0
719,1377330872,393.0
719,1377330877,390.0
719,1377330882,398.0
719,1377330887,391.0
719,1377330892,387.0
719,1377330897,390.0
719,1377330902,392.0
719,1377330907,382.0
719,1377330912,382.0
719,1377330917,388.0
719,1377330922,390.0
719,1377330927,396.0
719,1377330932,396.0
719,1377330937,391.0
719,1377330942,396.0
719,1377330947,395.0
719,1377330952,393.0
719,1377330957,397.0
719,1377330962,400.0
719,1377330967,400.0
719,1377330972,395.0
719,1377330977,391.0
719,1377330982,387.0
719,1377330987,393.0
719,1377330992,390.0
719,1377330997,393.0
719,1377331002,395.0
719,1377331007,390.0
719,1377331012,398.0
719,1377331017,401.0
719,1377331022,397.0
719,1377331027,414.0
719,1377331032,401.0
719,1377331037,401.0
719,1377331042,395.0
719,1377331047,393.0
719,1377331052,392.0
719,1377331057,393.0
719,1377331062,391.0
719,1377331067,398.0
719,1377331072,401.0
719,1377331077,398.0
719,1377331082,397.0
719,1377331087,396.0
719,1377331092,398.0
719,1377331097,390.0
719,1377331102,388.0
719,1377331107,385.0
719,1377331112,382.0
719,1377331117,382.0
719,1377331122,392.0
719,1377331127,393.0
719,1377331132,390.0
719,1377331137,393.0
719,1377331142,398.0
719,1377331147,398.0
719,1377331152,416.0
719,1377331157,403.0
719,1377331162,403.0
719,1377331167,401.0
719,1377331172,397.0
719,1377331177,391.0
719,1377331182,390.0
719,1377331187,388.0
719,1377331192,382.0
719,1377331197,382.0
719,1377331202,390.0
719,1377331207,391.0
719,1377331212,401.0
719,1377331217,398.0
719,1377331222,396.0
719,1377331227,393.0
719,1377331232,392.0
719,1377331237,397.0
719,1377331242,397.0
719,1377331247,401.0
719,1377331252,399.0
719,1377331257,402.0
719,1377331262,396.0
719,1377331267,390.0
719,1377331272,396.0
719,1377331277,393.0
719,1377331282,383.0
719,1377331287,383.0
719,1377331292,388.0
719,1377331297,393.0
719,1377331302,395.0
719,1377331307,397.0
719,1377331312,404.0
719,1377331317,404.0
719,1377331322,398.0
719,1377331327,397.0
719,1377331332,398.0
719,1377331337,390.0
719,1377331342,388.0
719,1377331347,387.0
719,1377331352,390.0
719,1377331357,390.0
719,1377331362,395.0
719,1377331367,392.0
719,1377331372,383.0
719,1377331377,383.0
719,1377331382,384.0
719,1377331387,385.0
719,1377331392,387.0
719,1377331397,382.0
719,1377331402,382.0
719,1377331407,383.0
719,1377331412,382.0
719,1377331417,388.0
719,1377331422,387.0
719,1377331427,390.0
719,1377331432,387.0
719,1377331437,396.0
719,1377331442,393.0
719,1377331447,393.0
719,1377331452,388.0
719,1377331457,383.0
719,1377331462,383.0
719,1377331467,384.0
719,1377331472,389.0
719,1377331477,392.0
719,1377331482,400.0
719,1377331487,397.0
719,1377331492,397.0
719,1377331497,396.0
719,1377331502,393.0
719,1377331507,387.0
719,1377331512,392.0
719,1377331517,391.0
719,1377331522,398.0
719,1377331527,402.0
719,1377331532,402.0
719,1377331537,398.0
719,1377331542,395.0
719,1377331547,396.0
719,1377331552,396.0
719,1377331557,392.0
719,1377331562,387.0
719,1377331567,387.0
719,1377331572,382.0
719,1377331577,393.0
719,1377331582,396.0
719,1377331587,397.0
719,1377331592,395.0
719,1377331597,393.0
719,1377331602,391.0
719,1377331607,385.0
719,1377331612,390.0
719,1377331617,393.0
719,1377331622,404.0
719,1377331627,398.0
719,1377331632,401.0
719,1377331637,391.0
719,1377331642,393.0
719,1377331647,388.0
719,1377331652,390.0
719,1377331657,390.0
719,1377331662,390.0
719,1377331667,396.0
719,1377331672,392.0
719,1377331677,392.0
719,1377331682,393.0
719,1377331687,387.0
719,1377331692,396.0
719,1377331697,395.0
719,1377331702,396.0
719,1377331707,396.0
719,1377331712,398.0
719,1377331717,391.0
719,1377331722,392.0
719,1377331727,389.0
719,1377331732,382.0
719,1377331737,383.0
719,1377331742,380.0
719,1377331747,382.0
719,1377331752,393.0
719,1377331757,391.0
719,1377331762,393.0
719,1377331767,393.0
719,1377331772,388.0
719,1377331777,396.0
719,1377331782,385.0
719,1377331787,384.0
719,1377331792,384.0
719,1377331797,385.0
719,1377331802,383.0
719,1377331807,391.0
719,1377331812,393.0
719,1377331817,396.0
719,1377331822,398.0
719,1377331827,396.0
719,1377331832,396.0
719,1377331837,388.0
719,1377331842,382.0
719,1377331847,380.0
719,1377331852,380.0
719,1377331857,375.0
719,1377331862,388.0
719,1377331867,390.0
719,1377331872,388.0
719,1377331877,384.0
719,1377331882,382.0
719,1377331887,384.0
719,1377331892,388.0
719,1377331897,388.0
719,1377331902,396.0
719,1377331907,396.0
719,1377331912,398.0
719,1377331917,396.0
719,1377331922,393.0
719,1377331927,398.0
719,1377331932,393.0
719,1377331937,396.0
719,1377331942,395.0
719,1377331947,392.0
719,1377331952,390.0
719,1377331957,393.0
719,1377331962,391.0
719,1377331967,395.0
719,1377331972,391.0
719,1377331977,393.0
719,1377331982,390.0
719,1377331987,392.0
719,1377331992,388.0
719,1377331997,396.0
719,1377332002,393.0
719,1377332007,401.0
719,1377332012,406.0
719,1377332017,406.0
719,1377332022,401.0
719,1377332027,393.0
719,1377332032,385.0
719,1377332037,384.0
719,1377332042,382.0
719,1377332047,388.0
719,1377332052,392.0
719,1377332057,390.0
719,1377332062,395.0
719,1377332067,398.0
719,1377332072,395.0
719,1377332077,401.0
719,1377332082,400.0
719,1377332087,397.0
719,1377332092,395.0
719,1377332097,395.0
719,1377332102,391.0
719,1377332107,392.0
719,1377332112,382.0
719,1377332117,388.0
719,1377332122,388.0
719,1377332127,388.0
719,1377332132,396.0
719,1377332137,393.0
719,1377332142,397.0
719,1377332147,395.0
719,1377332152,398.0
719,1377332157,388.0
719,1377332162,383.0
719,1377332167,388.0
719,1377332172,393.0
719,1377332177,395.0
719,1377332182,398.0
719,1377332187,399.0
719,1377332192,402.0
719,1377332197,397.0
719,1377332202,401.0
719,1377332207,401.0
719,1377332212,396.0
719,1377332217,395.0
719,1377332222,390.0
719,1377332227,393.0
719,1377332232,398.0
719,1377332237,395.0
719,1377332242,395.0
719,1377332247,401.0
719,1377332252,401.0
719,1377332257,401.0
719,1377332262,392.0
719,1377332267,392.0
719,1377332272,385.0
719,1377332277,383.0
719,1377332282,381.0
719,1377332287,374.0
719,1377332292,375.0
719,1377332297,379.0
719,1377332302,385.0
719,1377332307,388.0
719,1377332312,388.0
719,1377332317,392.0
719,1377332322,393.0
719,1377332327,390.0
719,1377332332,391.0
719,1377332337,396.0
719,1377332342,396.0
719,1377332347,398.0
719,1377332352,391.0
719,1377332357,396.0
719,1377332362,395.0
719,1377332367,393.0
719,1377332372,393.0
719,1377332377,383.0
719,1377332382,387.0
719,1377332387,388.0
719,1377332392,396.0
719,1377332397,385.0
719,1377332402,382.0
719,1377332407,385.0
719,1377332412,383.0
719,1377332417,382.0
719,1377332422,396.0
719,1377332427,395.0
719,1377332432,393.0
719,1377332437,395.0
719,1377332442,392.0
719,1377332447,382.0
719,1377332452,382.0
719,1377332457,388.0
719,1377332462,388.0
719,1377332467,385.0
719,1377332472,382.0
719,1377332477,375.0
719,1377332482,385.0
719,1377332487,396.0
719,1377332492,401.0
719,1377332497,408.0
719,1377332502,401.0
719,1377332507,400.0
719,1377332512,393.0
719,1377332517,396.0
719,1377332522,393.0
719,1377332527,396.0
719,1377332532,387.0
719,1377332537,392.0
719,1377332542,388.0
719,1377332547,383.0
719,1377332552,388.0
719,1377332557,391.0
719,1377332562,391.0
719,1377332567,401.0
719,1377332572,406.0
719,1377332577,406.0
719,1377332582,403.0
719,1377332587,399.0
719,1377332592,401.0
719,1377332597,401.0
719,1377332602,400.0
719,1377332607,390.0
719,1377332612,390.0
719,1377332617,388.0
719,1377332622,393.0
719,1377332627,390.0
719,1377332632,395.0
719,1377332637,397.0
719,1377332642,401.0
719,1377332647,393.0
719,1377332652,393.0
719,1377332657,392.0
719,1377332662,392.0
719,1377332667,390.0
719,1377332672,396.0
719,1377332677,402.0
719,1377332682,404.0
719,1377332687,401.0
719,1377332692,396.0
719,1377332697,391.0
719,1377332702,388.0
719,1377332707,383.0
719,1377332712,381.0
719,1377332717,380.0
719,1377332722,380.0
719,1377332727,385.0
719,1377332732,387.0
719,1377332737,392.0
719,1377332742,390.0
719,1377332747,390.0
719,1377332752,392.0
719,1377332757,391.0
719,1377332762,388.0
719,1377332767,393.0
719,1377332772,387.0
719,1377332777,390.0
719,1377332782,392.0
719,1377332787,396.0
719,1377332792,396.0
719,1377332797,393.0
719,1377332802,391.0
719,1377332807,387.0
719,1377332812,387.0
719,1377332817,391.0
719,1377332822,395.0
719,1377332827,401.0
719,1377332832,401.0
719,1377332837,396.0
719,1377332842,391.0
719,1377332847,390.0
719,1377332852,387.0
719,1377332857,388.0
719,1377332862,383.0
719,1377332867,392.0
719,1377332872,396.0
719,1377332877,390.0
719,1377332882,390.0
719,1377332887,396.0
719,1377332892,402.0
719,1377332897,401.0
719,1377332902,397.0
719,1377332907,396.0
719,1377332912,394.0
719,1377332917,381.0
719,1377332922,385.0
719,1377332927,382.0
719,1377332932,382.0
719,1377332937,383.0
719,1377332942,382.0
719,1377332947,388.0
719,1377332952,382.0
719,1377332957,387.0
719,1377332962,387.0
719,1377332967,390.0
719,1377332972,398.0
719,1377332977,403.0
719,1377332982,403.0
719,1377332987,398.0
719,1377332992,402.0
719,1377332997,401.0
719,1377333002,396.0
719,1377333007,395.0
719,1377333012,393.0
719,1377333017,391.0
719,1377333022,390.0
719,1377333027,390.0
719,1377333032,392.0
719,1377333037,400.0
719,1377333042,390.0
719,1377333047,390.0
719,1377333052,392.0
719,1377333057,387.0
719,1377333062,388.0
719,1377333067,387.0
719,1377333072,390.0
719,1377333077,392.0
719,1377333082,387.0
719,1377333087,396.0
719,1377333092,391.0
719,1377333097,390.0
719,1377333102,390.0
719,1377333107,388.0
719,1377333112,385.0
719,1377333117,390.0
719,1377333122,393.0
719,1377333127,397.0
719,1377333132,401.0
719,1377333137,393.0
719,1377333142,390.0
719,1377333147,390.0
719,1377333152,392.0
719,1377333157,398.0
719,1377333162,400.0
719,1377333167,398.0
719,1377333172,391.0
719,1377333177,398.0
719,1377333182,398.0
719,1377333187,395.0
719,1377333192,396.0
719,1377333197,393.0
719,1377333202,390.0
719,1377333207,387.0
719,1377333212,391.0
719,1377333217,391.0
719,1377333222,393.0
719,1377333227,396.0
719,1377333232,391.0
719,1377333237,390.0
719,1377333242,387.0
719,1377333247,390.0
719,1377333252,384.0
719,1377333257,385.0
719,1377333262,382.0
719,1377333267,387.0
719,1377333272,393.0
719,1377333277,401.0
719,1377333282,403.0
719,1377333287,408.0
719,1377333292,403.0
719,1377333297,404.0
719,1377333302,401.0
719,1377333307,400.0
719,1377333312,396.0
719,1377333317,396.0
719,1377333322,385.0
719,1377333327,387.0
719,1377333332,383.0
719,1377333337,395.0
719,1377333342,395.0
719,1377333347,396.0
719,1377333352,395.0
719,1377333357,401.0
719,1377333362,401.0
719,1377333367,396.0
719,1377333372,390.0
719,1377333377,385.0
719,1377333382,380.0
719,1377333387,375.0
719,1377333392,385.0
719,1377333397,384.0
719,1377333402,388.0
719,1377333407,382.0
719,1377333412,391.0
719,1377333417,397.0
719,1377333422,403.0
719,1377333427,402.0
719,1377333432,401.0
719,1377333437,393.0
719,1377333442,392.0
719,1377333447,387.0
719,1377333452,390.0
719,1377333457,391.0
719,1377333462,396.0
719,1377333467,393.0
719,1377333472,391.0
719,1377333477,395.0
719,1377333482,402.0
719,1377333487,397.0
719,1377333492,401.0
719,1377333497,401.0
719,1377333502,390.0
719,1377333507,395.0
719,1377333512,400.0
719,1377333517,403.0
719,1377333522,401.0
719,1377333527,412.0
719,1377333532,398.0
719,1377333537,403.0
719,1377333542,401.0
719,1377333547,401.0
719,1377333552,399.0
719,1377333557,398.0
719,1377333562,404.0
719,1377333567,398.0
719,1377333572,391.0
719,1377333577,392.0
719,1377333582,387.0
719,1377333587,392.0
719,1377333592,392.0
719,1377333597,391.0
719,1377333602,398.0
719,1377333607,387.0
719,1377333612,382.0
719,1377333617,384.0
719,1377333622,380.0
719,1377333627,385.0
719,1377333632,388.0
719,1377333637,393.0
719,1377333642,391.0
719,1377333647,396.0
719,1377333652,396.0
719,1377333657,402.0
719,1377333662,412.0
719,1377333667,398.0
719,1377333672,396.0
719,1377333677,396.0
719,1377333682,392.0
719,1377333687,390.0
719,1377333692,395.0
719,1377333697,396.0
719,1377333702,400.0
719,1377333707,396.0
719,1377333712,391.0
719,1377333717,390.0
719,1377333722,398.0
719,1377333727,400.0
719,1377333732,401.0
719,1377333737,401.0
719,1377333742,398.0
719,1377333747,393.0
719,1377333752,390.0
719,1377333757,396.0
719,1377333762,385.0
719,1377333767,393.0
719,1377333772,390.0
719,1377333777,390.0
719,1377333782,396.0
719,1377333787,396.0
719,1377333792,391.0
719,1377333797,392.0
719,1377333802,396.0
719,1377333807,388.0
719,1377333812,392.0
719,1377333817,391.0
719,1377333822,390.0
719,1377333827,383.0
719,1377333832,383.0
719,1377333837,388.0
719,1377333842,385.0
719,1377333847,385.0
719,1377333852,385.0
719,1377333857,388.0
719,1377333862,388.0
719,1377333867,388.0
719,1377333872,382.0
719,1377333877,388.0
719,1377333882,390.0
719,1377333887,391.0
719,1377333892,401.0
719,1377333897,401.0
719,1377333902,397.0
719,1377333907,397.0
719,1377333912,403.0
719,1377333917,396.0
719,1377333922,401.0
719,1377333927,400.0
719,1377333932,398.0
719,1377333937,401.0
719,1377333942,397.0
719,1377333947,401.0
719,1377333952,404.0
719,1377333957,403.0
719,1377333962,408.0
719,1377333967,404.0
719,1377333972,403.0
719,1377333977,403.0
719,1377333982,398.0
719,1377333987,397.0
719,1377333992,391.0
719,1377333997,395.0
719,1377334002,396.0
719,1377334007,396.0
719,1377334012,393.0
719,1377334017,393.0
719,1377334022,390.0
719,1377334027,393.0
719,1377334032,392.0
719,1377334037,390.0
719,1377334042,391.0
719,1377334047,398.0
719,1377334052,397.0
719,1377334057,396.0
719,1377334062,398.0
719,1377334067,391.0
719,1377334072,393.0
719,1377334077,393.0
719,1377334082,395.0
719,1377334087,396.0
719,1377334092,390.0
719,1377334097,396.0
719,1377334102,391.0
719,1377334107,390.0
719,1377334112,391.0
719,1377334117,392.0
719,1377334122,393.0
719,1377334127,383.0
719,1377334132,393.0
719,1377334137,392.0
719,1377334142,393.0
719,1377334147,387.0
719,1377334152,396.0
719,1377334157,402.0
719,1377334162,408.0
719,1377334167,401.0
719,1377334172,400.0
719,1377334177,393.0
719,1377334182,392.0
719,1377334187,392.0
719,1377334192,383.0
719,1377334197,387.0
719,1377334202,387.0
719,1377334207,385.0
719,1377334212,390.0
719,1377334217,388.0
719,1377334222,385.0
719,1377334227,382.0
719,1377334232,391.0
719,1377334237,396.0
719,1377334242,396.0
719,1377334247,400.0
719,1377334252,395.0
719,1377334257,396.0
719,1377334262,401.0
719,1377334267,403.0
719,1377334272,400.0
719,1377334277,401.0
719,1377334282,395.0
719,1377334287,395.0
719,1377334292,398.0
719,1377334297,395.0
719,1377334302,400.0
719,1377334307,401.0
719,1377334312,397.0
719,1377334317,398.0
719,1377334322,399.0
719,1377334327,397.0
719,1377334332,396.0
719,1377334337,392.0
719,1377334342,392.0
719,1377334347,392.0
719,1377334352,392.0
719,1377334357,392.0
719,1377334362,391.0
719,1377334367,393.0
719,1377334372,390.0
719,1377334377,390.0
719,1377334382,396.0
719,1377334387,396.0
719,1377334392,398.0
719,1377334397,390.0
719,1377334402,387.0
719,1377334407,385.0
719,1377334412,388.0
719,1377334417,385.0
719,1377334422,385.0
719,1377334427,392.0
719,1377334432,392.0
719,1377334437,387.0
719,1377334442,392.0
719,1377334447,393.0
719,1377334452,391.0
719,1377334457,395.0
719,1377334462,393.0
719,1377334467,387.0
719,1377334472,387.0
719,1377334477,387.0
719,1377334482,382.0
719,1377334487,387.0
719,1377334492,391.0
719,1377334497,391.0
719,1377334502,396.0
719,1377334507,398.0
719,1377334512,395.0
719,1377334517,391.0
719,1377334522,392.0
719,1377334527,391.0
719,1377334532,387.0
719,1377334537,390.0
719,1377334542,392.0
719,1377334547,392.0
719,1377334552,390.0
719,1377334557,390.0
719,1377334562,390.0
719,1377334567,390.0
719,1377334572,391.0
719,1377334577,391.0
719,1377334582,391.0
719,1377334587,397.0
719,1377334592,400.0
719,1377334597,397.0
719,1377334602,393.0
719,1377334607,383.0
719,1377334612,383.0
719,1377334617,390.0
719,1377334622,393.0
719,1377334627,383.0
719,1377334632,388.0
719,1377334637,385.0
719,1377334642,387.0
719,1377334647,396.0
719,1377334652,391.0
719,1377334657,391.0
719,1377334662,393.0
719,1377334667,387.0
719,1377334672,388.0
719,1377334677,393.0
719,1377334682,391.0
719,1377334687,396.0
719,1377334692,396.0
719,1377334697,390.0
719,1377334702,392.0
719,1377334707,390.0
719,1377334712,387.0
719,1377334717,383.0
719,1377334722,390.0
719,1377334727,387.0
719,1377334732,387.0
719,1377334737,390.0
719,1377334742,395.0
719,1377334747,395.0
719,1377334752,398.0
719,1377334757,396.0
719,1377334762,396.0
719,1377334767,395.0
719,1377334772,391.0
719,1377334777,396.0
719,1377334782,393.0
719,1377334787,390.0
719,1377334792,388.0
719,1377334797,383.0
719,1377334802,387.0
719,1377334807,392.0
719,1377334812,393.0
719,1377334817,393.0
719,1377334822,398.0
719,1377334827,401.0
719,1377334832,408.0
719,1377334837,407.0
719,1377334842,406.0
719,1377334847,398.0
719,1377334852,390.0
719,1377334857,388.0
719,1377334862,388.0
719,1377334867,390.0
719,1377334872,390.0
719,1377334877,396.0
719,1377334882,396.0
719,1377334887,390.0
719,1377334892,390.0
719,1377334897,382.0
719,1377334902,382.0
719,1377334907,387.0
719,1377334912,393.0
719,1377334917,391.0
719,1377334922,390.0
719,1377334927,391.0
719,1377334932,391.0
719,1377334937,396.0
719,1377334942,396.0
719,1377334947,396.0
719,1377334952,391.0
719,1377334957,395.0
719,1377334962,396.0
719,1377334967,392.0
719,1377334972,387.0
719,1377334977,383.0
719,1377334982,383.0
719,1377334987,383.0
719,1377334992,385.0
719,1377334997,387.0
719,1377335002,385.0
719,1377335007,383.0
719,1377335012,387.0
719,1377335017,388.0
719,1377335022,375.0
719,1377335027,374.0
719,1377335032,371.0
719,1377335037,375.0
719,1377335042,379.0
719,1377335047,388.0
719,1377335052,390.0
719,1377335057,390.0
719,1377335062,396.0
719,1377335067,391.0
719,1377335072,390.0
719,1377335077,392.0
719,1377335082,392.0
719,1377335087,392.0
719,1377335092,396.0
719,1377335097,400.0
719,1377335102,401.0
719,1377335107,397.0
719,1377335112,398.0
719,1377335117,393.0
719,1377335122,395.0
719,1377335127,391.0
719,1377335132,388.0
719,1377335137,385.0
719,1377335142,382.0
719,1377335147,380.0
719,1377335152,385.0
719,1377335157,392.0
719,1377335162,401.0
719,1377335167,412.0
719,1377335172,420.0
719,1377335177,405.0
719,1377335182,397.0
719,1377335187,402.0
719,1377335192,398.0
719,1377335197,404.0
719,1377335202,397.0
719,1377335207,395.0
719,1377335212,393.0
719,1377335217,393.0
719,1377335222,390.0
719,1377335227,397.0
719,1377335232,400.0
719,1377335237,398.0
719,1377335242,391.0
719,1377335247,393.0
719,1377335252,387.0
719,1377335257,383.0
719,1377335262,385.0
719,1377335267,388.0
719,1377335272,387.0
719,1377335277,387.0
719,1377335282,382.0
719,1377335287,379.0
719,1377335292,374.0
719,1377335297,383.0
719,1377335302,387.0
719,1377335307,396.0
719,1377335312,396.0
719,1377335317,390.0
719,1377335322,383.0
719,1377335327,390.0
719,1377335332,383.0
719,1377335337,396.0
719,1377335342,395.0
719,1377335347,393.0
719,1377335352,382.0
719,1377335357,384.0
719,1377335362,381.0
719,1377335367,384.0
719,1377335372,385.0
719,1377335377,392.0
719,1377335382,391.0
719,1377335387,393.0
719,1377335392,398.0
719,1377335397,393.0
719,1377335402,390.0
719,1377335407,382.0
719,1377335412,387.0
719,1377335417,387.0
719,1377335422,390.0
719,1377335427,398.0
719,1377335432,403.0
719,1377335437,398.0
719,1377335442,396.0
719,1377335447,389.0
719,1377335452,388.0
719,1377335457,390.0
719,1377335462,396.0
719,1377335467,393.0
719,1377335472,401.0
719,1377335477,399.0
719,1377335482,401.0
719,1377335487,400.0
719,1377335492,396.0
719,1377335497,391.0
719,1377335502,396.0
719,1377335507,395.0
719,1377335512,395.0
719,1377335517,394.0
719,1377335522,395.0
719,1377335527,392.0
719,1377335532,383.0
719,1377335537,387.0
719,1377335542,388.0
719,1377335547,382.0
719,1377335552,375.0
719,1377335557,382.0
719,1377335562,383.0
719,1377335567,387.0
719,1377335572,387.0
719,1377335577,390.0
719,1377335582,392.0
719,1377335587,383.0
719,1377335592,391.0
719,1377335597,400.0
719,1377335602,398.0
719,1377335607,397.0
719,1377335612,401.0
719,1377335617,398.0
719,1377335622,398.0
719,1377335627,400.0
719,1377335632,398.0
719,1377335637,396.0
719,1377335642,391.0
719,1377335647,392.0
719,1377335652,390.0
719,1377335657,383.0
719,1377335662,391.0
719,1377335667,387.0
719,1377335672,390.0
719,1377335677,383.0
719,1377335682,385.0
719,1377335687,385.0
719,1377335692,388.0
719,1377335697,383.0
719,1377335702,390.0
719,1377335707,401.0
719,1377335712,398.0
719,1377335717,398.0
719,1377335722,393.0
719,1377335727,392.0
719,1377335732,382.0
719,1377335737,383.0
719,1377335742,388.0
719,1377335747,388.0
719,1377335752,390.0
719,1377335757,391.0
719,1377335762,387.0
719,1377335767,389.0
719,1377335772,396.0
719,1377335777,393.0
719,1377335782,390.0
719,1377335787,396.0
719,1377335792,396.0
719,1377335797,393.0
719,1377335802,383.0
719,1377335807,385.0
719,1377335812,387.0
719,1377335817,382.0
719,1377335822,392.0
719,1377335827,392.0
719,1377335832,393.0
719,1377335837,392.0
719,1377335842,392.0
719,1377335847,387.0
719,1377335852,387.0
719,1377335857,382.0
719,1377335862,392.0
719,1377335867,396.0
719,1377335872,395.0
719,1377335877,398.0
719,1377335882,395.0
719,1377335887,396.0
719,1377335892,390.0
719,1377335897,382.0
719,1377335902,387.0
719,1377335907,385.0
719,1377335912,387.0
719,1377335917,387.0
719,1377335922,383.0
719,1377335927,385.0
719,1377335932,382.0
719,1377335937,377.0
719,1377335942,384.0
719,1377335947,388.0
719,1377335952,393.0
719,1377335957,396.0
719,1377335962,396.0
719,1377335967,393.0
719,1377335972,387.0
719,1377335977,385.0
719,1377335982,388.0
719,1377335987,388.0
719,1377335992,390.0
719,1377335997,393.0
719,1377336002,392.0
719,1377336007,390.0
719,1377336012,390.0
719,1377336017,392.0
719,1377336022,390.0
719,1377336027,396.0
719,1377336032,393.0
719,1377336037,396.0
719,1377336042,398.0
719,1377336047,398.0
719,1377336052,391.0
719,1377336057,390.0
719,1377336062,397.0
719,1377336067,398.0
719,1377336072,393.0
719,1377336077,393.0
719,1377336082,390.0
719,1377336087,390.0
719,1377336092,395.0
719,1377336097,396.0
719,1377336102,395.0
719,1377336107,388.0
719,1377336112,388.0
719,1377336117,388.0
719,1377336122,396.0
719,1377336127,393.0
719,1377336132,400.0
719,1377336137,396.0
719,1377336142,391.0
719,1377336147,385.0
719,1377336152,387.0
719,1377336157,392.0
719,1377336162,391.0
719,1377336167,390.0
719,1377336172,397.0
719,1377336177,398.0
719,1377336182,390.0
719,1377336187,387.0
719,1377336192,383.0
719,1377336197,384.0
719,1377336202,382.0
719,1377336207,385.0
719,1377336212,385.0
719,1377336217,383.0
719,1377336222,384.0
719,1377336227,388.0
719,1377336232,385.0
719,1377336237,385.0
719,1377336242,387.0
719,1377336247,392.0
719,1377336252,391.0
719,1377336257,390.0
719,1377336262,396.0
719,1377336267,391.0
719,1377336272,396.0
719,1377336277,387.0
719,1377336282,384.0
719,1377336287,388.0
719,1377336292,384.0
719,1377336297,388.0
719,1377336302,387.0
719,1377336307,392.0
719,1377336312,393.0
719,1377336317,387.0
719,1377336322,388.0
719,1377336327,385.0
719,1377336332,382.0
719,1377336337,375.0
719,1377336342,380.0
719,1377336347,383.0
719,1377336352,388.0
719,1377336357,395.0
719,1377336362,395.0
719,1377336367,401.0
719,1377336372,396.0
719,1377336377,393.0
719,1377336382,395.0
719,1377336387,391.0
719,1377336392,398.0
719,1377336397,396.0
719,1377336402,401.0
719,1377336407,390.0
719,1377336412,391.0
719,1377336417,391.0
719,1377336422,396.0
719,1377336427,396.0
719,1377336432,393.0
719,1377336437,397.0
719,1377336442,395.0
719,1377336447,390.0
719,1377336452,390.0
719,1377336457,393.0
719,1377336462,393.0
719,1377336467,393.0
719,1377336472,396.0
719,1377336477,398.0
719,1377336482,396.0
719,1377336487,393.0
719,1377336492,393.0
719,1377336497,387.0
719,1377336502,385.0
719,1377336507,392.0
719,1377336512,382.0
719,1377336517,388.0
719,1377336522,382.0
719,1377336527,385.0
719,1377336532,385.0
719,1377336537,388.0
719,1377336542,385.0
719,1377336547,390.0
719,1377336552,391.0
719,1377336557,396.0
719,1377336562,390.0
719,1377336567,391.0
719,1377336572,387.0
719,1377336577,383.0
719,1377336582,388.0
719,1377336587,383.0
719,1377336592,387.0
719,1377336597,390.0
719,1377336602,400.0
719,1377336607,402.0
719,1377336612,395.0
719,1377336617,396.0
719,1377336622,387.0
719,1377336627,391.0
719,1377336632,390.0
719,1377336637,383.0
719,1377336642,382.0
719,1377336647,382.0
719,1377336652,390.0
719,1377336657,387.0
719,1377336662,393.0
719,1377336667,391.0
719,1377336672,393.0
719,1377336677,387.0
719,1377336682,387.0
719,1377336687,383.0
719,1377336692,385.0
719,1377336697,385.0
719,1377336702,385.0
719,1377336707,385.0
719,1377336712,384.0
719,1377336717,385.0
719,1377336722,385.0
719,1377336727,384.0
719,1377336732,385.0
719,1377336737,382.0
719,1377336742,382.0
719,1377336747,385.0
719,1377336752,388.0
719,1377336757,392.0
719,1377336762,385.0
719,1377336767,388.0
719,1377336772,384.0
719,1377336777,382.0
719,1377336782,388.0
719,1377336787,392.0
719,1377336792,396.0
719,1377336797,390.0
719,1377336802,392.0
719,1377336807,396.0
719,1377336812,393.0
719,1377336817,396.0
719,1377336822,388.0
719,1377336827,382.0
719,1377336832,388.0
719,1377336837,382.0
719,1377336842,385.0
719,1377336847,382.0
719,1377336852,388.0
719,1377336857,385.0
719,1377336862,385.0
719,1377336867,382.0
719,1377336872,385.0
719,1377336877,382.0
719,1377336882,390.0
719,1377336887,387.0
719,1377336892,382.0
719,1377336897,380.0
719,1377336902,377.0
719,1377336907,374.0
719,1377336912,377.0
719,1377336917,380.0
719,1377336922,385.0
719,1377336927,385.0
719,1377336932,382.0
719,1377336937,396.0
719,1377336942,391.0
719,1377336947,390.0
719,1377336952,396.0
719,1377336957,390.0
719,1377336962,387.0
719,1377336967,396.0
719,1377336972,393.0
719,1377336977,396.0
719,1377336982,393.0
719,1377336987,390.0
719,1377336992,387.0
719,1377336997,383.0
719,1377337002,384.0
719,1377337007,380.0
719,1377337012,374.0
719,1377337017,382.0
719,1377337022,388.0
719,1377337027,383.0
719,1377337032,387.0
719,1377337037,387.0
719,1377337042,390.0
719,1377337047,387.0
719,1377337052,387.0
719,1377337057,382.0
719,1377337062,382.0
719,1377337067,382.0
719,1377337072,382.0
719,1377337077,379.0
719,1377337082,379.0
719,1377337087,377.0
719,1377337092,379.0
719,1377337097,384.0
719,1377337102,387.0
719,1377337107,387.0
719,1377337112,396.0
719,1377337117,397.0
719,1377337122,395.0
719,1377337127,395.0
719,1377337132,401.0
719,1377337137,396.0
719,1377337142,390.0
719,1377337147,387.0
719,1377337152,393.0
719,1377337157,384.0
719,1377337162,385.0
719,1377337167,380.0
719,1377337172,384.0
719,1377337177,385.0
719,1377337182,392.0
719,1377337187,400.0
719,1377337192,397.0
719,1377337197,395.0
719,1377337202,391.0
719,1377337207,396.0
719,1377337212,393.0
719,1377337217,390.0
719,1377337222,396.0
719,1377337227,396.0
719,1377337232,392.0
719,1377337237,387.0
719,1377337242,384.0
719,1377337247,384.0
719,1377337252,382.0
719,1377337257,382.0
719,1377337262,385.0
719,1377337267,388.0
719,1377337272,377.0
719,1377337277,374.0
719,1377337282,380.0
719,1377337287,384.0
719,1377337292,392.0
719,1377337297,395.0
719,1377337302,401.0
719,1377337307,414.0
719,1377337312,402.0
719,1377337317,397.0
719,1377337322,395.0
719,1377337327,396.0
719,1377337332,398.0
719,1377337337,390.0
719,1377337342,390.0
719,1377337347,387.0
719,1377337352,390.0
719,1377337357,387.0
719,1377337362,387.0
719,1377337367,392.0
719,1377337372,390.0
719,1377337377,387.0
719,1377337382,387.0
719,1377337387,388.0
719,1377337392,388.0
719,1377337397,390.0
719,1377337402,390.0
719,1377337407,396.0
719,1377337412,387.0
719,1377337417,383.0
719,1377337422,396.0
719,1377337427,396.0
719,1377337432,397.0
719,1377337437,390.0
719,1377337442,390.0
719,1377337447,392.0
719,1377337452,390.0
719,1377337457,391.0
719,1377337462,395.0
719,1377337467,397.0
719,1377337472,401.0
719,1377337477,401.0
719,1377337482,401.0
719,1377337487,393.0
719,1377337492,392.0
719,1377337497,387.0
719,1377337502,392.0
719,1377337507,390.0
719,1377337512,396.0
719,1377337517,398.0
719,1377337522,391.0
719,1377337527,393.0
719,1377337532,387.0
719,1377337537,388.0
719,1377337542,392.0
719,1377337547,392.0
719,1377337552,395.0
719,1377337557,403.0
719,1377337562,401.0
719,1377337567,391.0
719,1377337572,390.0
719,1377337577,387.0
719,1377337582,382.0
719,1377337587,381.0
719,1377337592,385.0
719,1377337597,383.0
719,1377337602,390.0
719,1377337607,391.0
719,1377337612,393.0
719,1377337617,391.0
719,1377337622,383.0
719,1377337627,383.0
719,1377337632,382.0
719,1377337637,383.0
719,1377337642,388.0
719,1377337647,382.0
719,1377337652,393.0
719,1377337657,390.0
719,1377337662,390.0
719,1377337667,387.0
719,1377337672,390.0
719,1377337677,387.0
719,1377337682,390.0
719,1377337687,387.0
719,1377337692,390.0
719,1377337697,383.0
719,1377337702,388.0
719,1377337707,385.0
719,1377337712,374.0
719,1377337717,377.0
719,1377337722,380.0
719,1377337727,388.0
719,1377337732,393.0
719,1377337737,396.0
719,1377337742,391.0
719,1377337747,390.0
719,1377337752,396.0
719,1377337757,390.0
719,1377337762,396.0
719,1377337767,401.0
719,1377337772,400.0
719,1377337777,397.0
719,1377337782,390.0
719,1377337787,387.0
719,1377337792,385.0
719,1377337797,385.0
719,1377337802,388.0
719,1377337807,391.0
719,1377337812,393.0
719,1377337817,391.0
719,1377337822,391.0
719,1377337827,392.0
719,1377337832,382.0
719,1377337837,391.0
719,1377337842,391.0
719,1377337847,395.0
719,1377337852,397.0
719,1377337857,391.0
719,1377337862,392.0
719,1377337867,384.0
719,1377337872,375.0
719,1377337877,375.0
719,1377337882,388.0
719,1377337887,390.0
719,1377337892,396.0
719,1377337897,393.0
719,1377337902,383.0
719,1377337907,382.0
719,1377337912,382.0
719,1377337917,381.0
719,1377337922,387.0
719,1377337927,393.0
719,1377337932,398.0
719,1377337937,396.0
719,1377337942,393.0
719,1377337947,390.0
719,1377337952,383.0
719,1377337957,393.0
719,1377337962,391.0
719,1377337967,397.0
719,1377337972,393.0
719,1377337977,393.0
719,1377337982,383.0
719,1377337987,388.0
719,1377337992,396.0
719,1377337997,393.0
719,1377338002,391.0
719,1377338007,393.0
719,1377338012,396.0
719,1377338017,401.0
719,1377338022,396.0
719,1377338027,401.0
719,1377338032,401.0
719,1377338037,402.0
719,1377338042,395.0
719,1377338047,397.0
719,1377338052,393.0
719,1377338057,395.0
719,1377338062,391.0
719,1377338067,393.0
719,1377338072,387.0
719,1377338077,388.0
719,1377338082,390.0
719,1377338087,392.0
719,1377338092,392.0
719,1377338097,391.0
719,1377338102,390.0
719,1377338107,390.0
719,1377338112,390.0
719,1377338117,391.0
719,1377338122,395.0
719,1377338127,395.0
719,1377338132,402.0
719,1377338137,403.0
719,1377338142,401.0
719,1377338147,398.0
719,1377338152,397.0
719,1377338157,398.0
719,1377338162,395.0
719,1377338167,396.0
719,1377338172,393.0
719,1377338177,379.0
719,1377338182,380.0
719,1377338187,376.0
719,1377338192,377.0
719,1377338197,380.0
719,1377338202,388.0
719,1377338207,387.0
719,1377338212,383.0
719,1377338217,387.0
719,1377338222,390.0
719,1377338227,392.0
719,1377338232,393.0
719,1377338237,392.0
719,1377338242,393.0
719,1377338247,393.0
719,1377338252,398.0
719,1377338257,391.0
719,1377338262,396.0
719,1377338267,395.0
719,1377338272,392.0
719,1377338277,391.0
719,1377338282,390.0
719,1377338287,391.0
719,1377338292,388.0
719,1377338297,387.0
719,1377338302,382.0
719,1377338307,385.0
719,1377338312,384.0
719,1377338317,382.0
719,1377338322,382.0
719,1377338327,387.0
719,1377338332,385.0
719,1377338337,387.0
719,1377338342,387.0
719,1377338347,387.0
719,1377338352,385.0
719,1377338357,388.0
719,1377338362,385.0
719,1377338367,382.0
719,1377338372,390.0
719,1377338377,390.0
719,1377338382,395.0
719,1377338387,391.0
719,1377338392,391.0
719,1377338397,387.0
719,1377338402,393.0
719,1377338407,392.0
719,1377338412,391.0
719,1377338417,387.0
719,1377338422,387.0
719,1377338427,384.0
719,1377338432,382.0
719,1377338437,388.0
719,1377338442,383.0
719,1377338447,382.0
719,1377338452,383.0
719,1377338457,382.0
719,1377338462,385.0
719,1377338467,387.0
719,1377338472,392.0
719,1377338477,387.0
719,1377338482,390.0
719,1377338487,390.0
719,1377338492,390.0
719,1377338497,393.0
719,1377338502,395.0
719,1377338507,390.0
719,1377338512,391.0
719,1377338517,393.0
719,1377338522,390.0
719,1377338527,396.0
719,1377338532,393.0
719,1377338537,396.0
719,1377338542,395.0
719,1377338547,395.0
719,1377338552,393.0
719,1377338557,400.0
719,1377338562,395.0
719,1377338567,395.0
719,1377338572,393.0
719,1377338577,390.0
719,1377338582,396.0
719,1377338587,391.0
719,1377338592,393.0
719,1377338597,387.0
719,1377338602,390.0
719,1377338607,391.0
719,1377338612,396.0
719,1377338617,393.0
719,1377338622,390.0
719,1377338627,382.0
719,1377338632,382.0
719,1377338637,384.0
719,1377338642,385.0
719,1377338647,392.0
719,1377338652,390.0
719,1377338657,391.0
719,1377338662,387.0
719,1377338667,383.0
719,1377338672,385.0
719,1377338677,375.0
719,1377338682,382.0
719,1377338687,382.0
719,1377338692,383.0
719,1377338697,388.0
719,1377338702,388.0
719,1377338707,385.0
719,1377338712,382.0
719,1377338717,383.0
719,1377338722,383.0
719,1377338727,387.0
719,1377338732,389.0
719,1377338737,387.0
719,1377338742,382.0
719,1377338747,382.0
719,1377338752,383.0
719,1377338757,384.0
719,1377338762,388.0
719,1377338767,396.0
719,1377338772,391.0
719,1377338777,395.0
719,1377338782,391.0
719,1377338787,390.0
719,1377338792,391.0
719,1377338797,395.0
719,1377338802,395.0
719,1377338807,400.0
719,1377338812,398.0
719,1377338817,396.0
719,1377338822,393.0
719,1377338827,390.0
719,1377338832,387.0
719,1377338837,388.0
719,1377338842,387.0
719,1377338847,389.0
719,1377338852,392.0
719,1377338857,391.0
719,1377338862,391.0
719,1377338867,393.0
719,1377338872,392.0
719,1377338877,383.0
719,1377338882,388.0
719,1377338887,382.0
719,1377338892,390.0
719,1377338897,394.0
719,1377338902,395.0
719,1377338907,393.0
719,1377338912,393.0
719,1377338917,385.0
719,1377338922,385.0
719,1377338927,383.0
719,1377338932,387.0
719,1377338937,391.0
719,1377338942,390.0
719,1377338947,388.0
719,1377338952,388.0
719,1377338957,375.0
719,1377338962,382.0
719,1377338967,381.0
719,1377338972,382.0
719,1377338977,379.0
719,1377338982,374.0
719,1377338987,374.0
719,1377338992,382.0
719,1377338997,388.0
719,1377339002,390.0
719,1377339007,395.0
719,1377339012,398.0
719,1377339017,397.0
719,1377339022,396.0
719,1377339027,387.0
719,1377339032,385.0
719,1377339037,383.0
719,1377339042,388.0
719,1377339047,393.0
719,1377339052,387.0
719,1377339057,393.0
719,1377339062,390.0
719,1377339067,390.0
719,1377339072,387.0
719,1377339077,385.0
719,1377339082,385.0
719,1377339087,382.0
719,1377339092,382.0
719,1377339097,388.0
719,1377339102,387.0
719,1377339107,391.0
719,1377339112,387.0
719,1377339117,385.0
719,1377339122,383.0
719,1377339127,382.0
719,1377339132,384.0
719,1377339137,387.0
719,1377339142,393.0
719,1377339147,393.0
719,1377339152,399.0
719,1377339157,391.0
719,1377339162,396.0
719,1377339167,388.0
719,1377339172,382.0
719,1377339177,384.0
719,1377339182,385.0
719,1377339187,381.0
719,1377339192,382.0
719,1377339197,392.0
719,1377339202,393.0
719,1377339207,391.0
719,1377339212,398.0
719,1377339217,398.0
719,1377339222,391.0
719,1377339227,393.0
719,1377339232,391.0
719,1377339237,387.0
719,1377339242,382.0
719,1377339247,388.0
719,1377339252,382.0
719,1377339257,385.0
719,1377339262,384.0
719,1377339267,388.0
719,1377339272,390.0
719,1377339277,396.0
719,1377339282,392.0
719,1377339287,392.0
719,1377339292,382.0
719,1377339297,384.0
719,1377339302,388.0
719,1377339307,388.0
719,1377339312,388.0
719,1377339317,387.0
719,1377339322,388.0
719,1377339327,382.0
719,1377339332,388.0
719,1377339337,392.0
719,1377339342,383.0
719,1377339347,391.0
719,1377339352,396.0
719,1377339357,382.0
719,1377339362,385.0
719,1377339367,388.0
719,1377339372,393.0
719,1377339377,398.0
719,1377339382,400.0
719,1377339387,398.0
719,1377339392,403.0
719,1377339397,399.0
719,1377339402,402.0
719,1377339407,390.0
719,1377339412,390.0
719,1377339417,382.0
719,1377339422,374.0
719,1377339427,380.0
719,1377339432,374.0
719,1377339437,382.0
719,1377339442,375.0
719,1377339447,382.0
719,1377339452,385.0
719,1377339457,382.0
719,1377339462,384.0
719,1377339467,390.0
719,1377339472,390.0
719,1377339477,393.0
719,1377339482,390.0
719,1377339487,391.0
719,1377339492,389.0
719,1377339497,387.0
719,1377339502,387.0
719,1377339507,390.0
719,1377339512,401.0
719,1377339517,404.0
719,1377339522,403.0
719,1377339527,401.0
719,1377339532,395.0
719,1377339537,390.0
719,1377339542,390.0
719,1377339547,392.0
719,1377339552,382.0
719,1377339557,392.0
719,1377339562,388.0
719,1377339567,393.0
719,1377339572,382.0
719,1377339577,388.0
719,1377339582,382.0
719,1377339587,387.0
719,1377339592,388.0
719,1377339597,390.0
719,1377339602,396.0
719,1377339607,398.0
719,1377339612,393.0
719,1377339617,382.0
719,1377339622,388.0
719,1377339627,382.0
719,1377339632,382.0
719,1377339637,385.0
719,1377339642,380.0
719,1377339647,381.0
719,1377339652,385.0
719,1377339657,388.0
719,1377339662,393.0
719,1377339667,393.0
719,1377339672,390.0
719,1377339677,388.0
719,1377339682,387.0
719,1377339687,385.0
719,1377339692,382.0
719,1377339697,388.0
719,1377339702,385.0
719,1377339707,382.0
719,1377339712,388.0
719,1377339717,392.0
719,1377339722,388.0
719,1377339727,387.0
719,1377339732,393.0
719,1377339737,393.0
719,1377339742,390.0
719,1377339747,390.0
719,1377339752,393.0
719,1377339757,390.0
719,1377339762,395.0
719,1377339767,391.0
719,1377339772,396.0
719,1377339777,393.0
719,1377339782,396.0
719,1377339787,392.0
719,1377339792,383.0
719,1377339797,387.0
719,1377339802,387.0
719,1377339807,387.0
719,1377339812,392.0
719,1377339817,395.0
719,1377339822,393.0
719,1377339827,398.0
719,1377339832,398.0
719,1377339837,396.0
719,1377339842,396.0
719,1377339847,393.0
719,1377339852,392.0
719,1377339857,385.0
719,1377339862,387.0
719,1377339867,382.0
719,1377339872,387.0
719,1377339877,396.0
719,1377339882,393.0
719,1377339887,396.0
719,1377339892,390.0
719,1377339897,388.0
719,1377339902,374.0
719,1377339907,376.0
719,1377339912,374.0
719,1377339917,380.0
719,1377339922,382.0
719,1377339927,388.0
719,1377339932,393.0
719,1377339937,396.0
719,1377339942,402.0
719,1377339947,395.0
719,1377339952,395.0
719,1377339957,390.0
719,1377339962,387.0
719,1377339967,383.0
719,1377339972,384.0
719,1377339977,384.0
719,1377339982,382.0
719,1377339987,382.0
719,1377339992,390.0
719,1377339997,395.0
719,1377340002,406.0
719,1377340007,403.0
719,1377340012,408.0
719,1377340017,398.0
719,1377340022,396.0
719,1377340027,390.0
719,1377340032,387.0
719,1377340037,387.0
719,1377340042,392.0
719,1377340047,391.0
719,1377340052,393.0
719,1377340057,393.0
719,1377340062,387.0
719,1377340067,392.0
719,1377340072,385.0
719,1377340077,384.0
719,1377340082,385.0
719,1377340087,387.0
719,1377340092,390.0
719,1377340097,396.0
719,1377340102,398.0
719,1377340107,396.0
719,1377340112,390.0
719,1377340117,388.0
719,1377340122,383.0
719,1377340127,385.0
719,1377340132,390.0
719,1377340137,393.0
719,1377340142,396.0
719,1377340147,395.0
719,1377340152,401.0
719,1377340157,396.0
719,1377340162,398.0
719,1377340167,391.0
719,1377340172,397.0
719,1377340177,383.0
719,1377340182,396.0
719,1377340187,382.0
719,1377340192,388.0
719,1377340197,388.0
719,1377340202,382.0
719,1377340207,388.0
719,1377340212,382.0
719,1377340217,385.0
719,1377340222,382.0
719,1377340227,381.0
719,1377340232,382.0
719,1377340237,385.0
719,1377340242,383.0
719,1377340247,387.0
719,1377340252,385.0
719,1377340257,390.0
719,1377340262,389.0
719,1377340267,392.0
719,1377340272,392.0
719,1377340277,387.0
719,1377340282,387.0
719,1377340287,390.0
719,1377340292,392.0
719,1377340297,395.0
719,1377340302,390.0
719,1377340307,391.0
719,1377340312,385.0
719,1377340317,382.0
719,1377340322,382.0
719,1377340327,379.0
719,1377340332,385.0
719,1377340337,385.0
719,1377340342,382.0
719,1377340347,385.0
719,1377340352,383.0
719,1377340357,384.0
719,1377340362,385.0
719,1377340367,385.0
719,1377340372,382.0
719,1377340377,390.0
719,1377340382,388.0
719,1377340387,392.0
719,1377340392,392.0
719,1377340397,382.0
719,1377340402,387.0
719,1377340407,382.0
719,1377340412,389.0
719,1377340417,392.0
719,1377340422,392.0
719,1377340427,392.0
719,1377340432,391.0
719,1377340437,393.0
719,1377340442,395.0
719,1377340447,397.0
719,1377340452,396.0
719,1377340457,392.0
719,1377340462,387.0
719,1377340467,387.0
719,1377340472,387.0
719,1377340477,387.0
719,1377340482,385.0
719,1377340487,385.0
719,1377340492,384.0
719,1377340497,382.0
719,1377340502,387.0
719,1377340507,396.0
719,1377340512,393.0
719,1377340517,390.0
719,1377340522,393.0
719,1377340527,390.0
719,1377340532,392.0
719,1377340537,390.0
719,1377340542,390.0
719,1377340547,390.0
719,1377340552,383.0
719,1377340557,388.0
719,1377340562,387.0
719,1377340567,396.0
719,1377340572,402.0
719,1377340577,401.0
719,1377340582,398.0
719,1377340587,390.0
719,1377340592,391.0
719,1377340597,390.0
719,1377340602,396.0
719,1377340607,398.0
719,1377340612,396.0
719,1377340617,392.0
719,1377340622,385.0
719,1377340627,388.0
719,1377340632,387.0
719,1377340637,383.0
719,1377340642,385.0
719,1377340647,380.0
719,1377340652,382.0
719,1377340657,382.0
719,1377340662,383.0
719,1377340667,385.0
719,1377340672,396.0
719,1377340677,385.0
719,1377340682,383.0
719,1377340687,387.0
719,1377340692,392.0
719,1377340697,396.0
719,1377340702,393.0
719,1377340707,393.0
719,1377340712,391.0
719,1377340717,390.0
719,1377340722,391.0
719,1377340727,393.0
719,1377340732,395.0
719,1377340737,390.0
719,1377340742,391.0
719,1377340747,393.0
719,1377340752,392.0
719,1377340757,385.0
719,1377340762,387.0
719,1377340767,390.0
719,1377340772,390.0
719,1377340777,397.0
719,1377340782,398.0
719,1377340787,395.0
719,1377340792,396.0
719,1377340797,392.0
719,1377340802,387.0
719,1377340807,387.0
719,1377340812,383.0
719,1377340817,393.0
719,1377340822,393.0
719,1377340827,390.0
719,1377340832,396.0
719,1377340837,392.0
719,1377340842,388.0
719,1377340847,385.0
719,1377340852,388.0
719,1377340857,382.0
719,1377340862,384.0
719,1377340867,382.0
719,1377340872,381.0
719,1377340877,385.0
719,1377340882,388.0
719,1377340887,392.0
719,1377340892,396.0
719,1377340897,385.0
719,1377340902,385.0
719,1377340907,388.0
719,1377340912,385.0
719,1377340917,382.0
719,1377340922,387.0
719,1377340927,382.0
719,1377340932,382.0
719,1377340937,387.0
719,1377340942,388.0
719,1377340947,385.0
719,1377340952,390.0
719,1377340957,392.0
719,1377340962,393.0
719,1377340967,396.0
719,1377340972,393.0
719,1377340977,392.0
719,1377340982,390.0
719,1377340987,392.0
719,1377340992,393.0
719,1377340997,391.0
719,1377341002,392.0
719,1377341007,388.0
719,1377341012,388.0
719,1377341017,383.0
719,1377341022,387.0
719,1377341027,397.0
719,1377341032,391.0
719,1377341037,393.0
719,1377341042,390.0
719,1377341047,383.0
719,1377341052,387.0
719,1377341057,388.0
719,1377341062,388.0
719,1377341067,392.0
719,1377341072,392.0
719,1377341077,385.0
719,1377341082,385.0
719,1377341087,383.0
719,1377341092,382.0
719,1377341097,384.0
719,1377341102,380.0
719,1377341107,382.0
719,1377341112,380.0
719,1377341117,382.0
719,1377341122,379.0
719,1377341127,381.0
719,1377341132,382.0
719,1377341137,381.0
719,1377341142,385.0
719,1377341147,388.0
719,1377341152,391.0
719,1377341157,393.0
719,1377341162,401.0
719,1377341167,395.0
719,1377341172,397.0
719,1377341177,387.0
719,1377341182,382.0
719,1377341187,383.0
719,1377341192,388.0
719,1377341197,382.0
719,1377341202,382.0
719,1377341207,388.0
719,1377341212,382.0
719,1377341217,382.0
719,1377341222,385.0
719,1377341227,387.0
719,1377341232,382.0
719,1377341237,392.0
719,1377341242,392.0
719,1377341247,390.0
719,1377341252,396.0
719,1377341257,391.0
719,1377341262,393.0
719,1377341267,397.0
719,1377341272,398.0
719,1377341277,398.0
719,1377341282,398.0
719,1377341287,398.0
719,1377341292,385.0
719,1377341297,380.0
719,1377341302,374.0
719,1377341307,375.0
719,1377341312,390.0
719,1377341317,393.0
719,1377341322,400.0
719,1377341327,396.0
719,1377341332,387.0
719,1377341337,385.0
719,1377341342,382.0
719,1377341347,382.0
719,1377341352,381.0
719,1377341357,375.0
719,1377341362,375.0
719,1377341367,384.0
719,1377341372,382.0
719,1377341377,385.0
719,1377341382,385.0
719,1377341387,382.0
719,1377341392,385.0
719,1377341397,382.0
719,1377341402,389.0
719,1377341407,390.0
719,1377341412,404.0
719,1377341417,397.0
719,1377341422,398.0
719,1377341427,391.0
719,1377341432,392.0
719,1377341437,388.0
719,1377341442,396.0
719,1377341447,391.0
719,1377341452,393.0
719,1377341457,392.0
719,1377341462,385.0
719,1377341467,385.0
719,1377341472,382.0
719,1377341477,384.0
719,1377341482,382.0
719,1377341487,388.0
719,1377341492,387.0
719,1377341497,383.0
719,1377341502,388.0
719,1377341507,392.0
719,1377341512,392.0
719,1377341517,392.0
719,1377341522,390.0
719,1377341527,390.0
719,1377341532,390.0
719,1377341537,390.0
719,1377341542,392.0
719,1377341547,391.0
719,1377341552,391.0
719,1377341557,390.0
719,1377341562,387.0
719,1377341567,387.0
719,1377341572,387.0
719,1377341577,390.0
719,1377341582,390.0
719,1377341587,397.0
719,1377341592,395.0
719,1377341597,397.0
719,1377341602,396.0
719,1377341607,395.0
719,1377341612,393.0
719,1377341617,390.0
719,1377341622,387.0
719,1377341627,381.0
719,1377341632,375.0
719,1377341637,375.0
719,1377341642,367.0
719,1377341647,379.0
719,1377341652,388.0
719,1377341657,390.0
719,1377341662,391.0
719,1377341667,392.0
719,1377341672,392.0
719,1377341677,382.0
719,1377341682,384.0
719,1377341687,379.0
719,1377341692,379.0
719,1377341697,375.0
719,1377341702,379.0
719,1377341707,381.0
719,1377341712,382.0
719,1377341717,384.0
719,1377341722,384.0
719,1377341727,383.0
719,1377341732,383.0
719,1377341737,388.0
719,1377341742,392.0
719,1377341747,393.0
719,1377341752,396.0
719,1377341757,397.0
719,1377341762,390.0
719,1377341767,391.0
719,1377341772,390.0
719,1377341777,391.0
719,1377341782,392.0
719,1377341787,385.0
719,1377341792,382.0
719,1377341797,388.0
719,1377341802,382.0
719,1377341807,382.0
719,1377341812,387.0
719,1377341817,390.0
719,1377341822,393.0
719,1377341827,397.0
719,1377341832,391.0
719,1377341837,382.0
719,1377341842,387.0
719,1377341847,382.0
719,1377341852,382.0
719,1377341857,392.0
719,1377341862,393.0
719,1377341867,393.0
719,1377341872,393.0
719,1377341877,387.0
719,1377341882,383.0
719,1377341887,390.0
719,1377341892,392.0
719,1377341897,396.0
719,1377341902,395.0
719,1377341907,395.0
719,1377341912,390.0
719,1377341917,385.0
719,1377341922,381.0
719,1377341927,379.0
719,1377341932,385.0
719,1377341937,385.0
719,1377341942,391.0
719,1377341947,388.0
719,1377341952,396.0
719,1377341957,384.0
719,1377341962,383.0
719,1377341967,382.0
719,1377341972,381.0
719,1377341977,382.0
719,1377341982,384.0
719,1377341987,385.0
719,1377341992,390.0
719,1377341997,396.0
719,1377342002,391.0
719,1377342007,396.0
719,1377342012,397.0
719,1377342017,397.0
719,1377342022,393.0
719,1377342027,392.0
719,1377342032,396.0
719,1377342037,391.0
719,1377342042,392.0
719,1377342047,393.0
719,1377342052,388.0
719,1377342057,391.0
719,1377342062,392.0
719,1377342067,395.0
719,1377342072,401.0
719,1377342077,403.0
719,1377342082,398.0
719,1377342087,390.0
719,1377342092,390.0
719,1377342097,383.0
719,1377342102,392.0
719,1377342107,391.0
719,1377342112,393.0
719,1377342117,387.0
719,1377342122,387.0
719,1377342127,385.0
719,1377342132,385.0
719,1377342137,382.0
719,1377342142,388.0
719,1377342147,392.0
719,1377342152,391.0
719,1377342157,393.0
719,1377342162,393.0
719,1377342167,382.0
719,1377342172,385.0
719,1377342177,380.0
719,1377342182,382.0
719,1377342187,381.0
719,1377342192,382.0
719,1377342197,377.0
719,1377342202,381.0
719,1377342207,375.0
719,1377342212,381.0
719,1377342217,388.0
719,1377342222,393.0
719,1377342227,391.0
719,1377342232,397.0
719,1377342237,403.0
719,1377342242,398.0
719,1377342247,391.0
719,1377342252,395.0
719,1377342257,391.0
719,1377342262,396.0
719,1377342267,391.0
719,1377342272,397.0
719,1377342277,396.0
719,1377342282,397.0
719,1377342287,398.0
719,1377342292,398.0
719,1377342297,401.0
719,1377342302,396.0
719,1377342307,398.0
719,1377342312,398.0
719,1377342317,397.0
719,1377342322,396.0
719,1377342327,398.0
719,1377342332,395.0
719,1377342337,390.0
719,1377342342,391.0
719,1377342347,400.0
719,1377342352,398.0
719,1377342357,395.0
719,1377342362,391.0
719,1377342367,391.0
719,1377342372,390.0
719,1377342377,396.0
719,1377342382,387.0
719,1377342387,388.0
719,1377342392,388.0
719,1377342397,385.0
719,1377342402,382.0
719,1377342407,388.0
719,1377342412,391.0
719,1377342417,396.0
719,1377342422,390.0
719,1377342427,390.0
719,1377342432,390.0
719,1377342437,393.0
719,1377342442,390.0
719,1377342447,399.0
719,1377342452,398.0
719,1377342457,392.0
719,1377342462,388.0
719,1377342467,379.0
719,1377342472,380.0
719,1377342477,379.0
719,1377342482,388.0
719,1377342487,387.0
719,1377342492,387.0
719,1377342497,388.0
719,1377342502,385.0
719,1377342507,383.0
719,1377342512,390.0
719,1377342517,385.0
719,1377342522,381.0
719,1377342527,381.0
719,1377342532,379.0
719,1377342537,381.0
719,1377342542,380.0
719,1377342547,375.0
719,1377342552,376.0
719,1377342557,380.0
719,1377342562,380.0
719,1377342567,382.0
719,1377342572,383.0
719,1377342577,383.0
719,1377342582,383.0
719,1377342587,387.0
719,1377342592,384.0
719,1377342597,381.0
719,1377342602,380.0
719,1377342607,382.0
719,1377342612,390.0
719,1377342617,396.0
719,1377342622,391.0
719,1377342627,393.0
719,1377342632,391.0
719,1377342637,393.0
719,1377342642,392.0
719,1377342647,393.0
719,1377342652,387.0
719,1377342657,383.0
719,1377342662,388.0
719,1377342667,387.0
719,1377342672,388.0
719,1377342677,396.0
719,1377342682,404.0
719,1377342687,395.0
719,1377342692,398.0
719,1377342697,395.0
719,1377342702,395.0
719,1377342707,396.0
719,1377342712,392.0
719,1377342717,388.0
719,1377342722,385.0
719,1377342727,385.0
719,1377342732,382.0
719,1377342737,382.0
719,1377342742,384.0
719,1377342747,385.0
719,1377342752,385.0
719,1377342757,390.0
719,1377342762,393.0
719,1377342767,391.0
719,1377342772,391.0
719,1377342777,391.0
719,1377342782,390.0
719,1377342787,390.0
719,1377342792,393.0
719,1377342797,395.0
719,1377342802,398.0
719,1377342807,398.0
719,1377342812,398.0
719,1377342817,401.0
719,1377342822,398.0
719,1377342827,397.0
719,1377342832,393.0
719,1377342837,395.0
719,1377342842,392.0
719,1377342847,383.0
719,1377342852,384.0
719,1377342857,382.0
719,1377342862,387.0
719,1377342867,396.0
719,1377342872,398.0
719,1377342877,412.0
719,1377342882,406.0
719,1377342887,403.0
719,1377342892,396.0
719,1377342897,388.0
719,1377342902,382.0
719,1377342907,383.0
719,1377342912,382.0
719,1377342917,382.0
719,1377342922,385.0
719,1377342927,383.0
719,1377342932,385.0
719,1377342937,383.0
719,1377342942,383.0
719,1377342947,392.0
719,1377342952,395.0
719,1377342957,395.0
719,1377342962,395.0
719,1377342967,396.0
719,1377342972,396.0
719,1377342977,392.0
719,1377342982,388.0
719,1377342987,385.0
719,1377342992,387.0
719,1377342997,385.0
719,1377343002,383.0
719,1377343007,385.0
719,1377343012,387.0
719,1377343017,383.0
719,1377343022,391.0
719,1377343027,393.0
719,1377343032,396.0
719,1377343037,395.0
719,1377343042,390.0
719,1377343047,393.0
719,1377343052,385.0
719,1377343057,382.0
719,1377343062,379.0
719,1377343067,381.0
719,1377343072,375.0
719,1377343077,388.0
719,1377343082,383.0
719,1377343087,392.0
719,1377343092,392.0
719,1377343097,382.0
719,1377343102,385.0
719,1377343107,387.0
719,1377343112,385.0
719,1377343117,390.0
719,1377343122,393.0
719,1377343127,398.0
719,1377343132,397.0
719,1377343137,393.0
719,1377343142,391.0
719,1377343147,383.0
719,1377343152,387.0
719,1377343157,379.0
719,1377343162,375.0
719,1377343167,382.0
719,1377343172,385.0
719,1377343177,388.0
719,1377343182,393.0
719,1377343187,391.0
719,1377343192,396.0
719,1377343197,388.0
719,1377343202,392.0
719,1377343207,385.0
719,1377343212,390.0
719,1377343217,385.0
719,1377343222,385.0
719,1377343227,382.0
719,1377343232,388.0
719,1377343237,396.0
719,1377343242,390.0
719,1377343247,391.0
719,1377343252,390.0
719,1377343257,391.0
719,1377343262,390.0
719,1377343267,396.0
719,1377343272,396.0
719,1377343277,391.0
719,1377343282,398.0
719,1377343287,401.0
719,1377343292,393.0
719,1377343297,391.0
719,1377343302,391.0
719,1377343307,391.0
719,1377343312,396.0
719,1377343317,395.0
719,1377343322,396.0
719,1377343327,396.0
719,1377343332,388.0
719,1377343337,383.0
719,1377343342,383.0
719,1377343347,380.0
719,1377343352,379.0
719,1377343357,379.0
719,1377343362,388.0
719,1377343367,385.0
719,1377343372,387.0
719,1377343377,391.0
719,1377343382,396.0
719,1377343387,392.0
719,1377343392,387.0
719,1377343397,384.0
719,1377343402,382.0
719,1377343407,383.0
719,1377343412,388.0
719,1377343417,382.0
719,1377343422,387.0
719,1377343427,391.0
719,1377343432,392.0
719,1377343437,392.0
719,1377343442,393.0
719,1377343447,391.0
719,1377343452,393.0
719,1377343457,392.0
719,1377343462,388.0
719,1377343467,377.0
719,1377343472,380.0
719,1377343477,379.0
719,1377343482,383.0
719,1377343487,382.0
719,1377343492,385.0
719,1377343497,383.0
719,1377343502,382.0
719,1377343507,387.0
719,1377343512,382.0
719,1377343517,390.0
719,1377343522,393.0
719,1377343527,398.0
719,1377343532,393.0
719,1377343537,391.0
719,1377343542,393.0
719,1377343547,390.0
719,1377343552,385.0
719,1377343557,383.0
719,1377343562,380.0
719,1377343567,382.0
719,1377343572,375.0
719,1377343577,385.0
719,1377343582,383.0
719,1377343587,387.0
719,1377343592,396.0
719,1377343597,393.0
719,1377343602,390.0
719,1377343607,390.0
719,1377343612,390.0
719,1377343617,385.0
719,1377343622,385.0
719,1377343627,380.0
719,1377343632,377.0
719,1377343637,375.0
719,1377343642,379.0
719,1377343647,388.0
719,1377343652,385.0
719,1377343657,392.0
719,1377343662,383.0
719,1377343667,387.0
719,1377343672,390.0
719,1377343677,393.0
719,1377343682,396.0
719,1377343687,396.0
719,1377343692,393.0
719,1377343697,390.0
719,1377343702,397.0
719,1377343707,392.0
719,1377343712,396.0
719,1377343717,395.0
719,1377343722,395.0
719,1377343727,391.0
719,1377343732,396.0
719,1377343737,393.0
719,1377343742,393.0
719,1377343747,396.0
719,1377343752,393.0
719,1377343757,390.0
719,1377343762,390.0
719,1377343767,393.0
719,1377343772,388.0
719,1377343777,385.0
719,1377343782,383.0
719,1377343787,396.0
719,1377343792,392.0
719,1377343797,392.0
719,1377343802,382.0
719,1377343807,387.0
719,1377343812,387.0
719,1377343817,390.0
719,1377343822,388.0
719,1377343827,385.0
719,1377343832,380.0
719,1377343837,382.0
719,1377343842,385.0
719,1377343847,388.0
719,1377343852,391.0
719,1377343857,393.0
719,1377343862,396.0
719,1377343867,391.0
719,1377343872,393.0
719,1377343877,390.0
719,1377343882,391.0
719,1377343887,392.0
719,1377343892,387.0
719,1377343897,392.0
719,1377343902,392.0
719,1377343907,393.0
719,1377343912,393.0
719,1377343917,396.0
719,1377343922,400.0
719,1377343927,401.0
719,1377343932,398.0
719,1377343937,393.0
719,1377343942,390.0
719,1377343947,383.0
719,1377343952,391.0
719,1377343957,392.0
719,1377343962,383.0
719,1377343967,384.0
719,1377343972,374.0
719,1377343977,379.0
719,1377343982,375.0
719,1377343987,381.0
719,1377343992,385.0
719,1377343997,383.0
719,1377344002,382.0
719,1377344007,385.0
719,1377344012,382.0
719,1377344017,374.0
719,1377344022,383.0
719,1377344027,396.0
719,1377344032,402.0
719,1377344037,398.0
719,1377344042,396.0
719,1377344047,383.0
719,1377344052,384.0
719,1377344057,383.0
719,1377344062,382.0
719,1377344067,388.0
719,1377344072,385.0
719,1377344077,390.0
719,1377344082,390.0
719,1377344087,396.0
719,1377344092,392.0
719,1377344097,391.0
719,1377344102,388.0
719,1377344107,387.0
719,1377344112,385.0
719,1377344117,382.0
719,1377344122,388.0
719,1377344127,387.0
719,1377344132,387.0
719,1377344137,392.0
719,1377344142,396.0
719,1377344147,393.0
719,1377344152,387.0
719,1377344157,385.0
719,1377344162,390.0
719,1377344167,393.0
719,1377344172,397.0
719,1377344177,398.0
719,1377344182,403.0
719,1377344187,397.0
719,1377344192,397.0
719,1377344197,390.0
719,1377344202,390.0
719,1377344207,385.0
719,1377344212,382.0
719,1377344217,384.0
719,1377344222,382.0
719,1377344227,381.0
719,1377344232,385.0
719,1377344237,382.0
719,1377344242,391.0
719,1377344247,391.0
719,1377344252,391.0
719,1377344257,393.0
719,1377344262,383.0
719,1377344267,387.0
719,1377344272,387.0
719,1377344277,392.0
719,1377344282,390.0
719,1377344287,398.0
719,1377344292,391.0
719,1377344297,391.0
719,1377344302,385.0
719,1377344307,385.0
719,1377344312,387.0
719,1377344317,390.0
719,1377344322,396.0
719,1377344327,390.0
719,1377344332,392.0
719,1377344337,398.0
719,1377344342,396.0
719,1377344347,392.0
719,1377344352,390.0
719,1377344357,396.0
719,1377344362,396.0
719,1377344367,397.0
719,1377344372,397.0
719,1377344377,401.0
719,1377344382,391.0
719,1377344387,390.0
719,1377344392,395.0
719,1377344397,392.0
719,1377344402,385.0
719,1377344407,382.0
719,1377344412,385.0
719,1377344417,383.0
719,1377344422,388.0
719,1377344427,390.0
719,1377344432,387.0
719,1377344437,388.0
719,1377344442,382.0
719,1377344447,387.0
719,1377344452,382.0
719,1377344457,381.0
719,1377344462,384.0
719,1377344467,374.0
719,1377344472,374.0
719,1377344477,380.0
719,1377344482,385.0
719,1377344487,385.0
719,1377344492,392.0
719,1377344497,387.0
719,1377344502,387.0
719,1377344507,388.0
719,1377344512,385.0
719,1377344517,387.0
719,1377344522,390.0
719,1377344527,391.0
719,1377344532,393.0
719,1377344537,397.0
719,1377344542,401.0
719,1377344547,401.0
719,1377344552,391.0
719,1377344557,383.0
719,1377344562,387.0
719,1377344567,383.0
719,1377344572,381.0
719,1377344577,388.0
719,1377344582,379.0
719,1377344587,396.0
719,1377344592,384.0
719,1377344597,384.0
719,1377344602,381.0
719,1377344607,384.0
719,1377344612,382.0
719,1377344617,385.0
719,1377344622,390.0
719,1377344627,393.0
719,1377344632,392.0
719,1377344637,391.0
719,1377344642,393.0
719,1377344647,393.0
719,1377344652,393.0
719,1377344657,390.0
719,1377344662,383.0
719,1377344667,392.0
719,1377344672,390.0
719,1377344677,387.0
719,1377344682,390.0
719,1377344687,385.0
719,1377344692,388.0
719,1377344697,389.0
719,1377344702,390.0
719,1377344707,396.0
719,1377344712,390.0
719,1377344717,395.0
719,1377344722,397.0
719,1377344727,391.0
719,1377344732,390.0
719,1377344737,387.0
719,1377344742,385.0
719,1377344747,385.0
719,1377344752,388.0
719,1377344757,389.0
719,1377344762,392.0
719,1377344767,390.0
719,1377344772,392.0
719,1377344777,383.0
719,1377344782,390.0
719,1377344787,392.0
719,1377344792,395.0
719,1377344797,398.0
719,1377344802,391.0
719,1377344807,397.0
719,1377344812,390.0
719,1377344817,383.0
719,1377344822,382.0
719,1377344827,388.0
719,1377344832,384.0
719,1377344837,388.0
719,1377344842,392.0
719,1377344847,387.0
719,1377344852,387.0
719,1377344857,382.0
719,1377344862,385.0
719,1377344867,388.0
719,1377344872,390.0
719,1377344877,393.0
719,1377344882,396.0
719,1377344887,393.0
719,1377344892,392.0
719,1377344897,392.0
719,1377344902,396.0
719,1377344907,392.0
719,1377344912,388.0
719,1377344917,382.0
719,1377344922,388.0
719,1377344927,382.0
719,1377344932,381.0
719,1377344937,381.0
719,1377344942,385.0
719,1377344947,383.0
719,1377344952,385.0
719,1377344957,382.0
719,1377344962,396.0
719,1377344967,388.0
719,1377344972,390.0
719,1377344977,387.0
719,1377344982,385.0
719,1377344987,387.0
719,1377344992,388.0
719,1377344997,388.0
719,1377345002,390.0
719,1377345007,392.0
719,1377345012,391.0
719,1377345017,397.0
719,1377345022,393.0
719,1377345027,396.0
719,1377345032,390.0
719,1377345037,392.0
719,1377345042,383.0
719,1377345047,396.0
719,1377345052,392.0
719,1377345057,390.0
719,1377345062,390.0
719,1377345067,393.0
719,1377345072,393.0
719,1377345077,396.0
719,1377345082,390.0
719,1377345087,391.0
719,1377345092,390.0
719,1377345097,390.0
719,1377345102,393.0
719,1377345107,391.0
719,1377345112,393.0
719,1377345117,391.0
719,1377345122,393.0
719,1377345127,391.0
719,1377345132,392.0
719,1377345137,385.0
719,1377345142,380.0
719,1377345147,376.0
719,1377345152,371.0
719,1377345157,375.0
719,1377345162,375.0
719,1377345167,381.0
719,1377345172,382.0
719,1377345177,384.0
719,1377345182,383.0
719,1377345187,382.0
719,1377345192,387.0
719,1377345197,379.0
719,1377345202,379.0
719,1377345207,375.0
719,1377345212,385.0
719,1377345217,388.0
719,1377345222,396.0
719,1377345227,391.0
719,1377345232,388.0
719,1377345237,382.0
719,1377345242,383.0
719,1377345247,385.0
719,1377345252,385.0
719,1377345257,392.0
719,1377345262,393.0
719,1377345267,393.0
719,1377345272,396.0
719,1377345277,393.0
719,1377345282,391.0
719,1377345287,393.0
719,1377345292,390.0
719,1377345297,391.0
719,1377345302,390.0
719,1377345307,393.0
719,1377345312,392.0
719,1377345317,391.0
719,1377345322,387.0
719,1377345327,391.0
719,1377345332,395.0
719,1377345337,400.0
719,1377345342,395.0
719,1377345347,391.0
719,1377345352,396.0
719,1377345357,392.0
719,1377345362,385.0
719,1377345367,385.0
719,1377345372,385.0
719,1377345377,384.0
719,1377345382,382.0
719,1377345387,385.0
719,1377345392,382.0
719,1377345397,387.0
719,1377345402,388.0
719,1377345407,384.0
719,1377345412,384.0
719,1377345417,381.0
719,1377345422,382.0
719,1377345427,383.0
719,1377345432,385.0
719,1377345437,382.0
719,1377345442,382.0
719,1377345447,392.0
719,1377345452,390.0
719,1377345457,392.0
719,1377345462,396.0
719,1377345467,391.0
719,1377345472,390.0
719,1377345477,396.0
719,1377345482,393.0
719,1377345487,383.0
719,1377345492,388.0
719,1377345497,388.0
719,1377345502,380.0
719,1377345507,374.0
719,1377345512,377.0
719,1377345517,375.0
719,1377345522,377.0
719,1377345527,375.0
719,1377345532,384.0
719,1377345537,387.0
719,1377345542,390.0
719,1377345547,392.0
719,1377345552,392.0
719,1377345557,396.0
719,1377345562,402.0
719,1377345567,408.0
719,1377345572,393.0
719,1377345577,396.0
719,1377345582,392.0
719,1377345587,391.0
719,1377345592,391.0
719,1377345597,390.0
719,1377345602,390.0
719,1377345607,390.0
719,1377345612,387.0
719,1377345617,392.0
719,1377345622,390.0
719,1377345627,387.0
719,1377345632,392.0
719,1377345637,388.0
719,1377345642,385.0
719,1377345647,374.0
719,1377345652,376.0
719,1377345657,374.0
719,1377345662,375.0
719,1377345667,381.0
719,1377345672,383.0
719,1377345677,384.0
719,1377345682,384.0
719,1377345687,380.0
719,1377345692,385.0
719,1377345697,385.0
719,1377345702,387.0
719,1377345707,385.0
719,1377345712,388.0
719,1377345717,384.0
719,1377345722,382.0
719,1377345727,384.0
719,1377345732,382.0
719,1377345737,384.0
719,1377345742,381.0
719,1377345747,382.0
719,1377345752,379.0
719,1377345757,377.0
719,1377345762,380.0
719,1377345767,380.0
719,1377345772,375.0
719,1377345777,377.0
719,1377345782,382.0
719,1377345787,388.0
719,1377345792,382.0
719,1377345797,387.0
719,1377345802,387.0
719,1377345807,387.0
719,1377345812,396.0
719,1377345817,388.0
719,1377345822,382.0
719,1377345827,383.0
719,1377345832,392.0
719,1377345837,393.0
719,1377345842,393.0
719,1377345847,391.0
719,1377345852,392.0
719,1377345857,395.0
719,1377345862,391.0
719,1377345867,395.0
719,1377345872,393.0
719,1377345877,390.0
719,1377345882,395.0
719,1377345887,391.0
719,1377345892,391.0
719,1377345897,392.0
719,1377345902,392.0
719,1377345907,390.0
719,1377345912,397.0
719,1377345917,398.0
719,1377345922,397.0
719,1377345927,398.0
719,1377345932,401.0
719,1377345937,390.0
719,1377345942,387.0
719,1377345947,384.0
719,1377345952,388.0
719,1377345957,391.0
719,1377345962,398.0
719,1377345967,395.0
719,1377345972,390.0
719,1377345977,392.0
719,1377345982,387.0
719,1377345987,392.0
719,1377345992,390.0
719,1377345997,391.0
719,1377346002,400.0
719,1377346007,391.0
719,1377346012,396.0
719,1377346017,398.0
719,1377346022,398.0
719,1377346027,402.0
719,1377346032,401.0
719,1377346037,398.0
719,1377346042,390.0
719,1377346047,387.0
719,1377346052,383.0
719,1377346057,387.0
719,1377346062,382.0
719,1377346067,396.0
719,1377346072,387.0
719,1377346077,392.0
719,1377346082,382.0
719,1377346087,382.0
719,1377346092,382.0
719,1377346097,388.0
719,1377346102,382.0
719,1377346107,396.0
719,1377346112,390.0
719,1377346117,387.0
719,1377346122,393.0
719,1377346127,391.0
719,1377346132,395.0
719,1377346137,391.0
719,1377346142,390.0
719,1377346147,390.0
719,1377346152,388.0
719,1377346157,395.0
719,1377346162,396.0
719,1377346167,391.0
719,1377346172,391.0
719,1377346177,395.0
719,1377346182,391.0
719,1377346187,387.0
719,1377346192,387.0
719,1377346197,383.0
719,1377346202,388.0
719,1377346207,388.0
719,1377346212,392.0
719,1377346217,387.0
719,1377346222,395.0
719,1377346227,392.0
719,1377346232,390.0
719,1377346237,393.0
719,1377346242,383.0
719,1377346247,392.0
719,1377346252,392.0
719,1377346257,388.0
719,1377346262,385.0
719,1377346267,383.0
719,1377346272,380.0
719,1377346277,384.0
719,1377346282,385.0
719,1377346287,382.0
719,1377346292,388.0
719,1377346297,383.0
719,1377346302,385.0
719,1377346307,379.0
719,1377346312,374.0
719,1377346317,374.0
719,1377346322,374.0
719,1377346327,388.0
719,1377346332,385.0
719,1377346337,390.0
719,1377346342,395.0
719,1377346347,400.0
719,1377346352,383.0
719,1377346357,388.0
719,1377346362,387.0
719,1377346367,392.0
719,1377346372,390.0
719,1377346377,391.0
719,1377346382,395.0
719,1377346387,392.0
719,1377346392,392.0
719,1377346397,385.0
719,1377346402,379.0
719,1377346407,374.0
719,1377346412,374.0
719,1377346417,384.0
719,1377346422,385.0
719,1377346427,388.0
719,1377346432,382.0
719,1377346437,385.0
719,1377346442,387.0
719,1377346447,388.0
719,1377346452,388.0
719,1377346457,390.0
719,1377346462,393.0
719,1377346467,396.0
719,1377346472,402.0
719,1377346477,393.0
719,1377346482,393.0
719,1377346487,390.0
719,1377346492,392.0
719,1377346497,389.0
719,1377346502,387.0
719,1377346507,392.0
719,1377346512,398.0
719,1377346517,397.0
719,1377346522,400.0
719,1377346527,398.0
719,1377346532,397.0
719,1377346537,398.0
719,1377346542,398.0
719,1377346547,391.0
719,1377346552,385.0
719,1377346557,387.0
719,1377346562,391.0
719,1377346567,403.0
719,1377346572,399.0
719,1377346577,401.0
719,1377346582,391.0
719,1377346587,400.0
719,1377346592,398.0
719,1377346597,393.0
719,1377346602,388.0
719,1377346607,382.0
719,1377346612,385.0
719,1377346617,383.0
719,1377346622,391.0
719,1377346627,393.0
719,1377346632,390.0
719,1377346637,390.0
719,1377346642,392.0
719,1377346647,393.0
719,1377346652,391.0
719,1377346657,390.0
719,1377346662,391.0
719,1377346667,396.0
719,1377346672,391.0
719,1377346677,390.0
719,1377346682,393.0
719,1377346687,388.0
719,1377346692,387.0
719,1377346697,388.0
719,1377346702,392.0
719,1377346707,393.0
719,1377346712,390.0
719,1377346717,383.0
719,1377346722,393.0
719,1377346727,388.0
719,1377346732,392.0
719,1377346737,387.0
719,1377346742,388.0
719,1377346747,385.0
719,1377346752,380.0
719,1377346757,382.0
719,1377346762,388.0
719,1377346767,382.0
719,1377346772,382.0
719,1377346777,387.0
719,1377346782,382.0
719,1377346787,385.0
719,1377346792,382.0
719,1377346797,385.0
719,1377346802,388.0
719,1377346807,382.0
719,1377346812,382.0
719,1377346817,382.0
719,1377346822,388.0
719,1377346827,387.0
719,1377346832,383.0
719,1377346837,392.0
719,1377346842,385.0
719,1377346847,383.0
719,1377346852,384.0
719,1377346857,380.0
719,1377346862,385.0
719,1377346867,388.0
719,1377346872,384.0
719,1377346877,375.0
719,1377346882,374.0
719,1377346887,374.0
719,1377346892,382.0
719,1377346897,396.0
719,1377346902,396.0
719,1377346907,393.0
719,1377346912,396.0
719,1377346917,390.0
719,1377346922,387.0
719,1377346927,390.0
719,1377346932,396.0
719,1377346937,383.0
719,1377346942,388.0
719,1377346947,383.0
719,1377346952,382.0
719,1377346957,380.0
719,1377346962,385.0
719,1377346967,383.0
719,1377346972,392.0
719,1377346977,382.0
719,1377346982,385.0
719,1377346987,384.0
719,1377346992,382.0
719,1377346997,382.0
719,1377347002,383.0
719,1377347007,390.0
719,1377347012,391.0
719,1377347017,396.0
719,1377347022,396.0
719,1377347027,390.0
719,1377347032,387.0
719,1377347037,388.0
719,1377347042,391.0
719,1377347047,390.0
719,1377347052,391.0
719,1377347057,398.0
719,1377347062,396.0
719,1377347067,393.0
719,1377347072,396.0
719,1377347077,390.0
719,1377347082,390.0
719,1377347087,388.0
719,1377347092,391.0
719,1377347097,393.0
719,1377347102,382.0
719,1377347107,388.0
719,1377347112,388.0
719,1377347117,384.0
719,1377347122,384.0
719,1377347127,382.0
719,1377347132,384.0
719,1377347137,383.0
719,1377347142,387.0
719,1377347147,387.0
719,1377347152,382.0
719,1377347157,385.0
719,1377347162,384.0
719,1377347167,388.0
719,1377347172,382.0
719,1377347177,388.0
719,1377347182,387.0
719,1377347187,392.0
719,1377347192,392.0
719,1377347197,385.0
719,1377347202,392.0
719,1377347207,387.0
719,1377347212,387.0
719,1377347217,392.0
719,1377347222,387.0
719,1377347227,383.0
719,1377347232,390.0
719,1377347237,391.0
719,1377347242,393.0
719,1377347247,390.0
719,1377347252,392.0
719,1377347257,388.0
719,1377347262,388.0
719,1377347267,382.0
719,1377347272,390.0
719,1377347277,393.0
719,1377347282,382.0
719,1377347287,382.0
719,1377347292,380.0
719,1377347297,381.0
719,1377347302,381.0
719,1377347307,385.0
719,1377347312,380.0
719,1377347317,382.0
719,1377347322,382.0
719,1377347327,382.0
719,1377347332,382.0
719,1377347337,383.0
719,1377347342,387.0
719,1377347347,396.0
719,1377347352,383.0
719,1377347357,387.0
719,1377347362,382.0
719,1377347367,382.0
719,1377347372,382.0
719,1377347377,383.0
719,1377347382,381.0
719,1377347387,385.0
719,1377347392,385.0
719,1377347397,382.0
719,1377347402,382.0
719,1377347407,384.0
719,1377347412,385.0
719,1377347417,382.0
719,1377347422,387.0
719,1377347427,387.0
719,1377347432,387.0
719,1377347437,382.0
719,1377347442,387.0
719,1377347447,383.0
719,1377347452,383.0
719,1377347457,382.0
719,1377347462,388.0
719,1377347467,392.0
719,1377347472,387.0
719,1377347477,387.0
719,1377347482,382.0
719,1377347487,387.0
719,1377347492,383.0
719,1377347497,384.0
719,1377347502,381.0
719,1377347507,374.0
719,1377347512,380.0
719,1377347517,374.0
719,1377347522,374.0
719,1377347527,374.0
719,1377347532,379.0
719,1377347537,379.0
719,1377347542,381.0
719,1377347547,382.0
719,1377347552,396.0
719,1377347557,396.0
719,1377347562,392.0
719,1377347567,387.0
719,1377347572,396.0
719,1377347577,391.0
719,1377347582,393.0
719,1377347587,390.0
719,1377347592,391.0
719,1377347597,396.0
719,1377347602,393.0
719,1377347607,383.0
719,1377347612,387.0
719,1377347617,385.0
719,1377347622,385.0
719,1377347627,388.0
719,1377347632,388.0
719,1377347637,392.0
719,1377347642,392.0
719,1377347647,393.0
719,1377347652,393.0
719,1377347657,388.0
719,1377347662,382.0
719,1377347667,385.0
719,1377347672,387.0
719,1377347677,382.0
719,1377347682,388.0
719,1377347687,385.0
719,1377347692,390.0
719,1377347697,391.0
719,1377347702,398.0
719,1377347707,390.0
719,1377347712,387.0
719,1377347717,385.0
719,1377347722,387.0
719,1377347727,387.0
719,1377347732,388.0
719,1377347737,383.0
719,1377347742,387.0
719,1377347747,390.0
719,1377347752,388.0
719,1377347757,387.0
719,1377347762,393.0
719,1377347767,392.0
719,1377347772,392.0
719,1377347777,387.0
719,1377347782,391.0
719,1377347787,392.0
719,1377347792,390.0
719,1377347797,387.0
719,1377347802,384.0
719,1377347807,384.0
719,1377347812,382.0
719,1377347817,387.0
719,1377347822,392.0
719,1377347827,393.0
719,1377347832,387.0
719,1377347837,387.0
719,1377347842,379.0
719,1377347847,382.0
719,1377347852,387.0
719,1377347857,388.0
719,1377347862,390.0
719,1377347867,390.0
719,1377347872,397.0
719,1377347877,400.0
719,1377347882,396.0
719,1377347887,390.0
719,1377347892,393.0
719,1377347897,392.0
719,1377347902,393.0
719,1377347907,392.0
719,1377347912,396.0
719,1377347917,392.0
719,1377347922,392.0
719,1377347927,396.0
719,1377347932,395.0
719,1377347937,390.0
719,1377347942,391.0
719,1377347947,393.0
719,1377347952,391.0
719,1377347957,392.0
719,1377347962,387.0
719,1377347967,392.0
719,1377347972,390.0
719,1377347977,391.0
719,1377347982,393.0
719,1377347987,387.0
719,1377347992,384.0
719,1377347997,384.0
719,1377348002,382.0
719,1377348007,385.0
719,1377348012,388.0
719,1377348017,382.0
719,1377348022,387.0
719,1377348027,387.0
719,1377348032,391.0
719,1377348037,391.0
719,1377348042,395.0
719,1377348047,390.0
719,1377348052,388.0
719,1377348057,385.0
719,1377348062,384.0
719,1377348067,388.0
719,1377348072,390.0
719,1377348077,396.0
719,1377348082,396.0
719,1377348087,387.0
719,1377348092,385.0
719,1377348097,392.0
719,1377348102,392.0
719,1377348107,390.0
719,1377348112,390.0
719,1377348117,392.0
719,1377348122,387.0
719,1377348127,384.0
719,1377348132,385.0
719,1377348137,382.0
719,1377348142,380.0
719,1377348147,384.0
719,1377348152,387.0
719,1377348157,392.0
719,1377348162,390.0
719,1377348167,392.0
719,1377348172,393.0
719,1377348177,388.0
719,1377348182,383.0
719,1377348187,380.0
719,1377348192,382.0
719,1377348197,383.0
719,1377348202,387.0
719,1377348207,391.0
719,1377348212,397.0
719,1377348217,393.0
719,1377348222,393.0
719,1377348227,392.0
719,1377348232,395.0
719,1377348237,398.0
719,1377348242,394.0
719,1377348247,387.0
719,1377348252,388.0
719,1377348257,385.0
719,1377348262,384.0
719,1377348267,384.0
719,1377348272,381.0
719,1377348277,382.0
719,1377348282,382.0
719,1377348287,375.0
719,1377348292,380.0
719,1377348297,385.0
719,1377348302,387.0
719,1377348307,390.0
719,1377348312,391.0
719,1377348317,391.0
719,1377348322,393.0
719,1377348327,393.0
719,1377348332,396.0
719,1377348337,393.0
719,1377348342,392.0
719,1377348347,395.0
719,1377348352,396.0
719,1377348357,395.0
719,1377348362,393.0
719,1377348367,390.0
719,1377348372,396.0
719,1377348377,393.0
719,1377348382,396.0
719,1377348387,400.0
719,1377348392,398.0
719,1377348397,390.0
719,1377348402,390.0
719,1377348407,383.0
719,1377348412,382.0
719,1377348417,380.0
719,1377348422,385.0
719,1377348427,382.0
719,1377348432,388.0
719,1377348437,385.0
719,1377348442,388.0
719,1377348447,384.0
719,1377348452,387.0
719,1377348457,385.0
719,1377348462,392.0
719,1377348467,387.0
719,1377348472,393.0
719,1377348477,392.0
719,1377348482,400.0
719,1377348487,391.0
719,1377348492,397.0
719,1377348497,395.0
719,1377348502,396.0
719,1377348507,396.0
719,1377348512,392.0
719,1377348517,383.0
719,1377348522,387.0
719,1377348527,382.0
719,1377348532,385.0
719,1377348537,382.0
719,1377348542,385.0
719,1377348547,382.0
719,1377348552,390.0
719,1377348557,382.0
719,1377348562,387.0
719,1377348567,387.0
719,1377348572,385.0
719,1377348577,382.0
719,1377348582,388.0
719,1377348587,387.0
719,1377348592,385.0
719,1377348597,388.0
719,1377348602,381.0
719,1377348607,382.0
719,1377348612,387.0
719,1377348617,388.0
719,1377348622,390.0
719,1377348627,393.0
719,1377348632,391.0
719,1377348637,399.0
719,1377348642,400.0
719,1377348647,391.0
719,1377348652,393.0
719,1377348657,390.0
719,1377348662,387.0
719,1377348667,387.0
719,1377348672,385.0
719,1377348677,382.0
719,1377348682,387.0
719,1377348687,394.0
719,1377348692,396.0
719,1377348697,391.0
719,1377348702,390.0
719,1377348707,389.0
719,1377348712,391.0
719,1377348717,393.0
719,1377348722,391.0
719,1377348727,393.0
719,1377348732,390.0
719,1377348737,388.0
719,1377348742,392.0
719,1377348747,387.0
719,1377348752,385.0
719,1377348757,384.0
719,1377348762,382.0
719,1377348767,382.0
719,1377348772,388.0
719,1377348777,390.0
719,1377348782,390.0
719,1377348787,393.0
719,1377348792,387.0
719,1377348797,387.0
719,1377348802,389.0
719,1377348807,387.0
719,1377348812,390.0
719,1377348817,393.0
719,1377348822,390.0
719,1377348827,392.0
719,1377348832,385.0
719,1377348837,382.0
719,1377348842,380.0
719,1377348847,383.0
719,1377348852,380.0
719,1377348857,387.0
719,1377348862,385.0
719,1377348867,385.0
719,1377348872,390.0
719,1377348877,397.0
719,1377348882,401.0
719,1377348887,401.0
719,1377348892,398.0
719,1377348897,400.0
719,1377348902,393.0
719,1377348907,391.0
719,1377348912,392.0
719,1377348917,396.0
719,1377348922,387.0
719,1377348927,382.0
719,1377348932,383.0
719,1377348937,387.0
719,1377348942,390.0
719,1377348947,388.0
719,1377348952,393.0
719,1377348957,382.0
719,1377348962,387.0
719,1377348967,382.0
719,1377348972,390.0
719,1377348977,396.0
719,1377348982,391.0
719,1377348987,392.0
719,1377348992,391.0
719,1377348997,390.0
719,1377349002,391.0
719,1377349007,396.0
719,1377349012,390.0
719,1377349017,392.0
719,1377349022,392.0
719,1377349027,390.0
719,1377349032,388.0
719,1377349037,391.0
719,1377349042,396.0
719,1377349047,397.0
719,1377349052,396.0
719,1377349057,396.0
719,1377349062,391.0
719,1377349067,391.0
719,1377349072,393.0
719,1377349077,396.0
719,1377349082,390.0
719,1377349087,396.0
719,1377349092,381.0
719,1377349097,380.0
719,1377349102,384.0
719,1377349107,382.0
719,1377349112,385.0
719,1377349117,382.0
719,1377349122,396.0
719,1377349127,393.0
719,1377349132,393.0
719,1377349137,392.0
719,1377349142,388.0
719,1377349147,382.0
719,1377349152,392.0
719,1377349157,387.0
719,1377349162,384.0
719,1377349167,384.0
719,1377349172,382.0
719,1377349177,381.0
719,1377349182,382.0
719,1377349187,384.0
719,1377349192,385.0
719,1377349197,385.0
719,1377349202,383.0
719,1377349207,382.0
719,1377349212,389.0
719,1377349217,382.0
719,1377349222,391.0
719,1377349227,390.0
719,1377349232,391.0
719,1377349237,396.0
719,1377349242,391.0
719,1377349247,393.0
719,1377349252,390.0
719,1377349257,393.0
719,1377349262,396.0
719,1377349267,400.0
719,1377349272,395.0
719,1377349277,390.0
719,1377349282,392.0
719,1377349287,396.0
719,1377349292,390.0
719,1377349297,390.0
719,1377349302,388.0
719,1377349307,384.0
719,1377349312,382.0
719,1377349317,389.0
719,1377349322,393.0
719,1377349327,393.0
719,1377349332,391.0
719,1377349337,396.0
719,1377349342,395.0
719,1377349347,397.0
719,1377349352,390.0
719,1377349357,395.0
719,1377349362,387.0
719,1377349367,384.0
719,1377349372,379.0
719,1377349377,382.0
719,1377349382,381.0
719,1377349387,387.0
719,1377349392,396.0
719,1377349397,385.0
719,1377349402,384.0
719,1377349407,381.0
719,1377349412,382.0
719,1377349417,381.0
719,1377349422,388.0
719,1377349427,384.0
719,1377349432,382.0
719,1377349437,387.0
719,1377349442,388.0
719,1377349447,387.0
719,1377349452,383.0
719,1377349457,387.0
719,1377349462,388.0
719,1377349467,383.0
719,1377349472,391.0
719,1377349477,393.0
719,1377349482,404.0
719,1377349487,390.0
719,1377349492,396.0
719,1377349497,392.0
719,1377349502,387.0
719,1377349507,383.0
719,1377349512,385.0
719,1377349517,390.0
719,1377349522,391.0
719,1377349527,395.0
719,1377349532,396.0
719,1377349537,387.0
719,1377349542,392.0
719,1377349547,393.0
719,1377349552,392.0
719,1377349557,387.0
719,1377349562,382.0
719,1377349567,390.0
719,1377349572,387.0
719,1377349577,390.0
719,1377349582,391.0
719,1377349587,404.0
719,1377349592,397.0
719,1377349597,398.0
719,1377349602,397.0
719,1377349607,396.0
719,1377349612,390.0
719,1377349617,395.0
719,1377349622,398.0
719,1377349627,396.0
719,1377349632,396.0
719,1377349637,391.0
719,1377349642,393.0
719,1377349647,390.0
719,1377349652,395.0
719,1377349657,391.0
719,1377349662,396.0
719,1377349667,393.0
719,1377349672,390.0
719,1377349677,398.0
719,1377349682,398.0
719,1377349687,395.0
719,1377349692,395.0
719,1377349697,393.0
719,1377349702,391.0
719,1377349707,393.0
719,1377349712,391.0
719,1377349717,390.0
719,1377349722,385.0
719,1377349727,382.0
719,1377349732,384.0
719,1377349737,384.0
719,1377349742,384.0
719,1377349747,382.0
719,1377349752,382.0
719,1377349757,385.0
719,1377349762,392.0
719,1377349767,385.0
719,1377349772,385.0
719,1377349777,384.0
719,1377349782,381.0
719,1377349787,384.0
719,1377349792,382.0
719,1377349797,385.0
719,1377349802,392.0
719,1377349807,392.0
719,1377349812,387.0
719,1377349817,392.0
719,1377349822,383.0
719,1377349827,385.0
719,1377349832,382.0
719,1377349837,382.0
719,1377349842,385.0
719,1377349847,391.0
719,1377349852,391.0
719,1377349857,397.0
719,1377349862,403.0
719,1377349867,401.0
719,1377349872,401.0
719,1377349877,397.0
719,1377349882,401.0
719,1377349887,404.0
719,1377349892,401.0
719,1377349897,393.0
719,1377349902,385.0
719,1377349907,388.0
719,1377349912,385.0
719,1377349917,392.0
719,1377349922,391.0
719,1377349927,391.0
719,1377349932,382.0
719,1377349937,388.0
719,1377349942,384.0
719,1377349947,380.0
719,1377349952,381.0
719,1377349957,382.0
719,1377349962,382.0
719,1377349967,382.0
719,1377349972,383.0
719,1377349977,381.0
719,1377349982,385.0
719,1377349987,380.0
719,1377349992,380.0
719,1377349997,382.0
719,1377350002,383.0
719,1377350007,392.0
719,1377350012,393.0
719,1377350017,390.0
719,1377350022,387.0
719,1377350027,392.0
719,1377350032,388.0
719,1377350037,382.0
719,1377350042,382.0
719,1377350047,381.0
719,1377350052,382.0
719,1377350057,384.0
719,1377350062,385.0
719,1377350067,382.0
719,1377350072,385.0
719,1377350077,387.0
719,1377350082,384.0
719,1377350087,388.0
719,1377350092,379.0
719,1377350097,385.0
719,1377350102,382.0
719,1377350107,392.0
719,1377350112,390.0
719,1377350117,392.0
719,1377350122,385.0
719,1377350127,377.0
719,1377350132,377.0
719,1377350137,377.0
719,1377350142,375.0
719,1377350147,384.0
719,1377350152,388.0
719,1377350157,382.0
719,1377350162,385.0
719,1377350167,388.0
719,1377350172,385.0
719,1377350177,388.0
719,1377350182,385.0
719,1377350187,388.0
719,1377350192,393.0
719,1377350197,393.0
719,1377350202,396.0
719,1377350207,387.0
719,1377350212,393.0
719,1377350217,393.0
719,1377350222,391.0
719,1377350227,382.0
719,1377350232,387.0
719,1377350237,384.0
719,1377350242,384.0
719,1377350247,383.0
719,1377350252,396.0
719,1377350257,391.0
719,1377350262,391.0
719,1377350267,390.0
719,1377350272,389.0
719,1377350277,381.0
719,1377350282,381.0
719,1377350287,382.0
719,1377350292,383.0
719,1377350297,388.0
719,1377350302,393.0
719,1377350307,401.0
719,1377350312,398.0
719,1377350317,399.0
719,1377350322,390.0
719,1377350327,389.0
719,1377350332,388.0
719,1377350337,391.0
719,1377350342,400.0
719,1377350347,398.0
719,1377350352,396.0
719,1377350357,396.0
719,1377350362,385.0
719,1377350367,380.0
719,1377350372,384.0
719,1377350377,381.0
719,1377350382,382.0
719,1377350387,393.0
719,1377350392,390.0
719,1377350397,393.0
719,1377350402,396.0
719,1377350407,388.0
719,1377350412,388.0
719,1377350417,382.0
719,1377350422,384.0
719,1377350427,384.0
719,1377350432,382.0
719,1377350437,385.0
719,1377350442,382.0
719,1377350447,387.0
719,1377350452,387.0
719,1377350457,387.0
719,1377350462,393.0
719,1377350467,393.0
719,1377350472,390.0
719,1377350477,387.0
719,1377350482,396.0
719,1377350487,387.0
719,1377350492,385.0
719,1377350497,385.0
719,1377350502,382.0
719,1377350507,383.0
719,1377350512,390.0
719,1377350517,390.0
719,1377350522,387.0
719,1377350527,387.0
719,1377350532,388.0
719,1377350537,382.0
719,1377350542,379.0
719,1377350547,382.0
719,1377350552,382.0
719,1377350557,396.0
719,1377350562,398.0
719,1377350567,401.0
719,1377350572,397.0
719,1377350577,395.0
719,1377350582,400.0
719,1377350587,401.0
719,1377350592,391.0
719,1377350597,393.0
719,1377350602,392.0
719,1377350607,392.0
719,1377350612,388.0
719,1377350617,382.0
719,1377350622,382.0
719,1377350627,387.0
719,1377350632,396.0
719,1377350637,400.0
719,1377350642,402.0
719,1377350647,398.0
719,1377350652,392.0
719,1377350657,382.0
719,1377350662,381.0
719,1377350667,380.0
719,1377350672,382.0
719,1377350677,392.0
719,1377350682,390.0
719,1377350687,396.0
719,1377350692,391.0
719,1377350697,392.0
719,1377350702,392.0
719,1377350707,385.0
719,1377350712,382.0
719,1377350717,382.0
719,1377350722,387.0
719,1377350727,387.0
719,1377350732,395.0
719,1377350737,391.0
719,1377350742,395.0
719,1377350747,390.0
719,1377350752,388.0
719,1377350757,388.0
719,1377350762,387.0
719,1377350767,388.0
719,1377350772,384.0
719,1377350777,379.0
719,1377350782,384.0
719,1377350787,381.0
719,1377350792,385.0
719,1377350797,381.0
719,1377350802,375.0
719,1377350807,382.0
719,1377350812,382.0
719,1377350817,382.0
719,1377350822,382.0
719,1377350827,382.0
719,1377350832,379.0
719,1377350837,374.0
719,1377350842,377.0
719,1377350847,375.0
719,1377350852,385.0
719,1377350857,387.0
719,1377350862,390.0
719,1377350867,391.0
719,1377350872,388.0
719,1377350877,385.0
719,1377350882,385.0
719,1377350887,384.0
719,1377350892,380.0
719,1377350897,387.0
719,1377350902,392.0
719,1377350907,396.0
719,1377350912,395.0
719,1377350917,398.0
719,1377350922,390.0
719,1377350927,393.0
719,1377350932,390.0
719,1377350937,382.0
719,1377350942,388.0
719,1377350947,382.0
719,1377350952,392.0
719,1377350957,387.0
719,1377350962,382.0
719,1377350967,385.0
719,1377350972,387.0
719,1377350977,385.0
719,1377350982,387.0
719,1377350987,387.0
719,1377350992,391.0
719,1377350997,392.0
719,1377351002,388.0
719,1377351007,382.0
719,1377351012,382.0
719,1377351017,383.0
719,1377351022,384.0
719,1377351027,387.0
719,1377351032,392.0
719,1377351037,390.0
719,1377351042,393.0
719,1377351047,396.0
719,1377351052,391.0
719,1377351057,387.0
719,1377351062,388.0
719,1377351067,384.0
719,1377351072,385.0
719,1377351077,388.0
719,1377351082,392.0
719,1377351087,397.0
719,1377351092,391.0
719,1377351097,396.0
719,1377351102,396.0
719,1377351107,396.0
719,1377351112,393.0
719,1377351117,387.0
719,1377351122,384.0
719,1377351127,382.0
719,1377351132,382.0
719,1377351137,382.0
719,1377351142,388.0
719,1377351147,390.0
719,1377351152,396.0
719,1377351157,396.0
719,1377351162,400.0
719,1377351167,395.0
719,1377351172,396.0
719,1377351177,393.0
719,1377351182,392.0
719,1377351187,393.0
719,1377351192,390.0
719,1377351197,396.0
719,1377351202,397.0
719,1377351207,398.0
719,1377351212,393.0
719,1377351217,387.0
719,1377351222,385.0
719,1377351227,382.0
719,1377351232,387.0
719,1377351237,396.0
719,1377351242,395.0
719,1377351247,396.0
719,1377351252,392.0
719,1377351257,388.0
719,1377351262,388.0
719,1377351267,390.0
719,1377351272,396.0
719,1377351277,391.0
719,1377351282,391.0
719,1377351287,396.0
719,1377351292,387.0
719,1377351297,388.0
719,1377351302,388.0
719,1377351307,382.0
719,1377351312,382.0
719,1377351317,385.0
719,1377351322,375.0
719,1377351327,380.0
719,1377351332,379.0
719,1377351337,387.0
719,1377351342,393.0
719,1377351347,391.0
719,1377351352,391.0
719,1377351357,395.0
719,1377351362,391.0
719,1377351367,398.0
719,1377351372,397.0
719,1377351377,396.0
719,1377351382,401.0
719,1377351387,398.0
719,1377351392,404.0
719,1377351397,403.0
719,1377351402,398.0
719,1377351407,393.0
719,1377351412,391.0
719,1377351417,383.0
719,1377351422,388.0
719,1377351427,382.0
719,1377351432,388.0
719,1377351437,390.0
719,1377351442,387.0
719,1377351447,388.0
719,1377351452,393.0
719,1377351457,392.0
719,1377351462,393.0
719,1377351467,390.0
719,1377351472,396.0
719,1377351477,385.0
719,1377351482,382.0
719,1377351487,381.0
719,1377351492,386.0
719,1377351497,385.0
719,1377351502,387.0
719,1377351507,390.0
719,1377351512,382.0
719,1377351517,383.0
719,1377351522,384.0
719,1377351527,384.0
719,1377351532,384.0
719,1377351537,388.0
719,1377351542,382.0
719,1377351547,383.0
719,1377351552,385.0
719,1377351557,380.0
719,1377351562,384.0
719,1377351567,381.0
719,1377351572,382.0
719,1377351577,392.0
719,1377351582,390.0
719,1377351587,395.0
719,1377351592,393.0
719,1377351597,392.0
719,1377351602,389.0
719,1377351607,390.0
719,1377351612,385.0
719,1377351617,393.0
719,1377351622,393.0
719,1377351627,390.0
719,1377351632,402.0
719,1377351637,401.0
719,1377351642,401.0
719,1377351647,400.0
719,1377351652,398.0
719,1377351657,397.0
719,1377351662,400.0
719,1377351667,396.0
719,1377351672,392.0
719,1377351677,385.0
719,1377351682,381.0
719,1377351687,384.0
719,1377351692,382.0
719,1377351697,388.0
719,1377351702,382.0
719,1377351707,387.0
719,1377351712,396.0
719,1377351717,388.0
719,1377351722,391.0
719,1377351727,396.0
719,1377351732,398.0
719,1377351737,401.0
719,1377351742,398.0
719,1377351747,401.0
719,1377351752,393.0
719,1377351757,396.0
719,1377351762,396.0
719,1377351767,390.0
719,1377351772,395.0
719,1377351777,396.0
719,1377351782,390.0
719,1377351787,395.0
719,1377351792,391.0
719,1377351797,390.0
719,1377351802,391.0
719,1377351807,392.0
719,1377351812,390.0
719,1377351817,390.0
719,1377351822,393.0
719,1377351827,397.0
719,1377351832,390.0
719,1377351837,391.0
719,1377351842,390.0
719,1377351847,395.0
719,1377351852,392.0
719,1377351857,396.0
719,1377351862,390.0
719,1377351867,401.0
719,1377351872,398.0
719,1377351877,396.0
719,1377351882,395.0
719,1377351887,395.0
719,1377351892,396.0
719,1377351897,395.0
719,1377351902,393.0
719,1377351907,383.0
719,1377351912,379.0
719,1377351917,374.0
719,1377351922,377.0
719,1377351927,385.0
719,1377351932,385.0
719,1377351937,392.0
719,1377351942,392.0
719,1377351947,382.0
719,1377351952,388.0
719,1377351957,387.0
719,1377351962,390.0
719,1377351967,393.0
719,1377351972,396.0
719,1377351977,393.0
719,1377351982,393.0
719,1377351987,390.0
719,1377351992,382.0
719,1377351997,388.0
719,1377352002,383.0
719,1377352007,388.0
719,1377352012,392.0
719,1377352017,391.0
719,1377352022,398.0
719,1377352027,402.0
719,1377352032,403.0
719,1377352037,401.0
719,1377352042,395.0
719,1377352047,390.0
719,1377352052,388.0
719,1377352057,388.0
719,1377352062,392.0
719,1377352067,387.0
719,1377352072,383.0
719,1377352077,393.0
719,1377352082,385.0
719,1377352087,393.0
719,1377352092,396.0
719,1377352097,401.0
719,1377352102,395.0
719,1377352107,398.0
719,1377352112,392.0
719,1377352117,387.0
719,1377352122,387.0
719,1377352127,390.0
719,1377352132,390.0
719,1377352137,387.0
719,1377352142,382.0
719,1377352147,382.0
719,1377352152,374.0
719,1377352157,384.0
719,1377352162,382.0
719,1377352167,388.0
719,1377352172,392.0
719,1377352177,393.0
719,1377352182,388.0
719,1377352187,387.0
719,1377352192,387.0
719,1377352197,387.0
719,1377352202,393.0
719,1377352207,390.0
719,1377352212,390.0
719,1377352217,396.0
719,1377352222,390.0
719,1377352227,390.0
719,1377352232,392.0
719,1377352237,390.0
719,1377352242,391.0
719,1377352247,393.0
719,1377352252,396.0
719,1377352257,395.0
719,1377352262,396.0
719,1377352267,396.0
719,1377352272,387.0
719,1377352277,385.0
719,1377352282,389.0
719,1377352287,391.0
719,1377352292,390.0
719,1377352297,391.0
719,1377352302,397.0
719,1377352307,398.0
719,1377352312,398.0
719,1377352317,393.0
719,1377352322,388.0
719,1377352327,390.0
719,1377352332,392.0
719,1377352337,393.0
719,1377352342,391.0
719,1377352347,390.0
719,1377352352,391.0
719,1377352357,396.0
719,1377352362,390.0
719,1377352367,393.0
719,1377352372,392.0
719,1377352377,387.0
719,1377352382,396.0
719,1377352387,396.0
719,1377352392,398.0
719,1377352397,397.0
719,1377352402,400.0
719,1377352407,404.0
719,1377352412,403.0
719,1377352417,401.0
719,1377352422,401.0
719,1377352427,397.0
719,1377352432,400.0
719,1377352437,401.0
719,1377352442,397.0
719,1377352447,393.0
719,1377352452,400.0
719,1377352457,397.0
719,1377352462,401.0
719,1377352467,390.0
719,1377352472,392.0
719,1377352477,385.0
719,1377352482,385.0
719,1377352487,382.0
719,1377352492,385.0
719,1377352497,385.0
719,1377352502,385.0
719,1377352507,388.0
719,1377352512,382.0
719,1377352517,387.0
719,1377352522,392.0
719,1377352527,393.0
719,1377352532,393.0
719,1377352537,396.0
719,1377352542,397.0
719,1377352547,395.0
719,1377352552,397.0
719,1377352557,401.0
719,1377352562,395.0
719,1377352567,396.0
719,1377352572,396.0
719,1377352577,387.0
719,1377352582,385.0
719,1377352588,385.0
719,1377352592,385.0
719,1377352598,387.0
719,1377352602,382.0
719,1377352607,387.0
719,1377352612,384.0
719,1377352617,382.0
719,1377352622,375.0
719,1377352627,381.0
719,1377352632,388.0
719,1377352637,388.0
719,1377352642,390.0
719,1377352647,395.0
719,1377352652,401.0
719,1377352657,398.0
719,1377352662,398.0
719,1377352667,392.0
719,1377352672,385.0
719,1377352677,388.0
719,1377352682,382.0
719,1377352687,387.0
719,1377352692,392.0
719,1377352697,387.0
719,1377352702,382.0
719,1377352707,384.0
719,1377352712,385.0
719,1377352717,385.0
719,1377352722,388.0
719,1377352727,392.0
719,1377352732,393.0
719,1377352737,396.0
719,1377352742,400.0
719,1377352747,398.0
719,1377352752,395.0
719,1377352757,395.0
719,1377352762,390.0
719,1377352767,391.0
719,1377352772,391.0
719,1377352777,396.0
719,1377352782,393.0
719,1377352787,396.0
719,1377352792,390.0
719,1377352797,391.0
719,1377352802,391.0
719,1377352807,396.0
719,1377352812,393.0
719,1377352817,390.0
719,1377352822,391.0
719,1377352827,395.0
719,1377352832,401.0
719,1377352837,401.0
719,1377352842,408.0
719,1377352847,404.0
719,1377352852,393.0
719,1377352857,393.0
719,1377352862,391.0
719,1377352867,390.0
719,1377352872,393.0
719,1377352877,393.0
719,1377352882,393.0
719,1377352887,390.0
719,1377352892,390.0
719,1377352897,395.0
719,1377352902,396.0
719,1377352907,393.0
719,1377352912,388.0
719,1377352917,385.0
719,1377352922,383.0
719,1377352927,392.0
719,1377352932,385.0
719,1377352937,382.0
719,1377352942,381.0
719,1377352947,375.0
719,1377352952,382.0
719,1377352957,381.0
719,1377352962,385.0
719,1377352967,380.0
719,1377352972,385.0
719,1377352977,382.0
719,1377352982,392.0
719,1377352987,392.0
719,1377352992,387.0
719,1377352997,387.0
719,1377353002,393.0
719,1377353007,391.0
719,1377353012,396.0
719,1377353017,393.0
719,1377353022,390.0
719,1377353027,398.0
719,1377353032,393.0
719,1377353037,396.0
719,1377353042,396.0
719,1377353047,390.0
719,1377353052,391.0
719,1377353057,396.0
719,1377353062,391.0
719,1377353067,393.0
719,1377353072,392.0
719,1377353077,383.0
719,1377353082,385.0
719,1377353087,396.0
719,1377353092,385.0
719,1377353097,392.0
719,1377353102,390.0
719,1377353107,396.0
719,1377353112,395.0
719,1377353117,398.0
719,1377353122,390.0
719,1377353127,391.0
719,1377353132,392.0
719,1377353137,382.0
719,1377353142,387.0
719,1377353147,383.0
719,1377353152,387.0
719,1377353157,390.0
719,1377353162,393.0
719,1377353167,390.0
719,1377353172,390.0
719,1377353177,390.0
719,1377353182,391.0
719,1377353187,391.0
719,1377353192,396.0
719,1377353197,391.0
719,1377353202,393.0
719,1377353207,390.0
719,1377353212,390.0
719,1377353217,395.0
719,1377353222,396.0
719,1377353227,398.0
719,1377353232,398.0
719,1377353237,396.0
719,1377353242,395.0
719,1377353247,396.0
719,1377353252,393.0
719,1377353257,388.0
719,1377353262,384.0
719,1377353267,384.0
719,1377353272,382.0
719,1377353277,382.0
719,1377353282,388.0
719,1377353287,385.0
719,1377353292,382.0
719,1377353297,385.0
719,1377353302,387.0
719,1377353307,390.0
719,1377353312,390.0
719,1377353317,401.0
719,1377353322,404.0
719,1377353327,398.0
719,1377353332,398.0
719,1377353337,395.0
719,1377353342,391.0
719,1377353347,391.0
719,1377353352,392.0
719,1377353357,396.0
719,1377353362,393.0
719,1377353367,392.0
719,1377353372,385.0
719,1377353377,383.0
719,1377353382,382.0
719,1377353387,387.0
719,1377353392,396.0
719,1377353397,396.0
719,1377353402,396.0
719,1377353407,391.0
719,1377353412,388.0
719,1377353417,382.0
719,1377353422,381.0
719,1377353427,383.0
719,1377353432,388.0
719,1377353437,390.0
719,1377353442,395.0
719,1377353447,395.0
719,1377353452,396.0
719,1377353457,396.0
719,1377353462,396.0
719,1377353467,393.0
719,1377353472,396.0
719,1377353477,396.0
719,1377353482,399.0
719,1377353487,396.0
719,1377353492,397.0
719,1377353497,393.0
719,1377353502,400.0
719,1377353507,391.0
719,1377353512,393.0
719,1377353517,390.0
719,1377353522,390.0
719,1377353527,390.0
719,1377353532,395.0
719,1377353537,396.0
719,1377353542,391.0
719,1377353547,390.0
719,1377353552,393.0
719,1377353557,390.0
719,1377353562,387.0
719,1377353567,387.0
719,1377353572,387.0
719,1377353577,393.0
719,1377353582,401.0
719,1377353587,408.0
719,1377353592,403.0
719,1377353597,401.0
719,1377353602,395.0
719,1377353607,398.0
719,1377353612,395.0
719,1377353617,391.0
719,1377353622,395.0
719,1377353627,398.0
719,1377353632,396.0
719,1377353637,391.0
719,1377353642,391.0
719,1377353647,393.0
719,1377353652,392.0
719,1377353657,390.0
719,1377353662,387.0
719,1377353667,387.0
719,1377353672,387.0
719,1377353677,385.0
719,1377353682,388.0
719,1377353687,388.0
719,1377353692,387.0
719,1377353697,387.0
719,1377353702,385.0
719,1377353707,382.0
719,1377353712,384.0
719,1377353717,382.0
719,1377353722,383.0
719,1377353727,382.0
719,1377353732,383.0
719,1377353737,382.0
719,1377353742,396.0
719,1377353747,397.0
719,1377353752,402.0
719,1377353757,391.0
719,1377353762,396.0
719,1377353767,396.0
719,1377353772,390.0
719,1377353777,383.0
719,1377353782,388.0
719,1377353787,382.0
719,1377353792,387.0
719,1377353797,396.0
719,1377353802,396.0
719,1377353807,395.0
719,1377353812,396.0
719,1377353817,396.0
719,1377353822,397.0
719,1377353827,398.0
719,1377353832,404.0
719,1377353837,401.0
719,1377353842,391.0
719,1377353847,387.0
719,1377353852,380.0
719,1377353857,375.0
719,1377353862,377.0
719,1377353867,375.0
719,1377353872,382.0
719,1377353877,385.0
719,1377353882,385.0
719,1377353887,388.0
719,1377353892,392.0
719,1377353897,392.0
719,1377353902,392.0
719,1377353907,391.0
719,1377353912,392.0
719,1377353917,396.0
719,1377353922,391.0
719,1377353927,392.0
719,1377353932,391.0
719,1377353937,393.0
719,1377353942,392.0
719,1377353947,393.0
719,1377353952,392.0
719,1377353957,392.0
719,1377353962,393.0
719,1377353967,398.0
719,1377353972,398.0
719,1377353977,396.0
719,1377353982,392.0
719,1377353987,384.0
719,1377353992,382.0
719,1377353997,385.0
719,1377354002,388.0
719,1377354007,388.0
719,1377354012,385.0
719,1377354017,392.0
719,1377354022,397.0
719,1377354027,397.0
719,1377354032,400.0
719,1377354037,391.0
719,1377354042,391.0
719,1377354047,396.0
719,1377354052,389.0
719,1377354057,388.0
719,1377354062,392.0
719,1377354067,388.0
719,1377354072,390.0
719,1377354077,392.0
719,1377354082,387.0
719,1377354087,392.0
719,1377354092,387.0
719,1377354097,387.0
719,1377354102,392.0
719,1377354107,391.0
719,1377354112,391.0
719,1377354117,390.0
719,1377354122,401.0
719,1377354127,404.0
719,1377354132,406.0
719,1377354137,404.0
719,1377354142,401.0
719,1377354147,395.0
719,1377354152,391.0
719,1377354157,391.0
719,1377354162,392.0
719,1377354167,393.0
719,1377354172,393.0
719,1377354177,400.0
719,1377354182,397.0
719,1377354187,397.0
719,1377354192,398.0
719,1377354197,398.0
719,1377354202,396.0
719,1377354207,396.0
719,1377354212,397.0
719,1377354217,392.0
719,1377354222,391.0
719,1377354227,391.0
719,1377354232,391.0
719,1377354237,390.0
719,1377354242,397.0
719,1377354247,390.0
719,1377354252,391.0
719,1377354257,393.0
719,1377354262,391.0
719,1377354267,396.0
719,1377354272,397.0
719,1377354277,395.0
719,1377354282,396.0
719,1377354287,393.0
719,1377354292,388.0
719,1377354297,382.0
719,1377354302,384.0
719,1377354307,381.0
719,1377354312,379.0
719,1377354317,384.0
719,1377354322,382.0
719,1377354327,388.0
719,1377354332,385.0
719,1377354337,385.0
719,1377354342,385.0
719,1377354347,385.0
719,1377354352,382.0
719,1377354357,387.0
719,1377354362,390.0
719,1377354367,404.0
719,1377354372,393.0
719,1377354377,391.0
719,1377354382,388.0
719,1377354387,385.0
719,1377354392,383.0
719,1377354397,380.0
719,1377354402,385.0
719,1377354407,382.0
719,1377354412,385.0
719,1377354417,387.0
719,1377354422,382.0
719,1377354427,384.0
719,1377354432,382.0
719,1377354437,385.0
719,1377354442,387.0
719,1377354447,387.0
719,1377354452,392.0
719,1377354457,390.0
719,1377354462,398.0
719,1377354467,391.0
719,1377354472,401.0
719,1377354477,394.0
719,1377354482,401.0
719,1377354487,396.0
719,1377354492,400.0
719,1377354497,400.0
719,1377354502,397.0
719,1377354507,397.0
719,1377354512,391.0
719,1377354517,387.0
719,1377354522,388.0
719,1377354527,385.0
719,1377354532,390.0
719,1377354537,393.0
719,1377354542,391.0
719,1377354547,391.0
719,1377354552,396.0
719,1377354557,393.0
719,1377354562,390.0
719,1377354567,388.0
719,1377354572,392.0
719,1377354577,390.0
719,1377354582,393.0
719,1377354587,391.0
719,1377354592,396.0
719,1377354597,387.0
719,1377354602,383.0
719,1377354607,380.0
719,1377354612,384.0
719,1377354617,382.0
719,1377354622,387.0
719,1377354627,383.0
719,1377354632,391.0
719,1377354637,396.0
719,1377354642,398.0
719,1377354647,398.0
719,1377354652,395.0
719,1377354657,395.0
719,1377354662,390.0
719,1377354667,393.0
719,1377354672,398.0
719,1377354677,395.0
719,1377354682,401.0
719,1377354687,398.0
719,1377354692,390.0
719,1377354697,393.0
719,1377354702,396.0
719,1377354707,393.0
719,1377354712,397.0
719,1377354717,390.0
719,1377354722,390.0
719,1377354727,392.0
719,1377354732,393.0
719,1377354737,390.0
719,1377354742,390.0
719,1377354747,393.0
719,1377354752,398.0
719,1377354757,395.0
719,1377354762,391.0
719,1377354767,395.0
719,1377354772,397.0
719,1377354777,390.0
719,1377354782,390.0
719,1377354787,393.0
719,1377354792,391.0
719,1377354797,398.0
719,1377354802,391.0
719,1377354807,398.0
719,1377354812,401.0
719,1377354817,395.0
719,1377354823,396.0
719,1377354827,390.0
719,1377354832,391.0
719,1377354837,395.0
719,1377354842,395.0
719,1377354847,401.0
719,1377354852,398.0
719,1377354857,396.0
719,1377354862,390.0
719,1377354867,391.0
719,1377354872,392.0
719,1377354877,387.0
719,1377354882,387.0
719,1377354887,387.0
719,1377354892,392.0
719,1377354897,382.0
719,1377354902,383.0
719,1377354907,381.0
719,1377354912,382.0
719,1377354917,381.0
719,1377354922,384.0
719,1377354927,383.0
719,1377354932,385.0
719,1377354937,387.0
719,1377354942,387.0
719,1377354947,389.0
719,1377354952,396.0
719,1377354957,390.0
719,1377354962,387.0
719,1377354967,385.0
719,1377354972,383.0
719,1377354977,381.0
719,1377354982,385.0
719,1377354987,385.0
719,1377354992,387.0
719,1377354997,396.0
719,1377355002,391.0
719,1377355007,391.0
719,1377355012,398.0
719,1377355017,395.0
719,1377355022,395.0
719,1377355027,400.0
719,1377355032,400.0
719,1377355037,396.0
719,1377355042,391.0
719,1377355047,393.0
719,1377355052,396.0
719,1377355057,387.0
719,1377355062,385.0
719,1377355067,385.0
719,1377355072,385.0
719,1377355077,392.0
719,1377355082,385.0
719,1377355087,382.0
719,1377355092,387.0
719,1377355097,388.0
719,1377355102,388.0
719,1377355107,393.0
719,1377355112,393.0
719,1377355117,396.0
719,1377355122,391.0
719,1377355127,400.0
719,1377355132,398.0
719,1377355137,403.0
719,1377355142,397.0
719,1377355147,396.0
719,1377355152,398.0
719,1377355157,396.0
719,1377355162,396.0
719,1377355167,397.0
719,1377355172,396.0
719,1377355177,397.0
719,1377355182,402.0
719,1377355187,401.0
719,1377355192,393.0
719,1377355197,390.0
719,1377355202,388.0
719,1377355207,383.0
719,1377355212,388.0
719,1377355217,387.0
719,1377355222,392.0
719,1377355227,387.0
719,1377355232,390.0
719,1377355237,390.0
719,1377355242,397.0
719,1377355247,390.0
719,1377355252,391.0
719,1377355257,387.0
719,1377355262,393.0
719,1377355267,388.0
719,1377355272,384.0
719,1377355277,382.0
719,1377355282,379.0
719,1377355287,379.0
719,1377355292,382.0
719,1377355297,385.0
719,1377355302,388.0
719,1377355307,383.0
719,1377355312,396.0
719,1377355317,396.0
719,1377355322,393.0
719,1377355327,390.0
719,1377355332,391.0
719,1377355337,392.0
719,1377355342,391.0
719,1377355347,393.0
719,1377355352,390.0
719,1377355357,391.0
719,1377355362,390.0
719,1377355367,392.0
719,1377355372,387.0
719,1377355377,393.0
719,1377355382,391.0
719,1377355387,398.0
719,1377355392,391.0
719,1377355397,390.0
719,1377355402,392.0
719,1377355407,390.0
719,1377355412,392.0
719,1377355417,391.0
719,1377355422,390.0
719,1377355427,396.0
719,1377355432,390.0
719,1377355437,385.0
719,1377355442,383.0
719,1377355447,385.0
719,1377355452,384.0
719,1377355457,387.0
719,1377355462,390.0
719,1377355467,398.0
719,1377355472,397.0
719,1377355477,395.0
719,1377355482,399.0
719,1377355487,390.0
719,1377355492,393.0
719,1377355497,390.0
719,1377355502,392.0
719,1377355507,387.0
719,1377355512,393.0
719,1377355517,387.0
719,1377355522,392.0
719,1377355527,387.0
719,1377355532,392.0
719,1377355537,389.0
719,1377355542,389.0
719,1377355547,382.0
719,1377355552,388.0
719,1377355557,388.0
719,1377355562,388.0
719,1377355567,396.0
719,1377355572,398.0
719,1377355577,401.0
719,1377355582,398.0
719,1377355587,397.0
719,1377355592,395.0
719,1377355597,391.0
719,1377355602,391.0
719,1377355607,391.0
719,1377355612,392.0
719,1377355617,390.0
719,1377355622,396.0
719,1377355627,397.0
719,1377355632,396.0
719,1377355637,391.0
719,1377355642,390.0
719,1377355647,388.0
719,1377355652,393.0
719,1377355657,392.0
719,1377355662,387.0
719,1377355667,381.0
719,1377355672,382.0
719,1377355677,382.0
719,1377355682,380.0
719,1377355687,382.0
719,1377355692,384.0
719,1377355697,382.0
719,1377355702,384.0
719,1377355707,382.0
719,1377355712,382.0
719,1377355717,390.0
719,1377355722,390.0
719,1377355727,387.0
719,1377355732,383.0
719,1377355737,388.0
719,1377355742,387.0
719,1377355747,383.0
719,1377355752,396.0
719,1377355757,391.0
719,1377355762,395.0
719,1377355767,396.0
719,1377355772,393.0
719,1377355777,392.0
719,1377355782,387.0
719,1377355787,387.0
719,1377355792,387.0
719,1377355797,390.0
719,1377355802,388.0
719,1377355807,382.0
719,1377355812,380.0
719,1377355817,382.0
719,1377355822,385.0
719,1377355827,388.0
719,1377355832,392.0
719,1377355837,391.0
719,1377355842,390.0
719,1377355847,383.0
719,1377355852,387.0
719,1377355857,385.0
719,1377355862,382.0
719,1377355867,392.0
719,1377355872,392.0
719,1377355877,390.0
719,1377355882,390.0
719,1377355887,393.0
719,1377355892,396.0
719,1377355897,391.0
719,1377355902,391.0
719,1377355907,396.0
719,1377355912,402.0
719,1377355917,406.0
719,1377355922,403.0
719,1377355927,403.0
719,1377355932,395.0
719,1377355937,387.0
719,1377355942,388.0
719,1377355947,377.0
719,1377355952,371.0
719,1377355957,371.0
719,1377355962,375.0
719,1377355967,385.0
719,1377355972,390.0
719,1377355977,395.0
719,1377355982,390.0
719,1377355987,383.0
719,1377355992,382.0
719,1377355997,382.0
719,1377356002,388.0
719,1377356007,387.0
719,1377356012,390.0
719,1377356017,395.0
719,1377356022,396.0
719,1377356027,396.0
719,1377356032,391.0
719,1377356037,393.0
719,1377356042,393.0
719,1377356047,392.0
719,1377356052,388.0
719,1377356057,385.0
719,1377356062,382.0
719,1377356067,384.0
719,1377356072,384.0
719,1377356077,381.0
719,1377356082,387.0
719,1377356087,387.0
719,1377356092,396.0
719,1377356097,396.0
719,1377356102,390.0
719,1377356107,390.0
719,1377356112,390.0
719,1377356117,395.0
719,1377356122,393.0
719,1377356127,390.0
719,1377356132,393.0
719,1377356137,390.0
719,1377356142,393.0
719,1377356147,391.0
719,1377356152,393.0
719,1377356157,390.0
719,1377356162,391.0
719,1377356167,395.0
719,1377356172,395.0
719,1377356177,391.0
719,1377356182,396.0
719,1377356187,392.0
719,1377356192,390.0
719,1377356197,387.0
719,1377356202,387.0
719,1377356207,392.0
719,1377356212,391.0
719,1377356217,391.0
719,1377356222,391.0
719,1377356227,391.0
719,1377356232,383.0
719,1377356237,379.0
719,1377356242,380.0
719,1377356247,380.0
719,1377356252,375.0
719,1377356257,381.0
719,1377356262,387.0
719,1377356267,387.0
719,1377356272,389.0
719,1377356277,382.0
719,1377356282,388.0
719,1377356287,383.0
719,1377356292,387.0
719,1377356297,392.0
719,1377356302,390.0
719,1377356307,395.0
719,1377356312,390.0
719,1377356317,387.0
719,1377356322,382.0
719,1377356327,382.0
719,1377356332,382.0
719,1377356337,385.0
719,1377356342,392.0
719,1377356347,396.0
719,1377356352,395.0
719,1377356357,395.0
719,1377356362,391.0
719,1377356367,396.0
719,1377356372,390.0
719,1377356377,392.0
719,1377356382,388.0
719,1377356387,385.0
719,1377356392,381.0
719,1377356397,382.0
719,1377356402,385.0
719,1377356407,383.0
719,1377356412,382.0
719,1377356417,391.0
719,1377356422,396.0
719,1377356427,389.0
719,1377356432,388.0
719,1377356437,382.0
719,1377356442,384.0
719,1377356447,382.0
719,1377356452,387.0
719,1377356457,396.0
719,1377356462,398.0
719,1377356467,398.0
719,1377356472,398.0
719,1377356477,391.0
719,1377356482,395.0
719,1377356487,387.0
719,1377356492,392.0
719,1377356497,382.0
719,1377356502,392.0
719,1377356507,392.0
719,1377356512,382.0
719,1377356517,384.0
719,1377356522,382.0
719,1377356527,374.0
719,1377356532,382.0
719,1377356537,380.0
719,1377356542,382.0
719,1377356547,388.0
719,1377356552,392.0
719,1377356557,392.0
719,1377356562,393.0
719,1377356567,390.0
719,1377356572,396.0
719,1377356577,398.0
719,1377356582,391.0
719,1377356587,390.0
719,1377356592,391.0
719,1377356597,391.0
719,1377356602,397.0
719,1377356607,397.0
719,1377356612,395.0
719,1377356617,391.0
719,1377356622,392.0
719,1377356627,392.0
719,1377356632,387.0
719,1377356637,397.0
719,1377356642,395.0
719,1377356647,398.0
719,1377356652,396.0
719,1377356657,392.0
719,1377356662,382.0
719,1377356667,384.0
719,1377356672,382.0
719,1377356677,382.0
719,1377356682,383.0
719,1377356687,385.0
719,1377356692,381.0
719,1377356697,384.0
719,1377356702,383.0
719,1377356707,385.0
719,1377356712,388.0
719,1377356717,385.0
719,1377356722,385.0
719,1377356727,382.0
719,1377356732,382.0
719,1377356737,382.0
719,1377356742,387.0
719,1377356747,385.0
719,1377356752,387.0
719,1377356757,387.0
719,1377356762,391.0
719,1377356767,400.0
719,1377356772,403.0
719,1377356777,403.0
719,1377356782,401.0
719,1377356787,400.0
719,1377356792,396.0
719,1377356797,398.0
719,1377356802,396.0
719,1377356807,390.0
719,1377356812,396.0
719,1377356817,396.0
719,1377356822,396.0
719,1377356827,393.0
719,1377356832,390.0
719,1377356837,387.0
719,1377356842,383.0
719,1377356847,385.0
719,1377356852,379.0
719,1377356857,385.0
719,1377356862,388.0
719,1377356867,382.0
719,1377356872,384.0
719,1377356877,382.0
719,1377356882,385.0
719,1377356887,383.0
719,1377356892,382.0
719,1377356897,382.0
719,1377356902,384.0
719,1377356907,382.0
719,1377356912,379.0
719,1377356917,384.0
719,1377356922,383.0
719,1377356927,387.0
719,1377356932,387.0
719,1377356937,391.0
719,1377356942,396.0
719,1377356947,395.0
719,1377356952,397.0
719,1377356957,387.0
719,1377356962,388.0
719,1377356967,385.0
719,1377356972,387.0
719,1377356977,387.0
719,1377356982,391.0
719,1377356987,396.0
719,1377356992,387.0
719,1377356997,392.0
719,1377357002,393.0
719,1377357007,398.0
719,1377357012,400.0
719,1377357017,390.0
719,1377357022,390.0
719,1377357027,385.0
719,1377357032,385.0
719,1377357037,388.0
719,1377357042,392.0
719,1377357047,389.0
719,1377357052,387.0
719,1377357057,387.0
719,1377357062,390.0
719,1377357067,392.0
719,1377357072,396.0
719,1377357077,390.0
719,1377357082,387.0
719,1377357087,383.0
719,1377357092,384.0
719,1377357097,384.0
719,1377357102,384.0
719,1377357107,385.0
719,1377357112,380.0
719,1377357117,392.0
719,1377357122,382.0
719,1377357127,387.0
719,1377357132,390.0
719,1377357137,393.0
719,1377357142,390.0
719,1377357147,387.0
719,1377357152,392.0
719,1377357157,388.0
719,1377357162,383.0
719,1377357167,390.0
719,1377357172,391.0
719,1377357177,395.0
719,1377357182,393.0
719,1377357187,390.0
719,1377357192,392.0
719,1377357197,390.0
719,1377357202,392.0
719,1377357207,390.0
719,1377357212,390.0
719,1377357217,392.0
719,1377357222,387.0
719,1377357227,387.0
719,1377357232,390.0
719,1377357237,396.0
719,1377357242,398.0
719,1377357247,395.0
719,1377357252,400.0
719,1377357257,387.0
719,1377357262,385.0
719,1377357267,379.0
719,1377357272,380.0
719,1377357277,379.0
719,1377357282,382.0
719,1377357287,392.0
719,1377357292,390.0
719,1377357297,383.0
719,1377357302,392.0
719,1377357307,387.0
719,1377357312,396.0
719,1377357317,398.0
719,1377357322,395.0
719,1377357327,397.0
719,1377357332,401.0
719,1377357337,401.0
719,1377357342,400.0
719,1377357347,401.0
719,1377357352,400.0
719,1377357357,395.0
719,1377357362,396.0
719,1377357367,391.0
719,1377357372,390.0
719,1377357377,390.0
719,1377357382,396.0
719,1377357387,395.0
719,1377357392,395.0
719,1377357397,397.0
719,1377357402,392.0
719,1377357407,387.0
719,1377357412,390.0
719,1377357417,392.0
719,1377357422,383.0
719,1377357427,387.0
719,1377357432,383.0
719,1377357437,385.0
719,1377357442,387.0
719,1377357447,387.0
719,1377357452,383.0
719,1377357457,388.0
719,1377357462,387.0
719,1377357467,396.0
719,1377357472,396.0
719,1377357477,393.0
719,1377357482,401.0
719,1377357487,397.0
719,1377357492,397.0
719,1377357497,393.0
719,1377357502,393.0
719,1377357507,391.0
719,1377357512,396.0
719,1377357517,390.0
719,1377357522,397.0
719,1377357527,383.0
719,1377357532,390.0
719,1377357537,388.0
719,1377357542,385.0
719,1377357547,381.0
719,1377357552,384.0
719,1377357557,380.0
719,1377357562,382.0
719,1377357567,379.0
719,1377357572,381.0
719,1377357577,385.0
719,1377357582,388.0
719,1377357587,388.0
719,1377357592,385.0
719,1377357597,385.0
719,1377357602,383.0
719,1377357607,390.0
719,1377357612,393.0
719,1377357617,390.0
719,1377357622,395.0
719,1377357627,397.0
719,1377357632,398.0
719,1377357637,395.0
719,1377357642,390.0
719,1377357647,390.0
719,1377357652,395.0
719,1377357657,398.0
719,1377357662,406.0
719,1377357667,399.0
719,1377357672,397.0
719,1377357677,398.0
719,1377357682,390.0
719,1377357687,381.0
719,1377357692,384.0
719,1377357697,381.0
719,1377357702,388.0
719,1377357707,393.0
719,1377357712,395.0
719,1377357717,401.0
719,1377357722,397.0
719,1377357727,401.0
719,1377357732,399.0
719,1377357737,388.0
719,1377357742,382.0
719,1377357747,382.0
719,1377357752,385.0
719,1377357757,387.0
719,1377357762,396.0
719,1377357767,397.0
719,1377357772,404.0
719,1377357777,397.0
719,1377357782,390.0
719,1377357787,388.0
719,1377357792,382.0
719,1377357797,382.0
719,1377357802,381.0
719,1377357807,380.0
719,1377357812,384.0
719,1377357817,379.0
719,1377357822,381.0
719,1377357827,382.0
719,1377357832,392.0
719,1377357837,396.0
719,1377357842,391.0
719,1377357847,390.0
719,1377357852,388.0
719,1377357857,382.0
719,1377357862,385.0
719,1377357867,390.0
719,1377357872,393.0
719,1377357877,395.0
719,1377357882,390.0
719,1377357887,383.0
719,1377357892,382.0
719,1377357897,382.0
719,1377357902,384.0
719,1377357907,380.0
719,1377357912,384.0
719,1377357917,387.0
719,1377357922,392.0
719,1377357927,395.0
719,1377357932,395.0
719,1377357937,398.0
719,1377357942,398.0
719,1377357947,391.0
719,1377357952,396.0
719,1377357957,393.0
719,1377357962,387.0
719,1377357967,388.0
719,1377357972,388.0
719,1377357977,385.0
719,1377357982,385.0
719,1377357987,382.0
719,1377357992,392.0
719,1377357997,387.0
719,1377358002,393.0
719,1377358007,395.0
719,1377358012,396.0
719,1377358017,393.0
719,1377358022,392.0
719,1377358027,388.0
719,1377358032,388.0
719,1377358037,388.0
719,1377358042,392.0
719,1377358047,390.0
719,1377358052,398.0
719,1377358057,393.0
719,1377358062,393.0
719,1377358067,390.0
719,1377358072,392.0
719,1377358077,392.0
719,1377358082,388.0
719,1377358087,385.0
719,1377358092,388.0
719,1377358097,390.0
719,1377358102,391.0
719,1377358107,390.0
719,1377358112,388.0
719,1377358117,385.0
719,1377358122,375.0
719,1377358127,382.0
719,1377358132,382.0
719,1377358137,384.0
719,1377358142,385.0
719,1377358147,388.0
719,1377358152,385.0
719,1377358157,385.0
719,1377358162,385.0
719,1377358167,392.0
719,1377358172,396.0
719,1377358177,401.0
719,1377358182,404.0
719,1377358187,404.0
719,1377358192,408.0
719,1377358197,406.0
719,1377358202,403.0
719,1377358207,398.0
719,1377358212,393.0
719,1377358217,382.0
719,1377358222,379.0
719,1377358227,382.0
719,1377358232,385.0
719,1377358237,390.0
719,1377358242,401.0
719,1377358247,401.0
719,1377358252,397.0
719,1377358257,399.0
719,1377358262,398.0
719,1377358267,397.0
719,1377358272,401.0
719,1377358277,397.0
719,1377358282,400.0
719,1377358287,393.0
719,1377358292,393.0
719,1377358297,393.0
719,1377358302,393.0
719,1377358307,397.0
719,1377358312,391.0
719,1377358317,396.0
719,1377358322,390.0
719,1377358327,396.0
719,1377358332,392.0
719,1377358337,390.0
719,1377358342,390.0
719,1377358347,391.0
719,1377358352,398.0
719,1377358357,400.0
719,1377358362,393.0
719,1377358367,396.0
719,1377358372,382.0
719,1377358377,392.0
719,1377358382,384.0
719,1377358387,385.0
719,1377358392,387.0
719,1377358397,396.0
719,1377358402,390.0
719,1377358407,390.0
719,1377358412,382.0
719,1377358417,388.0
719,1377358422,382.0
719,1377358427,383.0
719,1377358432,388.0
719,1377358437,390.0
719,1377358442,388.0
719,1377358447,385.0
719,1377358452,387.0
719,1377358457,393.0
719,1377358462,390.0
719,1377358467,391.0
719,1377358472,393.0
719,1377358477,385.0
719,1377358482,382.0
719,1377358487,384.0
719,1377358492,381.0
719,1377358497,388.0
719,1377358502,392.0
719,1377358507,390.0
719,1377358512,398.0
719,1377358517,397.0
719,1377358522,404.0
719,1377358527,402.0
719,1377358532,395.0
719,1377358537,396.0
719,1377358542,387.0
719,1377358547,385.0
719,1377358552,385.0
719,1377358557,382.0
719,1377358562,382.0
719,1377358567,393.0
719,1377358572,398.0
719,1377358577,403.0
719,1377358582,403.0
719,1377358587,397.0
719,1377358592,396.0
719,1377358597,393.0
719,1377358602,396.0
719,1377358607,390.0
719,1377358612,387.0
719,1377358617,387.0
719,1377358622,387.0
719,1377358627,388.0
719,1377358632,384.0
719,1377358637,384.0
719,1377358642,384.0
719,1377358647,380.0
719,1377358652,385.0
719,1377358657,387.0
719,1377358662,392.0
719,1377358667,390.0
719,1377358672,393.0
719,1377358677,391.0
719,1377358682,390.0
719,1377358687,382.0
719,1377358692,382.0
719,1377358697,383.0
719,1377358702,388.0
719,1377358707,393.0
719,1377358712,390.0
719,1377358717,393.0
719,1377358722,396.0
719,1377358727,392.0
719,1377358732,388.0
719,1377358737,384.0
719,1377358742,382.0
719,1377358747,382.0
719,1377358752,392.0
719,1377358757,390.0
719,1377358762,395.0
719,1377358767,401.0
719,1377358772,398.0
719,1377358777,396.0
719,1377358782,392.0
719,1377358787,387.0
719,1377358792,387.0
719,1377358797,384.0
719,1377358802,385.0
719,1377358807,382.0
719,1377358812,383.0
719,1377358817,383.0
719,1377358822,387.0
719,1377358827,390.0
719,1377358832,391.0
719,1377358837,391.0
719,1377358842,387.0
719,1377358847,385.0
719,1377358852,382.0
719,1377358857,392.0
719,1377358862,393.0
719,1377358867,390.0
719,1377358872,385.0
719,1377358877,387.0
719,1377358882,392.0
719,1377358887,391.0
719,1377358892,390.0
719,1377358897,395.0
719,1377358902,398.0
719,1377358907,396.0
719,1377358912,401.0
719,1377358917,396.0
719,1377358922,393.0
719,1377358927,390.0
719,1377358932,396.0
719,1377358937,391.0
719,1377358942,395.0
719,1377358947,398.0
719,1377358952,397.0
719,1377358957,395.0
719,1377358962,390.0
719,1377358967,393.0
719,1377358972,391.0
719,1377358977,392.0
719,1377358982,396.0
719,1377358987,387.0
719,1377358992,395.0
719,1377358997,396.0
719,1377359002,391.0
719,1377359007,390.0
719,1377359012,392.0
719,1377359017,392.0
719,1377359022,396.0
719,1377359027,393.0
719,1377359032,390.0
719,1377359037,396.0
719,1377359042,385.0
719,1377359047,380.0
719,1377359052,377.0
719,1377359057,374.0
719,1377359062,379.0
719,1377359067,385.0
719,1377359072,392.0
719,1377359077,391.0
719,1377359082,391.0
719,1377359087,391.0
719,1377359092,395.0
719,1377359097,393.0
719,1377359102,391.0
719,1377359107,397.0
719,1377359112,397.0
719,1377359117,400.0
719,1377359122,392.0
719,1377359127,393.0
719,1377359132,387.0
719,1377359137,383.0
719,1377359142,387.0
719,1377359147,397.0
719,1377359152,392.0
719,1377359157,392.0
719,1377359162,384.0
719,1377359167,384.0
719,1377359172,379.0
719,1377359177,384.0
719,1377359182,383.0
719,1377359187,388.0
719,1377359192,390.0
719,1377359197,390.0
719,1377359202,391.0
719,1377359207,390.0
719,1377359212,391.0
719,1377359217,400.0
719,1377359222,397.0
719,1377359227,397.0
719,1377359232,398.0
719,1377359237,397.0
719,1377359242,391.0
719,1377359247,389.0
719,1377359252,396.0
719,1377359257,384.0
719,1377359262,383.0
719,1377359267,385.0
719,1377359272,391.0
719,1377359277,395.0
719,1377359282,398.0
719,1377359287,400.0
719,1377359292,395.0
719,1377359297,398.0
719,1377359302,391.0
719,1377359307,390.0
719,1377359312,393.0
719,1377359317,383.0
719,1377359322,382.0
719,1377359327,383.0
719,1377359332,388.0
719,1377359337,388.0
719,1377359342,387.0
719,1377359347,392.0
719,1377359352,383.0
719,1377359357,387.0
719,1377359362,387.0
719,1377359367,396.0
719,1377359372,393.0
719,1377359377,391.0
719,1377359382,395.0
719,1377359387,397.0
719,1377359392,397.0
719,1377359397,398.0
719,1377359402,390.0
719,1377359407,396.0
719,1377359412,388.0
719,1377359417,382.0
719,1377359422,388.0
719,1377359427,387.0
719,1377359432,382.0
719,1377359437,387.0
719,1377359442,390.0
719,1377359447,396.0
719,1377359452,396.0
719,1377359457,397.0
719,1377359462,397.0
719,1377359467,401.0
719,1377359472,395.0
719,1377359477,391.0
719,1377359482,390.0
719,1377359487,392.0
719,1377359492,393.0
719,1377359497,393.0
719,1377359502,401.0
719,1377359507,401.0
719,1377359512,406.0
719,1377359517,399.0
719,1377359522,406.0
719,1377359527,397.0
719,1377359532,400.0
719,1377359537,402.0
719,1377359542,401.0
719,1377359547,397.0
719,1377359552,394.0
719,1377359557,385.0
719,1377359562,375.0
719,1377359567,385.0
719,1377359572,382.0
719,1377359577,388.0
719,1377359582,382.0
719,1377359587,383.0
719,1377359592,385.0
719,1377359597,387.0
719,1377359602,387.0
719,1377359607,392.0
719,1377359612,390.0
719,1377359617,390.0
719,1377359622,387.0
719,1377359627,387.0
719,1377359632,387.0
719,1377359637,382.0
719,1377359642,380.0
719,1377359647,382.0
719,1377359652,379.0
719,1377359657,393.0
719,1377359662,385.0
719,1377359667,385.0
719,1377359672,384.0
719,1377359677,382.0
719,1377359682,382.0
719,1377359687,381.0
719,1377359692,385.0
719,1377359697,385.0
719,1377359702,384.0
719,1377359707,385.0
719,1377359712,385.0
719,1377359717,385.0
719,1377359722,392.0
719,1377359727,393.0
719,1377359732,396.0
719,1377359737,392.0
719,1377359742,387.0
719,1377359747,385.0
719,1377359752,388.0
719,1377359757,387.0
719,1377359762,393.0
719,1377359767,396.0
719,1377359772,397.0
719,1377359777,391.0
719,1377359782,397.0
719,1377359787,395.0
719,1377359792,398.0
719,1377359797,397.0
719,1377359802,400.0
719,1377359807,391.0
719,1377359812,395.0
719,1377359817,393.0
719,1377359822,390.0
719,1377359827,389.0
719,1377359832,392.0
719,1377359837,396.0
719,1377359842,390.0
719,1377359847,396.0
719,1377359852,400.0
719,1377359857,396.0
719,1377359862,390.0
719,1377359867,391.0
719,1377359872,392.0
719,1377359877,393.0
719,1377359882,393.0
719,1377359887,396.0
719,1377359892,391.0
719,1377359897,396.0
719,1377359902,396.0
719,1377359907,391.0
719,1377359912,393.0
719,1377359917,388.0
719,1377359922,387.0
719,1377359927,388.0
719,1377359932,387.0
719,1377359937,393.0
719,1377359942,396.0
719,1377359947,396.0
719,1377359952,398.0
719,1377359957,400.0
719,1377359962,395.0
719,1377359967,395.0
719,1377359972,400.0
719,1377359977,393.0
719,1377359982,396.0
719,1377359987,392.0
719,1377359992,390.0
719,1377359997,390.0
719,1377360002,396.0
719,1377360007,395.0
719,1377360012,390.0
719,1377360017,391.0
719,1377360022,390.0
719,1377360027,398.0
719,1377360032,398.0
719,1377360037,397.0
719,1377360042,404.0
719,1377360047,399.0
719,1377360052,403.0
719,1377360057,401.0
719,1377360062,398.0
719,1377360067,393.0
719,1377360072,396.0
719,1377360077,382.0
719,1377360082,385.0
719,1377360087,387.0
719,1377360092,389.0
719,1377360097,390.0
719,1377360102,388.0
719,1377360107,382.0
719,1377360112,384.0
719,1377360117,387.0
719,1377360122,387.0
719,1377360127,396.0
719,1377360132,387.0
719,1377360137,396.0
719,1377360142,392.0
719,1377360147,398.0
719,1377360152,398.0
719,1377360157,401.0
719,1377360162,402.0
719,1377360167,402.0
719,1377360172,395.0
719,1377360177,398.0
719,1377360182,391.0
719,1377360187,396.0
719,1377360192,398.0
719,1377360197,398.0
719,1377360202,395.0
719,1377360207,396.0
719,1377360212,398.0
719,1377360217,393.0
719,1377360222,392.0
719,1377360227,396.0
719,1377360232,390.0
719,1377360237,390.0
719,1377360242,390.0
719,1377360247,387.0
719,1377360252,383.0
719,1377360257,388.0
719,1377360262,387.0
719,1377360267,385.0
719,1377360272,384.0
719,1377360277,381.0
719,1377360282,387.0
719,1377360287,382.0
719,1377360292,387.0
719,1377360297,382.0
719,1377360302,392.0
719,1377360307,390.0
719,1377360312,390.0
719,1377360317,402.0
719,1377360322,403.0
719,1377360327,401.0
719,1377360332,395.0
719,1377360337,391.0
719,1377360342,388.0
719,1377360347,388.0
719,1377360352,385.0
719,1377360357,390.0
719,1377360362,396.0
719,1377360367,400.0
719,1377360372,391.0
719,1377360377,401.0
719,1377360382,395.0
719,1377360387,400.0
719,1377360392,393.0
719,1377360397,390.0
719,1377360402,388.0
719,1377360407,387.0
719,1377360412,387.0
719,1377360417,393.0
719,1377360422,390.0
719,1377360427,390.0
719,1377360432,393.0
719,1377360437,393.0
719,1377360442,390.0
719,1377360447,396.0
719,1377360452,396.0
719,1377360457,390.0
719,1377360462,383.0
719,1377360467,385.0
719,1377360472,385.0
719,1377360477,383.0
719,1377360482,388.0
719,1377360487,383.0
719,1377360492,393.0
719,1377360497,390.0
719,1377360502,396.0
719,1377360507,385.0
719,1377360512,383.0
719,1377360517,382.0
719,1377360522,382.0
719,1377360527,388.0
719,1377360532,390.0
719,1377360537,395.0
719,1377360542,398.0
719,1377360547,393.0
719,1377360552,391.0
719,1377360557,393.0
719,1377360562,391.0
719,1377360567,393.0
719,1377360572,390.0
719,1377360577,392.0
719,1377360582,396.0
719,1377360587,393.0
719,1377360592,395.0
719,1377360597,397.0
719,1377360602,403.0
719,1377360607,396.0
719,1377360612,398.0
719,1377360617,391.0
719,1377360622,385.0
719,1377360627,392.0
719,1377360632,388.0
719,1377360637,390.0
719,1377360642,393.0
719,1377360647,392.0
719,1377360652,390.0
719,1377360657,393.0
719,1377360662,395.0
719,1377360667,390.0
719,1377360672,390.0
719,1377360677,391.0
719,1377360682,390.0
719,1377360687,393.0
719,1377360692,390.0
719,1377360697,396.0
719,1377360702,393.0
719,1377360707,390.0
719,1377360712,391.0
719,1377360717,382.0
719,1377360722,385.0
719,1377360727,382.0
719,1377360732,382.0
719,1377360737,390.0
719,1377360742,392.0
719,1377360747,387.0
719,1377360752,382.0
719,1377360757,384.0
719,1377360762,383.0
719,1377360767,383.0
719,1377360772,396.0
719,1377360777,391.0
719,1377360782,395.0
719,1377360787,392.0
719,1377360792,396.0
719,1377360797,392.0
719,1377360802,392.0
719,1377360807,390.0
719,1377360812,391.0
719,1377360817,396.0
719,1377360822,390.0
719,1377360827,392.0
719,1377360832,392.0
719,1377360837,392.0
719,1377360842,391.0
719,1377360847,391.0
719,1377360852,391.0
719,1377360857,390.0
719,1377360862,390.0
719,1377360867,396.0
719,1377360872,390.0
719,1377360877,391.0
719,1377360882,396.0
719,1377360887,398.0
719,1377360892,398.0
719,1377360897,401.0
719,1377360902,397.0
719,1377360907,401.0
719,1377360912,404.0
719,1377360917,398.0
719,1377360922,398.0
719,1377360927,402.0
719,1377360932,391.0
719,1377360937,396.0
719,1377360942,390.0
719,1377360947,390.0
719,1377360952,392.0
719,1377360957,390.0
719,1377360962,387.0
719,1377360967,387.0
719,1377360972,385.0
719,1377360977,385.0
719,1377360982,384.0
719,1377360987,384.0
719,1377360992,383.0
719,1377360997,384.0
719,1377361002,382.0
719,1377361007,390.0
719,1377361012,391.0
719,1377361017,395.0
719,1377361022,396.0
719,1377361027,393.0
719,1377361032,395.0
719,1377361037,393.0
719,1377361042,395.0
719,1377361047,390.0
719,1377361052,391.0
719,1377361057,392.0
719,1377361062,387.0
719,1377361067,383.0
719,1377361072,379.0
719,1377361077,380.0
719,1377361082,382.0
719,1377361087,382.0
719,1377361092,389.0
719,1377361097,392.0
719,1377361102,392.0
719,1377361107,390.0
719,1377361112,390.0
719,1377361117,395.0
719,1377361122,397.0
719,1377361127,408.0
719,1377361132,409.0
719,1377361137,399.0
719,1377361142,408.0
719,1377361147,403.0
719,1377361152,398.0
719,1377361157,400.0
719,1377361162,390.0
719,1377361167,390.0
719,1377361172,387.0
719,1377361177,384.0
719,1377361182,388.0
719,1377361187,391.0
719,1377361192,396.0
719,1377361197,396.0
719,1377361202,391.0
719,1377361207,392.0
719,1377361212,390.0
719,1377361217,390.0
719,1377361222,396.0
719,1377361227,397.0
719,1377361232,397.0
719,1377361237,401.0
719,1377361242,401.0
719,1377361247,396.0
719,1377361252,396.0
719,1377361257,390.0
719,1377361262,396.0
719,1377361267,382.0
719,1377361272,388.0
719,1377361277,388.0
719,1377361282,387.0
719,1377361287,382.0
719,1377361292,382.0
719,1377361297,388.0
719,1377361302,393.0
719,1377361307,391.0
719,1377361312,398.0
719,1377361317,397.0
719,1377361322,397.0
719,1377361327,401.0
719,1377361332,402.0
719,1377361337,397.0
719,1377361342,397.0
719,1377361347,398.0
719,1377361352,391.0
719,1377361357,392.0
719,1377361362,387.0
719,1377361367,388.0
719,1377361372,387.0
719,1377361377,396.0
719,1377361382,385.0
719,1377361387,388.0
719,1377361392,387.0
719,1377361397,393.0
719,1377361402,395.0
719,1377361407,390.0
719,1377361412,383.0
719,1377361417,385.0
719,1377361422,385.0
719,1377361427,387.0
719,1377361432,391.0
719,1377361437,397.0
719,1377361442,397.0
719,1377361447,402.0
719,1377361452,397.0
719,1377361457,396.0
719,1377361462,396.0
719,1377361467,396.0
719,1377361472,392.0
719,1377361477,393.0
719,1377361482,393.0
719,1377361487,393.0
719,1377361492,393.0
719,1377361497,390.0
719,1377361502,390.0
719,1377361507,395.0
719,1377361512,401.0
719,1377361517,404.0
719,1377361522,397.0
719,1377361527,396.0
719,1377361532,390.0
719,1377361537,387.0
719,1377361542,382.0
719,1377361547,379.0
719,1377361552,382.0
719,1377361557,382.0
719,1377361562,388.0
719,1377361567,391.0
719,1377361572,396.0
719,1377361577,390.0
719,1377361582,396.0
719,1377361587,396.0
719,1377361592,393.0
719,1377361597,393.0
719,1377361602,393.0
719,1377361607,391.0
719,1377361612,390.0
719,1377361617,396.0
719,1377361622,392.0
719,1377361627,396.0
719,1377361632,387.0
719,1377361637,390.0
719,1377361642,382.0
719,1377361647,390.0
719,1377361652,387.0
719,1377361657,383.0
719,1377361662,384.0
719,1377361667,377.0
719,1377361672,377.0
719,1377361677,372.0
719,1377361682,371.0
719,1377361687,377.0
719,1377361692,379.0
719,1377361697,387.0
719,1377361702,392.0
719,1377361707,393.0
719,1377361712,390.0
719,1377361717,391.0
719,1377361722,390.0
719,1377361727,396.0
719,1377361732,393.0
719,1377361737,398.0
719,1377361742,391.0
719,1377361747,391.0
719,1377361752,395.0
719,1377361757,390.0
719,1377361762,391.0
719,1377361767,391.0
719,1377361772,393.0
719,1377361777,396.0
719,1377361782,400.0
719,1377361787,395.0
719,1377361792,396.0
719,1377361797,390.0
719,1377361802,393.0
719,1377361807,392.0
719,1377361812,392.0
719,1377361817,385.0
719,1377361822,385.0
719,1377361827,388.0
719,1377361832,392.0
719,1377361837,396.0
719,1377361842,390.0
719,1377361847,388.0
719,1377361852,392.0
719,1377361857,393.0
719,1377361862,391.0
719,1377361867,396.0
719,1377361872,396.0
719,1377361877,391.0
719,1377361882,390.0
719,1377361887,391.0
719,1377361892,393.0
719,1377361897,397.0
719,1377361902,393.0
719,1377361907,395.0
719,1377361912,390.0
719,1377361917,395.0
719,1377361922,392.0
719,1377361927,391.0
719,1377361932,390.0
719,1377361937,385.0
719,1377361942,385.0
719,1377361947,384.0
719,1377361952,384.0
719,1377361957,388.0
719,1377361962,388.0
719,1377361967,391.0
719,1377361972,398.0
719,1377361977,397.0
719,1377361982,398.0
719,1377361987,396.0
719,1377361992,392.0
719,1377361997,385.0
719,1377362002,387.0
719,1377362007,388.0
719,1377362012,390.0
719,1377362017,396.0
719,1377362022,396.0
719,1377362027,391.0
719,1377362032,395.0
719,1377362037,396.0
719,1377362042,392.0
719,1377362047,383.0
719,1377362052,382.0
719,1377362057,380.0
719,1377362062,382.0
719,1377362067,382.0
719,1377362072,383.0
719,1377362077,382.0
719,1377362082,379.0
719,1377362087,380.0
719,1377362092,385.0
719,1377362097,385.0
719,1377362102,393.0
719,1377362107,391.0
719,1377362112,390.0
719,1377362117,393.0
719,1377362122,390.0
719,1377362127,396.0
719,1377362132,396.0
719,1377362137,396.0
719,1377362142,396.0
719,1377362147,390.0
719,1377362152,390.0
719,1377362157,395.0
719,1377362162,393.0
719,1377362167,398.0
719,1377362172,396.0
719,1377362177,392.0
719,1377362182,382.0
719,1377362187,388.0
719,1377362192,390.0
719,1377362197,390.0
719,1377362202,395.0
719,1377362207,396.0
719,1377362212,397.0
719,1377362217,395.0
719,1377362222,396.0
719,1377362227,392.0
719,1377362232,389.0
719,1377362237,388.0
719,1377362242,390.0
719,1377362247,390.0
719,1377362252,393.0
719,1377362257,387.0
719,1377362262,392.0
719,1377362267,387.0
719,1377362272,392.0
719,1377362277,395.0
719,1377362282,399.0
719,1377362287,404.0
719,1377362292,408.0
719,1377362297,395.0
719,1377362302,393.0
719,1377362307,391.0
719,1377362312,391.0
719,1377362317,390.0
719,1377362322,385.0
719,1377362327,388.0
719,1377362332,385.0
719,1377362337,388.0
719,1377362342,390.0
719,1377362347,393.0
719,1377362352,396.0
719,1377362357,390.0
719,1377362362,392.0
719,1377362367,388.0
719,1377362372,381.0
719,1377362377,383.0
719,1377362382,385.0
719,1377362387,383.0
719,1377362392,392.0
719,1377362397,391.0
719,1377362402,390.0
719,1377362407,397.0
719,1377362412,391.0
719,1377362417,395.0
719,1377362422,390.0
719,1377362427,392.0
719,1377362432,388.0
719,1377362437,383.0
719,1377362442,382.0
719,1377362447,392.0
719,1377362452,390.0
719,1377362457,392.0
719,1377362462,390.0
719,1377362467,392.0
719,1377362472,387.0
719,1377362477,391.0
719,1377362482,396.0
719,1377362487,393.0
719,1377362492,391.0
719,1377362497,392.0
719,1377362502,396.0
719,1377362507,398.0
719,1377362512,398.0
719,1377362517,391.0
719,1377362522,397.0
719,1377362527,396.0
719,1377362532,391.0
719,1377362537,390.0
719,1377362542,397.0
719,1377362547,393.0
719,1377362552,396.0
719,1377362557,395.0
719,1377362562,401.0
719,1377362567,398.0
719,1377362572,395.0
719,1377362577,390.0
719,1377362582,398.0
719,1377362587,396.0
719,1377362592,398.0
719,1377362597,391.0
719,1377362602,396.0
719,1377362607,395.0
719,1377362612,393.0
719,1377362617,391.0
719,1377362622,390.0
719,1377362627,398.0
719,1377362632,393.0
719,1377362637,398.0
719,1377362642,396.0
719,1377362647,398.0
719,1377362652,396.0
719,1377362657,390.0
719,1377362662,392.0
719,1377362667,393.0
719,1377362672,391.0
719,1377362677,390.0
719,1377362682,395.0
719,1377362687,390.0
719,1377362692,393.0
719,1377362697,385.0
719,1377362702,382.0
719,1377362707,387.0
719,1377362712,392.0
719,1377362717,396.0
719,1377362722,396.0
719,1377362727,398.0
719,1377362732,393.0
719,1377362737,388.0
719,1377362742,383.0
719,1377362747,385.0
719,1377362752,387.0
719,1377362757,385.0
719,1377362762,382.0
719,1377362767,390.0
719,1377362772,395.0
719,1377362777,393.0
719,1377362782,396.0
719,1377362787,383.0
719,1377362792,391.0
719,1377362797,396.0
719,1377362802,393.0
719,1377362807,398.0
719,1377362812,401.0
719,1377362817,390.0
719,1377362822,387.0
719,1377362827,382.0
719,1377362832,387.0
719,1377362837,390.0
719,1377362842,395.0
719,1377362847,397.0
719,1377362852,401.0
719,1377362857,401.0
719,1377362862,396.0
719,1377362867,390.0
719,1377362872,391.0
719,1377362877,398.0
719,1377362882,400.0
719,1377362887,398.0
719,1377362892,396.0
719,1377362897,396.0
719,1377362902,392.0
719,1377362907,387.0
719,1377362912,387.0
719,1377362917,393.0
719,1377362922,390.0
719,1377362927,390.0
719,1377362932,392.0
719,1377362937,393.0
719,1377362942,392.0
719,1377362947,392.0
719,1377362952,385.0
719,1377362957,383.0
719,1377362962,382.0
719,1377362967,385.0
719,1377362972,387.0
719,1377362977,391.0
719,1377362982,393.0
719,1377362987,393.0
719,1377362992,396.0
719,1377362997,387.0
719,1377363002,393.0
719,1377363007,392.0
719,1377363012,395.0
719,1377363017,393.0
719,1377363022,396.0
719,1377363027,387.0
719,1377363032,385.0
719,1377363037,388.0
719,1377363042,396.0
719,1377363047,395.0
719,1377363052,398.0
719,1377363057,397.0
719,1377363062,390.0
719,1377363067,391.0
719,1377363072,393.0
719,1377363077,393.0
719,1377363082,391.0
719,1377363087,396.0
719,1377363092,391.0
719,1377363097,396.0
719,1377363102,396.0
719,1377363107,396.0
719,1377363112,400.0
719,1377363117,402.0
719,1377363122,401.0
719,1377363127,402.0
719,1377363132,396.0
719,1377363137,390.0
719,1377363142,396.0
719,1377363147,397.0
719,1377363152,400.0
719,1377363157,400.0
719,1377363162,393.0
719,1377363167,396.0
719,1377363172,391.0
719,1377363177,396.0
719,1377363182,391.0
719,1377363187,393.0
719,1377363192,395.0
719,1377363197,390.0
719,1377363202,396.0
719,1377363207,390.0
719,1377363212,392.0
719,1377363217,393.0
719,1377363222,395.0
719,1377363227,396.0
719,1377363232,388.0
719,1377363237,392.0
719,1377363242,392.0
719,1377363247,396.0
719,1377363252,396.0
719,1377363257,392.0
719,1377363262,387.0
719,1377363267,385.0
719,1377363272,387.0
719,1377363277,388.0
719,1377363282,387.0
719,1377363287,385.0
719,1377363292,392.0
719,1377363297,382.0
719,1377363302,396.0
719,1377363307,387.0
719,1377363312,390.0
719,1377363317,398.0
719,1377363322,398.0
719,1377363327,401.0
719,1377363332,401.0
719,1377363337,398.0
719,1377363342,399.0
719,1377363347,393.0
719,1377363352,391.0
719,1377363357,398.0
719,1377363362,402.0
719,1377363367,402.0
719,1377363372,393.0
719,1377363377,398.0
719,1377363382,390.0
719,1377363387,396.0
719,1377363392,400.0
719,1377363397,402.0
719,1377363402,403.0
719,1377363407,408.0
719,1377363412,404.0
719,1377363417,404.0
719,1377363422,398.0
719,1377363427,400.0
719,1377363432,396.0
719,1377363437,390.0
719,1377363442,393.0
719,1377363447,387.0
719,1377363452,392.0
719,1377363457,393.0
719,1377363462,391.0
719,1377363467,391.0
719,1377363472,396.0
719,1377363477,392.0
719,1377363482,392.0
719,1377363487,387.0
719,1377363492,390.0
719,1377363497,382.0
719,1377363502,392.0
719,1377363507,392.0
719,1377363512,393.0
719,1377363517,390.0
719,1377363522,387.0
719,1377363527,388.0
719,1377363532,388.0
719,1377363537,382.0
719,1377363542,387.0
719,1377363547,388.0
719,1377363552,393.0
719,1377363557,395.0
719,1377363562,398.0
719,1377363567,404.0
719,1377363572,404.0
719,1377363577,399.0
719,1377363582,403.0
719,1377363587,401.0
719,1377363592,404.0
719,1377363597,406.0
719,1377363602,406.0
719,1377363607,408.0
719,1377363612,402.0
719,1377363617,395.0
719,1377363622,393.0
719,1377363627,393.0
719,1377363632,390.0
719,1377363637,395.0
719,1377363642,390.0
719,1377363647,399.0
719,1377363652,392.0
719,1377363657,391.0
719,1377363662,393.0
719,1377363667,395.0
719,1377363672,398.0
719,1377363677,403.0
719,1377363682,409.0
719,1377363687,406.0
719,1377363692,403.0
719,1377363697,399.0
719,1377363702,396.0
719,1377363707,391.0
719,1377363712,391.0
719,1377363717,395.0
719,1377363722,398.0
719,1377363727,398.0
719,1377363732,399.0
719,1377363737,391.0
719,1377363742,391.0
719,1377363747,397.0
719,1377363752,401.0
719,1377363757,395.0
719,1377363762,401.0
719,1377363767,401.0
719,1377363772,398.0
719,1377363777,398.0
719,1377363782,402.0
719,1377363787,397.0
719,1377363792,400.0
719,1377363797,391.0
719,1377363802,390.0
719,1377363807,395.0
719,1377363812,397.0
719,1377363817,401.0
719,1377363822,398.0
719,1377363827,397.0
719,1377363832,396.0
719,1377363837,396.0
719,1377363842,398.0
719,1377363847,402.0
719,1377363852,398.0
719,1377363857,401.0
719,1377363862,390.0
719,1377363867,398.0
719,1377363872,395.0
719,1377363877,398.0
719,1377363882,391.0
719,1377363887,398.0
719,1377363892,397.0
719,1377363897,401.0
719,1377363902,400.0
719,1377363907,397.0
719,1377363912,396.0
719,1377363917,396.0
719,1377363922,398.0
719,1377363927,396.0
719,1377363932,401.0
719,1377363937,402.0
719,1377363942,403.0
719,1377363947,406.0
719,1377363952,404.0
719,1377363957,400.0
719,1377363962,390.0
719,1377363967,387.0
719,1377363972,385.0
719,1377363977,385.0
719,1377363982,382.0
719,1377363987,388.0
719,1377363992,382.0
719,1377363997,387.0
719,1377364002,391.0
719,1377364007,391.0
719,1377364012,391.0
719,1377364017,390.0
719,1377364022,393.0
719,1377364027,390.0
719,1377364032,391.0
719,1377364037,393.0
719,1377364042,393.0
719,1377364047,396.0
719,1377364052,396.0
719,1377364057,391.0
719,1377364062,393.0
719,1377364067,398.0
719,1377364072,393.0
719,1377364077,398.0
719,1377364082,391.0
719,1377364087,396.0
719,1377364092,397.0
719,1377364097,402.0
719,1377364102,401.0
719,1377364107,395.0
719,1377364112,391.0
719,1377364117,392.0
719,1377364122,382.0
719,1377364127,385.0
719,1377364132,385.0
719,1377364137,382.0
719,1377364142,393.0
719,1377364147,395.0
719,1377364152,397.0
719,1377364157,408.0
719,1377364162,403.0
719,1377364167,408.0
719,1377364172,401.0
719,1377364177,404.0
719,1377364182,390.0
719,1377364187,396.0
719,1377364192,393.0
719,1377364197,393.0
719,1377364202,391.0
719,1377364207,395.0
719,1377364212,395.0
719,1377364217,396.0
719,1377364222,396.0
719,1377364227,396.0
719,1377364232,393.0
719,1377364237,393.0
719,1377364242,383.0
719,1377364247,387.0
719,1377364252,392.0
719,1377364257,393.0
719,1377364262,395.0
719,1377364267,398.0
719,1377364272,404.0
719,1377364277,397.0
719,1377364282,398.0
719,1377364287,390.0
719,1377364292,396.0
719,1377364297,385.0
719,1377364302,390.0
719,1377364307,387.0
719,1377364312,387.0
719,1377364317,385.0
719,1377364322,388.0
719,1377364327,387.0
719,1377364332,396.0
719,1377364337,397.0
719,1377364342,398.0
719,1377364347,393.0
719,1377364352,393.0
719,1377364357,391.0
719,1377364362,395.0
719,1377364367,398.0
719,1377364372,397.0
719,1377364377,400.0
719,1377364382,400.0
719,1377364387,403.0
719,1377364392,397.0
719,1377364397,409.0
719,1377364402,403.0
719,1377364407,398.0
719,1377364412,398.0
719,1377364417,399.0
719,1377364422,393.0
719,1377364427,396.0
719,1377364432,393.0
719,1377364437,398.0
719,1377364442,412.0
719,1377364447,406.0
719,1377364452,407.0
719,1377364457,405.0
719,1377364462,402.0
719,1377364467,395.0
719,1377364472,391.0
719,1377364477,387.0
719,1377364482,383.0
719,1377364487,387.0
719,1377364492,388.0
719,1377364497,388.0
719,1377364502,385.0
719,1377364507,392.0
719,1377364512,395.0
719,1377364517,401.0
719,1377364522,408.0
719,1377364527,407.0
719,1377364532,406.0
719,1377364537,401.0
719,1377364542,401.0
719,1377364547,396.0
719,1377364552,398.0
719,1377364557,401.0
719,1377364562,401.0
719,1377364567,408.0
719,1377364572,412.0
719,1377364577,416.0
719,1377364582,398.0
719,1377364587,399.0
719,1377364592,401.0
719,1377364597,401.0
719,1377364602,398.0
719,1377364607,406.0
719,1377364612,408.0
719,1377364617,401.0
719,1377364622,395.0
719,1377364627,391.0
719,1377364632,398.0
719,1377364637,396.0
719,1377364642,396.0
719,1377364647,395.0
719,1377364652,393.0
719,1377364657,395.0
719,1377364662,393.0
719,1377364667,390.0
719,1377364672,395.0
719,1377364677,395.0
719,1377364682,398.0
719,1377364687,398.0
719,1377364692,406.0
719,1377364697,406.0
719,1377364702,408.0
719,1377364707,403.0
719,1377364712,406.0
719,1377364717,403.0
719,1377364722,412.0
719,1377364727,412.0
719,1377364732,409.0
719,1377364737,412.0
719,1377364742,406.0
719,1377364747,408.0
719,1377364752,403.0
719,1377364757,396.0
719,1377364762,393.0
719,1377364768,387.0
719,1377364772,396.0
719,1377364777,395.0
719,1377364782,398.0
719,1377364787,395.0
719,1377364792,395.0
719,1377364797,393.0
719,1377364802,396.0
719,1377364807,391.0
719,1377364812,396.0
719,1377364817,395.0
719,1377364822,393.0
719,1377364827,383.0
719,1377364832,390.0
719,1377364837,388.0
719,1377364842,390.0
719,1377364847,396.0
719,1377364852,390.0
719,1377364857,390.0
719,1377364862,396.0
719,1377364867,391.0
719,1377364872,398.0
719,1377364877,403.0
719,1377364882,408.0
719,1377364887,407.0
719,1377364892,403.0
719,1377364897,412.0
719,1377364902,398.0
719,1377364907,402.0
719,1377364912,393.0
719,1377364917,393.0
719,1377364922,387.0
719,1377364927,393.0
719,1377364932,396.0
719,1377364937,395.0
719,1377364942,401.0
719,1377364947,401.0
719,1377364952,397.0
719,1377364957,403.0
719,1377364962,401.0
719,1377364967,403.0
719,1377364972,398.0
719,1377364977,398.0
719,1377364982,408.0
719,1377364987,412.0
719,1377364992,403.0
719,1377364997,408.0
719,1377365002,403.0
719,1377365007,401.0
719,1377365012,402.0
719,1377365017,401.0
719,1377365022,403.0
719,1377365027,408.0
719,1377365032,404.0
719,1377365037,403.0
719,1377365042,404.0
719,1377365047,403.0
719,1377365052,398.0
719,1377365057,399.0
719,1377365062,402.0
719,1377365067,398.0
719,1377365072,393.0
719,1377365077,395.0
719,1377365082,396.0
719,1377365087,393.0
719,1377365092,391.0
719,1377365097,398.0
719,1377365102,390.0
719,1377365107,396.0
719,1377365112,395.0
719,1377365117,401.0
719,1377365122,401.0
719,1377365127,402.0
719,1377365132,402.0
719,1377365137,400.0
719,1377365142,396.0
719,1377365147,396.0
719,1377365152,387.0
719,1377365157,385.0
719,1377365162,383.0
719,1377365167,382.0
719,1377365172,393.0
719,1377365177,401.0
719,1377365182,399.0
719,1377365187,406.0
719,1377365192,407.0
719,1377365197,409.0
719,1377365202,408.0
719,1377365207,412.0
719,1377365212,401.0
719,1377365217,403.0
719,1377365222,396.0
719,1377365227,392.0
719,1377365232,392.0
719,1377365237,396.0
719,1377365242,398.0
719,1377365247,404.0
719,1377365252,409.0
719,1377365257,411.0
719,1377365262,413.0
719,1377365267,409.0
719,1377365272,409.0
719,1377365277,397.0
719,1377365282,391.0
719,1377365287,390.0
719,1377365292,393.0
719,1377365297,398.0
719,1377365302,401.0
719,1377365307,398.0
719,1377365312,397.0
719,1377365317,393.0
719,1377365322,396.0
719,1377365327,397.0
719,1377365332,401.0
719,1377365337,400.0
719,1377365342,397.0
719,1377365347,397.0
719,1377365352,403.0
719,1377365357,404.0
719,1377365362,401.0
719,1377365367,397.0
719,1377365372,406.0
719,1377365377,406.0
719,1377365382,406.0
719,1377365387,413.0
719,1377365392,407.0
719,1377365397,409.0
719,1377365402,404.0
719,1377365407,406.0
719,1377365412,406.0
719,1377365417,409.0
719,1377365422,408.0
719,1377365427,412.0
719,1377365432,403.0
719,1377365437,398.0
719,1377365442,404.0
719,1377365447,403.0
719,1377365452,412.0
719,1377365457,412.0
719,1377365462,399.0
719,1377365467,398.0
719,1377365472,397.0
719,1377365477,396.0
719,1377365482,400.0
719,1377365487,408.0
719,1377365492,404.0
719,1377365497,406.0
719,1377365502,406.0
719,1377365507,402.0
719,1377365512,401.0
719,1377365517,391.0
719,1377365522,391.0
719,1377365527,395.0
719,1377365532,390.0
719,1377365537,393.0
719,1377365542,393.0
719,1377365547,392.0
719,1377365552,390.0
719,1377365557,392.0
719,1377365562,393.0
719,1377365567,396.0
719,1377365572,398.0
719,1377365577,398.0
719,1377365582,398.0
719,1377365587,396.0
719,1377365592,390.0
719,1377365597,392.0
719,1377365602,393.0
719,1377365607,396.0
719,1377365612,398.0
719,1377365617,395.0
719,1377365622,388.0
719,1377365627,396.0
719,1377365632,401.0
719,1377365637,407.0
719,1377365642,407.0
719,1377365647,403.0
719,1377365652,401.0
719,1377365657,398.0
719,1377365662,404.0
719,1377365667,409.0
719,1377365672,397.0
719,1377365677,397.0
719,1377365682,399.0
719,1377365687,397.0
719,1377365692,397.0
719,1377365697,397.0
719,1377365702,401.0
719,1377365707,404.0
719,1377365712,398.0
719,1377365717,403.0
719,1377365722,408.0
719,1377365727,408.0
719,1377365732,401.0
719,1377365737,398.0
719,1377365742,401.0
719,1377365747,397.0
719,1377365752,395.0
719,1377365757,387.0
719,1377365762,396.0
719,1377365767,391.0
719,1377365772,396.0
719,1377365777,395.0
719,1377365782,395.0
719,1377365787,391.0
719,1377365792,400.0
719,1377365797,401.0
719,1377365802,401.0
719,1377365807,401.0
719,1377365812,406.0
719,1377365817,402.0
719,1377365822,404.0
719,1377365827,402.0
719,1377365832,396.0
719,1377365837,398.0
719,1377365842,396.0
719,1377365847,391.0
719,1377365852,395.0
719,1377365857,396.0
719,1377365862,395.0
719,1377365867,391.0
719,1377365872,391.0
719,1377365877,402.0
719,1377365882,397.0
719,1377365887,395.0
719,1377365892,393.0
719,1377365897,392.0
719,1377365902,388.0
719,1377365907,391.0
719,1377365912,393.0
719,1377365917,396.0
719,1377365922,396.0
719,1377365927,391.0
719,1377365932,400.0
719,1377365937,401.0
719,1377365942,401.0
719,1377365947,395.0
719,1377365952,395.0
719,1377365957,396.0
719,1377365962,396.0
719,1377365967,391.0
719,1377365972,391.0
719,1377365977,393.0
719,1377365982,393.0
719,1377365987,388.0
719,1377365992,390.0
719,1377365997,390.0
719,1377366002,395.0
719,1377366007,396.0
719,1377366012,398.0
719,1377366017,402.0
719,1377366022,401.0
719,1377366027,398.0
719,1377366032,398.0
719,1377366037,396.0
719,1377366042,398.0
719,1377366047,401.0
719,1377366052,404.0
719,1377366057,406.0
719,1377366062,401.0
719,1377366067,393.0
719,1377366072,393.0
719,1377366077,391.0
719,1377366082,391.0
719,1377366087,398.0
719,1377366092,401.0
719,1377366097,399.0
719,1377366102,401.0
719,1377366107,400.0
719,1377366112,393.0
719,1377366117,391.0
719,1377366122,396.0
719,1377366127,390.0
719,1377366132,391.0
719,1377366137,396.0
719,1377366142,395.0
719,1377366147,400.0
719,1377366152,391.0
719,1377366157,396.0
719,1377366162,391.0
719,1377366167,395.0
719,1377366172,396.0
719,1377366177,397.0
719,1377366182,395.0
719,1377366187,395.0
719,1377366192,396.0
719,1377366197,397.0
719,1377366202,401.0
719,1377366207,402.0
719,1377366212,401.0
719,1377366217,401.0
719,1377366222,401.0
719,1377366227,395.0
719,1377366232,393.0
719,1377366237,391.0
719,1377366242,396.0
719,1377366247,400.0
719,1377366252,398.0
719,1377366257,404.0
719,1377366262,412.0
719,1377366267,409.0
719,1377366272,411.0
719,1377366277,409.0
719,1377366282,412.0
719,1377366287,398.0
719,1377366292,395.0
719,1377366297,390.0
719,1377366302,382.0
719,1377366307,382.0
719,1377366312,392.0
719,1377366317,389.0
719,1377366322,396.0
719,1377366327,398.0
719,1377366332,403.0
719,1377366337,406.0
719,1377366342,407.0
719,1377366347,406.0
719,1377366352,401.0
719,1377366357,398.0
719,1377366362,401.0
719,1377366367,397.0
719,1377366372,401.0
719,1377366377,397.0
719,1377366382,396.0
719,1377366387,395.0
719,1377366392,390.0
719,1377366397,397.0
719,1377366402,395.0
719,1377366407,396.0
719,1377366412,398.0
719,1377366417,398.0
719,1377366422,396.0
719,1377366427,400.0
719,1377366432,398.0
719,1377366437,405.0
719,1377366442,401.0
719,1377366447,398.0
719,1377366452,401.0
719,1377366457,406.0
719,1377366462,401.0
719,1377366467,401.0
719,1377366472,401.0
719,1377366477,398.0
719,1377366482,402.0
719,1377366487,397.0
719,1377366492,398.0
719,1377366497,401.0
719,1377366502,399.0
719,1377366507,396.0
719,1377366512,395.0
719,1377366517,396.0
719,1377366522,395.0
719,1377366527,390.0
719,1377366532,398.0
719,1377366537,397.0
719,1377366542,401.0
719,1377366547,395.0
719,1377366552,400.0
719,1377366557,390.0
719,1377366562,396.0
719,1377366567,399.0
719,1377366572,398.0
719,1377366577,416.0
719,1377366582,406.0
719,1377366587,407.0
719,1377366592,411.0
719,1377366597,406.0
719,1377366602,401.0
719,1377366607,404.0
719,1377366612,396.0
719,1377366617,401.0
719,1377366622,401.0
719,1377366627,403.0
719,1377366632,403.0
719,1377366637,401.0
719,1377366642,401.0
719,1377366647,398.0
719,1377366652,404.0
719,1377366657,412.0
719,1377366662,412.0
719,1377366667,412.0
719,1377366672,403.0
719,1377366677,401.0
719,1377366682,402.0
719,1377366687,403.0
719,1377366692,397.0
719,1377366697,403.0
719,1377366702,404.0
719,1377366707,406.0
719,1377366712,404.0
719,1377366717,401.0
719,1377366722,395.0
719,1377366727,401.0
719,1377366732,401.0
719,1377366737,399.0
719,1377366742,406.0
719,1377366747,402.0
719,1377366752,398.0
719,1377366757,402.0
719,1377366762,397.0
719,1377366767,390.0
719,1377366772,396.0
719,1377366777,387.0
719,1377366782,383.0
719,1377366787,391.0
719,1377366792,412.0
719,1377366797,401.0
719,1377366802,408.0
719,1377366807,397.0
719,1377366812,403.0
719,1377366817,398.0
719,1377366822,395.0
719,1377366827,403.0
719,1377366832,412.0
719,1377366837,416.0
719,1377366842,411.0
719,1377366847,406.0
719,1377366852,403.0
719,1377366857,398.0
719,1377366862,401.0
719,1377366867,395.0
719,1377366872,397.0
719,1377366877,402.0
719,1377366882,406.0
719,1377366887,407.0
719,1377366892,407.0
719,1377366897,412.0
719,1377366902,408.0
719,1377366907,409.0
719,1377366912,404.0
719,1377366917,405.0
719,1377366922,404.0
719,1377366927,403.0
719,1377366932,403.0
719,1377366937,408.0
719,1377366942,398.0
719,1377366947,403.0
719,1377366952,406.0
719,1377366957,404.0
719,1377366962,406.0
719,1377366967,409.0
719,1377366972,406.0
719,1377366977,404.0
719,1377366982,403.0
719,1377366987,401.0
719,1377366992,401.0
719,1377366997,401.0
719,1377367002,401.0
719,1377367007,395.0
719,1377367012,398.0
719,1377367017,399.0
719,1377367022,402.0
719,1377367027,397.0
719,1377367032,402.0
719,1377367037,404.0
719,1377367042,403.0
719,1377367047,409.0
719,1377367052,412.0
719,1377367057,409.0
719,1377367062,409.0
719,1377367067,409.0
719,1377367072,406.0
719,1377367077,401.0
719,1377367082,398.0
719,1377367087,398.0
719,1377367092,398.0
719,1377367097,397.0
719,1377367102,404.0
719,1377367107,407.0
719,1377367112,407.0
719,1377367117,405.0
719,1377367122,400.0
719,1377367127,395.0
719,1377367132,397.0
719,1377367137,401.0
719,1377367142,402.0
719,1377367147,403.0
719,1377367152,408.0
719,1377367157,416.0
719,1377367162,403.0
719,1377367167,407.0
719,1377367172,408.0
719,1377367177,411.0
719,1377367182,407.0
719,1377367187,414.0
719,1377367192,406.0
719,1377367197,409.0
719,1377367202,405.0
719,1377367207,401.0
719,1377367212,402.0
719,1377367217,403.0
719,1377367222,401.0
719,1377367227,397.0
719,1377367232,400.0
719,1377367237,398.0
719,1377367242,396.0
719,1377367247,395.0
719,1377367252,412.0
719,1377367257,409.0
719,1377367262,420.0
719,1377367267,412.0
719,1377367272,412.0
719,1377367277,399.0
719,1377367282,401.0
719,1377367287,401.0
719,1377367292,408.0
719,1377367297,408.0
719,1377367302,406.0
719,1377367307,403.0
719,1377367312,406.0
719,1377367317,401.0
719,1377367322,403.0
719,1377367327,406.0
719,1377367332,407.0
719,1377367337,406.0
719,1377367342,416.0
719,1377367347,407.0
719,1377367352,408.0
719,1377367357,408.0
719,1377367362,397.0
719,1377367367,403.0
719,1377367372,397.0
719,1377367377,399.0
719,1377367382,396.0
719,1377367387,391.0
719,1377367392,398.0
719,1377367397,403.0
719,1377367402,412.0
719,1377367407,407.0
719,1377367412,407.0
719,1377367417,412.0
719,1377367422,407.0
719,1377367427,409.0
719,1377367432,407.0
719,1377367437,413.0
719,1377367442,413.0
719,1377367447,420.0
719,1377367452,417.0
719,1377367457,412.0
719,1377367462,408.0
719,1377367467,401.0
719,1377367472,397.0
719,1377367477,399.0
719,1377367482,407.0
719,1377367487,409.0
719,1377367492,409.0
719,1377367497,404.0
719,1377367502,404.0
719,1377367507,403.0
719,1377367512,399.0
719,1377367517,408.0
719,1377367522,414.0
719,1377367527,420.0
719,1377367532,411.0
719,1377367537,416.0
719,1377367542,412.0
719,1377367547,409.0
719,1377367552,407.0
719,1377367557,408.0
719,1377367562,407.0
719,1377367567,398.0
719,1377367572,400.0
719,1377367577,401.0
719,1377367582,398.0
719,1377367587,407.0
719,1377367592,407.0
719,1377367597,411.0
719,1377367602,420.0
719,1377367607,420.0
719,1377367612,413.0
719,1377367617,411.0
719,1377367622,419.0
719,1377367627,422.0
719,1377367632,419.0
719,1377367637,415.0
719,1377367642,420.0
719,1377367647,418.0
719,1377367652,409.0
719,1377367657,411.0
719,1377367662,412.0
719,1377367667,411.0
719,1377367672,411.0
719,1377367677,412.0
719,1377367682,409.0
719,1377367687,409.0
719,1377367692,412.0
719,1377367697,406.0
719,1377367702,418.0
719,1377367707,411.0
719,1377367712,411.0
719,1377367717,416.0
719,1377367722,409.0
719,1377367727,406.0
719,1377367732,404.0
719,1377367737,402.0
719,1377367742,404.0
719,1377367747,402.0
719,1377367752,403.0
719,1377367757,406.0
719,1377367762,412.0
719,1377367767,412.0
719,1377367772,418.0
719,1377367777,418.0
719,1377367782,411.0
719,1377367787,412.0
719,1377367792,407.0
719,1377367797,401.0
719,1377367802,405.0
719,1377367807,403.0
719,1377367812,401.0
719,1377367817,406.0
719,1377367822,406.0
719,1377367827,409.0
719,1377367832,406.0
719,1377367837,412.0
719,1377367842,407.0
719,1377367847,412.0
719,1377367852,407.0
719,1377367857,412.0
719,1377367862,406.0
719,1377367867,408.0
719,1377367872,412.0
719,1377367877,406.0
719,1377367882,414.0
719,1377367887,413.0
719,1377367892,413.0
719,1377367897,419.0
719,1377367902,416.0
719,1377367907,407.0
719,1377367912,399.0
719,1377367917,398.0
719,1377367922,403.0
719,1377367927,409.0
719,1377367932,411.0
719,1377367937,415.0
719,1377367942,422.0
719,1377367947,411.0
719,1377367952,407.0
719,1377367957,409.0
719,1377367962,406.0
719,1377367967,412.0
719,1377367972,412.0
719,1377367977,409.0
719,1377367982,398.0
719,1377367987,408.0
719,1377367992,403.0
719,1377367997,403.0
719,1377368002,405.0
719,1377368007,403.0
719,1377368012,409.0
719,1377368017,407.0
719,1377368022,413.0
719,1377368027,408.0
719,1377368032,409.0
719,1377368037,404.0
719,1377368042,416.0
719,1377368047,406.0
719,1377368052,407.0
719,1377368057,409.0
719,1377368062,407.0
719,1377368067,408.0
719,1377368072,408.0
719,1377368077,407.0
719,1377368082,408.0
719,1377368087,409.0
719,1377368092,407.0
719,1377368097,408.0
719,1377368102,408.0
719,1377368107,408.0
719,1377368112,409.0
719,1377368117,406.0
719,1377368122,412.0
719,1377368127,404.0
719,1377368132,398.0
719,1377368137,400.0
719,1377368142,401.0
719,1377368147,409.0
719,1377368152,411.0
719,1377368157,413.0
719,1377368162,409.0
719,1377368167,407.0
719,1377368172,397.0
719,1377368177,403.0
719,1377368182,401.0
719,1377368187,403.0
719,1377368192,406.0
719,1377368197,409.0
719,1377368202,412.0
719,1377368207,413.0
719,1377368212,420.0
719,1377368217,420.0
719,1377368222,416.0
719,1377368227,414.0
719,1377368232,406.0
719,1377368237,407.0
719,1377368242,412.0
719,1377368247,414.0
719,1377368252,414.0
719,1377368257,413.0
719,1377368262,407.0
719,1377368267,411.0
719,1377368272,413.0
719,1377368277,407.0
719,1377368282,411.0
719,1377368287,407.0
719,1377368292,406.0
719,1377368297,397.0
719,1377368302,403.0
719,1377368307,401.0
719,1377368312,398.0
719,1377368317,409.0
719,1377368322,416.0
719,1377368327,412.0
719,1377368332,409.0
719,1377368337,409.0
719,1377368342,413.0
719,1377368347,412.0
719,1377368352,416.0
719,1377368357,409.0
719,1377368362,406.0
719,1377368367,406.0
719,1377368372,408.0
719,1377368377,406.0
719,1377368382,409.0
719,1377368387,409.0
719,1377368392,420.0
719,1377368397,416.0
719,1377368402,420.0
719,1377368407,425.0
719,1377368412,422.0
719,1377368417,425.0
719,1377368422,425.0
719,1377368427,425.0
719,1377368432,413.0
719,1377368437,418.0
719,1377368442,411.0
719,1377368447,411.0
719,1377368452,413.0
719,1377368457,414.0
719,1377368462,408.0
719,1377368467,403.0
719,1377368472,408.0
719,1377368477,409.0
719,1377368482,409.0
719,1377368487,412.0
719,1377368492,411.0
719,1377368497,411.0
719,1377368502,409.0
719,1377368507,406.0
719,1377368512,409.0
719,1377368517,407.0
719,1377368522,409.0
719,1377368527,407.0
719,1377368532,407.0
719,1377368537,418.0
719,1377368542,416.0
719,1377368547,411.0
719,1377368552,407.0
719,1377368557,401.0
719,1377368562,401.0
719,1377368567,402.0
719,1377368572,409.0
719,1377368577,414.0
719,1377368582,413.0
719,1377368587,411.0
719,1377368592,418.0
719,1377368597,418.0
719,1377368602,418.0
719,1377368607,417.0
719,1377368612,415.0
719,1377368617,422.0
719,1377368622,423.0
719,1377368627,425.0
719,1377368632,419.0
719,1377368637,422.0
719,1377368642,416.0
719,1377368647,412.0
719,1377368652,414.0
719,1377368657,420.0
719,1377368662,411.0
719,1377368667,413.0
719,1377368672,414.0
719,1377368677,418.0
719,1377368682,420.0
719,1377368687,422.0
719,1377368692,424.0
719,1377368697,428.0
719,1377368702,411.0
719,1377368707,420.0
719,1377368712,415.0
719,1377368717,416.0
719,1377368722,407.0
719,1377368727,406.0
719,1377368732,401.0
719,1377368737,402.0
719,1377368742,406.0
719,1377368747,398.0
719,1377368752,401.0
719,1377368757,395.0
719,1377368762,401.0
719,1377368767,416.0
719,1377368772,412.0
719,1377368777,419.0
719,1377368782,419.0
719,1377368787,416.0
719,1377368792,414.0
719,1377368797,403.0
719,1377368802,403.0
719,1377368807,398.0
719,1377368812,399.0
719,1377368817,407.0
719,1377368822,417.0
719,1377368827,420.0
719,1377368832,424.0
719,1377368837,424.0
719,1377368842,422.0
719,1377368847,413.0
719,1377368852,419.0
719,1377368857,419.0
719,1377368862,419.0
719,1377368867,416.0
719,1377368872,412.0
719,1377368877,408.0
719,1377368882,408.0
719,1377368887,408.0
719,1377368892,407.0
719,1377368897,416.0
719,1377368902,409.0
719,1377368907,406.0
719,1377368912,409.0
719,1377368917,409.0
719,1377368922,408.0
719,1377368927,409.0
719,1377368932,412.0
719,1377368937,418.0
719,1377368942,413.0
719,1377368947,418.0
719,1377368952,417.0
719,1377368957,415.0
719,1377368962,422.0
719,1377368967,419.0
719,1377368972,424.0
719,1377368977,422.0
719,1377368982,422.0
719,1377368987,418.0
719,1377368992,411.0
719,1377368997,415.0
719,1377369002,415.0
719,1377369007,413.0
719,1377369012,418.0
719,1377369017,419.0
719,1377369022,411.0
719,1377369027,407.0
719,1377369032,409.0
719,1377369037,409.0
719,1377369042,414.0
719,1377369047,406.0
719,1377369052,415.0
719,1377369057,419.0
719,1377369062,422.0
719,1377369067,413.0
719,1377369072,420.0
719,1377369077,411.0
719,1377369082,407.0
719,1377369087,415.0
719,1377369092,418.0
719,1377369097,415.0
719,1377369102,411.0
719,1377369107,407.0
719,1377369112,409.0
719,1377369117,412.0
719,1377369122,412.0
719,1377369127,413.0
719,1377369132,412.0
719,1377369137,406.0
719,1377369142,411.0
719,1377369147,411.0
719,1377369152,424.0
719,1377369157,427.0
719,1377369162,436.0
719,1377369167,438.0
719,1377369172,428.0
719,1377369177,419.0
719,1377369182,411.0
719,1377369187,414.0
719,1377369192,412.0
719,1377369197,407.0
719,1377369202,412.0
719,1377369207,407.0
719,1377369212,414.0
719,1377369217,413.0
719,1377369222,413.0
719,1377369227,411.0
719,1377369232,413.0
719,1377369237,416.0
719,1377369242,413.0
719,1377369247,418.0
719,1377369252,422.0
719,1377369257,424.0
719,1377369262,425.0
719,1377369267,425.0
719,1377369272,419.0
719,1377369277,416.0
719,1377369282,416.0
719,1377369287,411.0
719,1377369292,413.0
719,1377369297,411.0
719,1377369302,414.0
719,1377369307,411.0
719,1377369312,411.0
719,1377369317,414.0
719,1377369322,414.0
719,1377369327,414.0
719,1377369332,406.0
719,1377369337,412.0
719,1377369342,407.0
719,1377369347,413.0
719,1377369352,417.0
719,1377369357,413.0
719,1377369362,420.0
719,1377369367,419.0
719,1377369372,415.0
719,1377369377,423.0
719,1377369382,424.0
719,1377369387,422.0
719,1377369392,413.0
719,1377369397,409.0
719,1377369402,407.0
719,1377369407,407.0
719,1377369412,407.0
719,1377369417,407.0
719,1377369422,407.0
719,1377369427,412.0
719,1377369432,411.0
719,1377369437,413.0
719,1377369442,412.0
719,1377369447,422.0
719,1377369452,412.0
719,1377369457,416.0
719,1377369462,403.0
719,1377369467,395.0
719,1377369472,402.0
719,1377369477,406.0
719,1377369482,407.0
719,1377369487,411.0
719,1377369492,407.0
719,1377369497,406.0
719,1377369502,407.0
719,1377369507,411.0
719,1377369512,418.0
719,1377369517,423.0
719,1377369522,419.0
719,1377369527,415.0
719,1377369532,411.0
719,1377369537,409.0
719,1377369542,407.0
719,1377369547,409.0
719,1377369552,407.0
719,1377369557,416.0
719,1377369562,414.0
719,1377369567,407.0
719,1377369572,412.0
719,1377369577,409.0
719,1377369582,411.0
719,1377369587,418.0
719,1377369592,424.0
719,1377369597,423.0
719,1377369602,428.0
719,1377369607,430.0
719,1377369612,428.0
719,1377369617,428.0
719,1377369622,424.0
719,1377369627,425.0
719,1377369632,420.0
719,1377369637,419.0
719,1377369642,419.0
719,1377369647,411.0
719,1377369652,420.0
719,1377369657,425.0
719,1377369662,422.0
719,1377369667,424.0
719,1377369672,413.0
719,1377369677,419.0
719,1377369682,413.0
719,1377369687,416.0
719,1377369692,407.0
719,1377369697,411.0
719,1377369702,409.0
719,1377369707,409.0
719,1377369712,407.0
719,1377369717,411.0
719,1377369722,413.0
719,1377369727,418.0
719,1377369732,413.0
719,1377369737,416.0
719,1377369742,422.0
719,1377369747,411.0
719,1377369752,416.0
719,1377369757,409.0
719,1377369762,411.0
719,1377369767,407.0
719,1377369772,411.0
719,1377369777,419.0
719,1377369782,422.0
719,1377369787,420.0
719,1377369792,424.0
719,1377369797,422.0
719,1377369802,413.0
719,1377369807,412.0
719,1377369812,416.0
719,1377369817,417.0
719,1377369822,415.0
719,1377369827,415.0
719,1377369832,419.0
719,1377369837,415.0
719,1377369842,412.0
719,1377369847,409.0
719,1377369852,409.0
719,1377369857,412.0
719,1377369862,412.0
719,1377369867,414.0
719,1377369872,411.0
719,1377369877,417.0
719,1377369882,411.0
719,1377369887,411.0
719,1377369892,419.0
719,1377369897,415.0
719,1377369902,428.0
719,1377369907,423.0
719,1377369912,424.0
719,1377369917,430.0
719,1377369922,428.0
719,1377369927,423.0
719,1377369932,427.0
719,1377369937,433.0
719,1377369942,430.0
719,1377369947,423.0
719,1377369952,430.0
719,1377369957,419.0
719,1377369962,413.0
719,1377369967,407.0
719,1377369972,408.0
719,1377369977,412.0
719,1377369982,412.0
719,1377369987,415.0
719,1377369992,424.0
719,1377369997,415.0
719,1377370002,413.0
719,1377370007,411.0
719,1377370012,413.0
719,1377370017,418.0
719,1377370022,413.0
719,1377370027,419.0
719,1377370032,423.0
719,1377370037,419.0
719,1377370042,425.0
719,1377370047,425.0
719,1377370052,423.0
719,1377370057,419.0
719,1377370062,424.0
719,1377370067,428.0
719,1377370072,423.0
719,1377370077,423.0
719,1377370082,425.0
719,1377370087,425.0
719,1377370092,425.0
719,1377370097,415.0
719,1377370102,417.0
719,1377370107,413.0
719,1377370112,415.0
719,1377370117,424.0
719,1377370122,428.0
719,1377370127,428.0
719,1377370132,424.0
719,1377370137,420.0
719,1377370142,412.0
719,1377370147,407.0
719,1377370152,407.0
719,1377370157,422.0
719,1377370162,413.0
719,1377370167,413.0
719,1377370172,413.0
719,1377370177,420.0
719,1377370182,419.0
719,1377370187,422.0
719,1377370192,423.0
719,1377370197,432.0
719,1377370202,425.0
719,1377370207,422.0
719,1377370212,425.0
719,1377370217,423.0
719,1377370222,422.0
719,1377370227,422.0
719,1377370232,422.0
719,1377370237,419.0
719,1377370242,422.0
719,1377370247,420.0
719,1377370252,428.0
719,1377370257,425.0
719,1377370262,422.0
719,1377370267,422.0
719,1377370272,423.0
719,1377370277,423.0
719,1377370282,427.0
719,1377370287,423.0
719,1377370292,432.0
719,1377370297,429.0
719,1377370302,427.0
719,1377370307,428.0
719,1377370312,429.0
719,1377370317,423.0
719,1377370322,422.0
719,1377370327,413.0
719,1377370332,413.0
719,1377370337,413.0
719,1377370342,413.0
719,1377370347,415.0
719,1377370352,430.0
719,1377370357,429.0
719,1377370362,429.0
719,1377370367,428.0
719,1377370372,415.0
719,1377370377,420.0
719,1377370382,411.0
719,1377370387,411.0
719,1377370392,415.0
719,1377370397,419.0
719,1377370402,430.0
719,1377370407,423.0
719,1377370412,422.0
719,1377370417,420.0
719,1377370422,411.0
719,1377370427,411.0
719,1377370432,411.0
719,1377370437,418.0
719,1377370442,411.0
719,1377370447,416.0
719,1377370452,407.0
719,1377370457,413.0
719,1377370462,416.0
719,1377370467,415.0
719,1377370472,418.0
719,1377370477,417.0
719,1377370482,411.0
719,1377370487,423.0
719,1377370492,419.0
719,1377370497,425.0
719,1377370502,422.0
719,1377370507,419.0
719,1377370512,419.0
719,1377370517,406.0
719,1377370522,413.0
719,1377370527,418.0
719,1377370532,420.0
719,1377370537,411.0
719,1377370542,419.0
719,1377370547,411.0
719,1377370552,413.0
719,1377370557,413.0
719,1377370562,418.0
719,1377370567,418.0
719,1377370572,416.0
719,1377370577,407.0
719,1377370582,406.0
719,1377370587,418.0
719,1377370592,419.0
719,1377370597,422.0
719,1377370602,425.0
719,1377370607,422.0
719,1377370612,425.0
719,1377370617,423.0
719,1377370622,430.0
719,1377370627,419.0
719,1377370632,420.0
719,1377370637,413.0
719,1377370642,419.0
719,1377370647,430.0
719,1377370652,424.0
719,1377370657,430.0
719,1377370662,413.0
719,1377370667,413.0
719,1377370672,418.0
719,1377370677,430.0
719,1377370682,425.0
719,1377370687,427.0
719,1377370692,422.0
719,1377370697,419.0
719,1377370702,411.0
719,1377370707,415.0
719,1377370712,407.0
719,1377370717,407.0
719,1377370722,418.0
719,1377370727,411.0
719,1377370732,415.0
719,1377370737,422.0
719,1377370742,422.0
719,1377370747,425.0
719,1377370752,430.0
719,1377370757,429.0
719,1377370762,429.0
719,1377370767,432.0
719,1377370772,428.0
719,1377370777,422.0
719,1377370782,425.0
719,1377370787,415.0
719,1377370792,415.0
719,1377370797,418.0
719,1377370802,415.0
719,1377370807,419.0
719,1377370812,423.0
719,1377370817,424.0
719,1377370822,417.0
719,1377370827,413.0
719,1377370832,411.0
719,1377370837,408.0
719,1377370842,406.0
719,1377370847,406.0
719,1377370852,407.0
719,1377370857,407.0
719,1377370862,407.0
719,1377370867,409.0
719,1377370872,411.0
719,1377370877,420.0
719,1377370882,425.0
719,1377370887,428.0
719,1377370892,417.0
719,1377370897,422.0
719,1377370902,411.0
719,1377370907,413.0
719,1377370912,411.0
719,1377370917,422.0
719,1377370922,423.0
719,1377370927,428.0
719,1377370932,427.0
719,1377370937,428.0
719,1377370942,417.0
719,1377370947,411.0
719,1377370952,411.0
719,1377370957,412.0
719,1377370962,407.0
719,1377370967,409.0
719,1377370972,407.0
719,1377370977,412.0
719,1377370982,414.0
719,1377370987,412.0
719,1377370992,409.0
719,1377370997,412.0
719,1377371002,412.0
719,1377371007,412.0
719,1377371012,412.0
719,1377371017,414.0
719,1377371022,407.0
719,1377371027,411.0
719,1377371032,413.0
719,1377371037,411.0
719,1377371042,413.0
719,1377371047,415.0
719,1377371052,413.0
719,1377371057,422.0
719,1377371062,430.0
719,1377371067,424.0
719,1377371072,428.0
719,1377371077,425.0
719,1377371082,425.0
719,1377371087,423.0
719,1377371092,425.0
719,1377371097,423.0
719,1377371102,428.0
719,1377371107,428.0
719,1377371112,428.0
719,1377371117,428.0
719,1377371122,428.0
719,1377371127,422.0
719,1377371132,423.0
719,1377371137,427.0
719,1377371142,423.0
719,1377371147,425.0
719,1377371152,429.0
719,1377371157,425.0
719,1377371162,432.0
719,1377371167,430.0
719,1377371172,433.0
719,1377371177,428.0
719,1377371182,427.0
719,1377371187,423.0
719,1377371192,428.0
719,1377371197,428.0
719,1377371202,422.0
719,1377371207,411.0
719,1377371212,404.0
719,1377371217,404.0
719,1377371222,406.0
719,1377371227,408.0
719,1377371232,420.0
719,1377371237,418.0
719,1377371242,422.0
719,1377371247,413.0
719,1377371252,420.0
719,1377371257,414.0
719,1377371262,414.0
719,1377371267,412.0
719,1377371272,407.0
719,1377371277,418.0
719,1377371282,414.0
719,1377371287,411.0
719,1377371292,413.0
719,1377371297,419.0
719,1377371302,420.0
719,1377371307,411.0
719,1377371312,413.0
719,1377371317,419.0
719,1377371322,415.0
719,1377371327,419.0
719,1377371332,424.0
719,1377371337,422.0
719,1377371342,419.0
719,1377371347,415.0
719,1377371352,422.0
719,1377371357,422.0
719,1377371362,424.0
719,1377371367,424.0
719,1377371372,423.0
719,1377371377,423.0
719,1377371382,422.0
719,1377371387,419.0
719,1377371392,413.0
719,1377371397,411.0
719,1377371402,420.0
719,1377371407,407.0
719,1377371412,407.0
719,1377371417,407.0
719,1377371422,416.0
719,1377371427,417.0
719,1377371432,424.0
719,1377371437,430.0
719,1377371442,425.0
719,1377371447,430.0
719,1377371452,424.0
719,1377371457,425.0
719,1377371462,415.0
719,1377371467,422.0
719,1377371472,420.0
719,1377371477,422.0
719,1377371482,428.0
719,1377371487,423.0
719,1377371492,422.0
719,1377371497,422.0
719,1377371502,422.0
719,1377371507,425.0
719,1377371512,430.0
719,1377371517,425.0
719,1377371522,419.0
719,1377371527,411.0
719,1377371532,409.0
719,1377371537,408.0
719,1377371542,406.0
719,1377371547,412.0
719,1377371552,413.0
719,1377371557,415.0
719,1377371562,419.0
719,1377371567,425.0
719,1377371572,423.0
719,1377371577,423.0
719,1377371582,428.0
719,1377371587,411.0
719,1377371592,407.0
719,1377371597,409.0
719,1377371602,407.0
719,1377371607,416.0
719,1377371612,413.0
719,1377371617,413.0
719,1377371622,418.0
719,1377371627,412.0
719,1377371632,418.0
719,1377371637,411.0
719,1377371642,413.0
719,1377371647,416.0
719,1377371652,416.0
719,1377371657,411.0
719,1377371662,422.0
719,1377371667,419.0
719,1377371672,422.0
719,1377371677,413.0
719,1377371682,412.0
719,1377371687,409.0
719,1377371692,407.0
719,1377371697,417.0
719,1377371702,420.0
719,1377371707,429.0
719,1377371712,428.0
719,1377371717,435.0
719,1377371722,430.0
719,1377371727,430.0
719,1377371732,429.0
719,1377371737,427.0
719,1377371742,423.0
719,1377371747,428.0
719,1377371752,423.0
719,1377371757,427.0
719,1377371762,425.0
719,1377371767,428.0
719,1377371772,422.0
719,1377371777,430.0
719,1377371782,430.0
719,1377371787,423.0
719,1377371792,422.0
719,1377371797,427.0
719,1377371802,430.0
719,1377371807,423.0
719,1377371812,424.0
719,1377371817,415.0
719,1377371822,420.0
719,1377371827,420.0
719,1377371832,416.0
719,1377371837,420.0
719,1377371842,411.0
719,1377371847,422.0
719,1377371852,419.0
719,1377371857,422.0
719,1377371862,423.0
719,1377371867,428.0
719,1377371872,422.0
719,1377371877,418.0
719,1377371882,413.0
719,1377371887,422.0
719,1377371892,419.0
719,1377371897,423.0
719,1377371902,419.0
719,1377371907,411.0
719,1377371912,409.0
719,1377371917,412.0
719,1377371922,409.0
719,1377371927,417.0
719,1377371932,416.0
719,1377371937,422.0
719,1377371942,411.0
719,1377371947,415.0
719,1377371952,419.0
719,1377371957,418.0
719,1377371962,411.0
719,1377371967,419.0
719,1377371972,420.0
719,1377371977,412.0
719,1377371982,412.0
719,1377371987,412.0
719,1377371992,412.0
719,1377371997,406.0
719,1377372002,414.0
719,1377372007,422.0
719,1377372012,419.0
719,1377372017,430.0
719,1377372022,430.0
719,1377372027,424.0
719,1377372032,420.0
719,1377372037,413.0
719,1377372042,412.0
719,1377372047,407.0
719,1377372052,407.0
719,1377372057,419.0
719,1377372062,419.0
719,1377372067,420.0
719,1377372072,415.0
719,1377372077,411.0
719,1377372082,412.0
719,1377372087,416.0
719,1377372092,416.0
719,1377372097,420.0
719,1377372102,423.0
719,1377372107,428.0
719,1377372112,436.0
719,1377372117,428.0
719,1377372122,425.0
719,1377372127,418.0
719,1377372132,412.0
719,1377372137,407.0
719,1377372142,412.0
719,1377372147,418.0
719,1377372152,422.0
719,1377372157,420.0
719,1377372162,420.0
719,1377372167,422.0
719,1377372172,422.0
719,1377372177,422.0
719,1377372182,419.0
719,1377372187,413.0
719,1377372192,420.0
719,1377372197,420.0
719,1377372202,413.0
719,1377372207,419.0
719,1377372212,411.0
719,1377372217,416.0
719,1377372222,411.0
719,1377372227,407.0
719,1377372232,411.0
719,1377372237,415.0
719,1377372242,422.0
719,1377372247,411.0
719,1377372252,418.0
719,1377372257,418.0
719,1377372262,418.0
719,1377372267,416.0
719,1377372272,411.0
719,1377372277,419.0
719,1377372282,428.0
719,1377372287,423.0
719,1377372292,430.0
719,1377372297,427.0
719,1377372302,422.0
719,1377372307,424.0
719,1377372312,419.0
719,1377372317,416.0
719,1377372322,411.0
719,1377372327,412.0
719,1377372332,411.0
719,1377372337,411.0
719,1377372342,422.0
719,1377372347,419.0
719,1377372352,420.0
719,1377372357,420.0
719,1377372362,413.0
719,1377372367,409.0
719,1377372372,412.0
719,1377372377,409.0
719,1377372382,412.0
719,1377372387,418.0
719,1377372392,407.0
719,1377372397,418.0
719,1377372402,414.0
719,1377372407,411.0
719,1377372412,416.0
719,1377372417,413.0
719,1377372422,416.0
719,1377372427,411.0
719,1377372432,412.0
719,1377372437,411.0
719,1377372442,411.0
719,1377372447,411.0
719,1377372452,416.0
719,1377372457,411.0
719,1377372462,412.0
719,1377372467,406.0
719,1377372472,407.0
719,1377372477,412.0
719,1377372482,418.0
719,1377372487,412.0
719,1377372492,411.0
719,1377372497,415.0
719,1377372502,419.0
719,1377372507,420.0
719,1377372512,416.0
719,1377372517,416.0
719,1377372522,411.0
719,1377372527,412.0
719,1377372532,412.0
719,1377372537,420.0
719,1377372542,423.0
719,1377372547,428.0
719,1377372552,423.0
719,1377372557,428.0
719,1377372562,425.0
719,1377372567,413.0
719,1377372572,411.0
719,1377372577,409.0
719,1377372582,406.0
719,1377372587,414.0
719,1377372592,412.0
719,1377372597,407.0
719,1377372602,411.0
719,1377372607,411.0
719,1377372612,420.0
719,1377372617,413.0
719,1377372622,422.0
719,1377372627,424.0
719,1377372632,419.0
719,1377372637,420.0
719,1377372642,424.0
719,1377372647,424.0
719,1377372652,423.0
719,1377372657,430.0
719,1377372662,425.0
719,1377372667,422.0
719,1377372672,419.0
719,1377372677,424.0
719,1377372682,422.0
719,1377372687,424.0
719,1377372692,418.0
719,1377372697,422.0
719,1377372702,418.0
719,1377372707,418.0
719,1377372712,420.0
719,1377372717,423.0
719,1377372722,428.0
719,1377372727,424.0
719,1377372732,419.0
719,1377372737,413.0
719,1377372742,422.0
719,1377372747,422.0
719,1377372752,422.0
719,1377372757,419.0
719,1377372762,424.0
719,1377372767,424.0
719,1377372772,424.0
719,1377372777,419.0
719,1377372782,420.0
719,1377372787,422.0
719,1377372792,425.0
719,1377372797,426.0
719,1377372802,422.0
719,1377372807,413.0
719,1377372812,411.0
719,1377372817,409.0
719,1377372822,409.0
719,1377372827,413.0
719,1377372832,423.0
719,1377372837,428.0
719,1377372842,423.0
719,1377372847,423.0
719,1377372852,413.0
719,1377372857,413.0
719,1377372862,413.0
719,1377372867,411.0
719,1377372872,411.0
719,1377372877,409.0
719,1377372882,413.0
719,1377372887,415.0
719,1377372892,417.0
719,1377372897,418.0
719,1377372902,418.0
719,1377372907,413.0
719,1377372912,411.0
719,1377372917,413.0
719,1377372922,422.0
719,1377372927,425.0
719,1377372932,422.0
719,1377372937,422.0
719,1377372942,417.0
719,1377372947,413.0
719,1377372952,412.0
719,1377372957,412.0
719,1377372962,408.0
719,1377372967,412.0
719,1377372972,409.0
719,1377372977,407.0
719,1377372982,411.0
719,1377372987,411.0
719,1377372992,411.0
719,1377372997,413.0
719,1377373002,420.0
719,1377373007,419.0
719,1377373012,419.0
719,1377373017,423.0
719,1377373022,428.0
719,1377373027,428.0
719,1377373032,425.0
719,1377373037,423.0
719,1377373042,419.0
719,1377373047,425.0
719,1377373052,419.0
719,1377373057,419.0
719,1377373062,419.0
719,1377373067,413.0
719,1377373072,419.0
719,1377373077,411.0
719,1377373082,422.0
719,1377373087,411.0
719,1377373092,424.0
719,1377373097,419.0
719,1377373102,424.0
719,1377373107,422.0
719,1377373112,417.0
719,1377373117,412.0
719,1377373122,409.0
719,1377373127,414.0
719,1377373132,422.0
719,1377373137,418.0
719,1377373142,419.0
719,1377373147,419.0
719,1377373152,417.0
719,1377373157,416.0
719,1377373162,419.0
719,1377373167,418.0
719,1377373172,422.0
719,1377373177,411.0
719,1377373182,406.0
719,1377373187,422.0
719,1377373192,413.0
719,1377373197,415.0
719,1377373202,418.0
719,1377373207,416.0
719,1377373212,420.0
719,1377373217,424.0
719,1377373222,422.0
719,1377373227,422.0
719,1377373232,422.0
719,1377373237,411.0
719,1377373242,413.0
719,1377373247,422.0
719,1377373252,424.0
719,1377373257,419.0
719,1377373262,415.0
719,1377373267,413.0
719,1377373272,419.0
719,1377373277,417.0
719,1377373282,419.0
719,1377373287,411.0
719,1377373292,411.0
719,1377373297,412.0
719,1377373302,416.0
719,1377373307,414.0
719,1377373312,416.0
719,1377373317,414.0
719,1377373322,413.0
719,1377373327,419.0
719,1377373332,419.0
719,1377373337,426.0
719,1377373342,430.0
719,1377373347,423.0
719,1377373352,428.0
719,1377373357,425.0
719,1377373362,428.0
719,1377373367,423.0
719,1377373372,419.0
719,1377373377,418.0
719,1377373382,412.0
719,1377373387,418.0
719,1377373392,415.0
719,1377373397,415.0
719,1377373402,423.0
719,1377373407,428.0
719,1377373412,423.0
719,1377373417,428.0
719,1377373422,424.0
719,1377373427,420.0
719,1377373432,420.0
719,1377373437,422.0
719,1377373442,424.0
719,1377373447,422.0
719,1377373452,419.0
719,1377373457,422.0
719,1377373462,411.0
719,1377373467,406.0
719,1377373472,403.0
719,1377373477,404.0
719,1377373482,406.0
719,1377373487,407.0
719,1377373492,412.0
719,1377373497,414.0
719,1377373502,412.0
719,1377373507,411.0
719,1377373512,413.0
719,1377373517,415.0
719,1377373522,413.0
719,1377373527,418.0
719,1377373532,409.0
719,1377373537,401.0
719,1377373542,398.0
719,1377373547,398.0
719,1377373552,403.0
719,1377373557,407.0
719,1377373562,413.0
719,1377373567,415.0
719,1377373572,423.0
719,1377373577,413.0
719,1377373582,419.0
719,1377373587,416.0
719,1377373592,413.0
719,1377373597,411.0
719,1377373602,416.0
719,1377373607,407.0
719,1377373612,412.0
719,1377373617,411.0
719,1377373622,418.0
719,1377373627,419.0
719,1377373632,420.0
719,1377373637,419.0
719,1377373642,413.0
719,1377373647,422.0
719,1377373652,419.0
719,1377373657,419.0
719,1377373662,425.0
719,1377373667,425.0
719,1377373672,422.0
719,1377373677,422.0
719,1377373682,415.0
719,1377373687,422.0
719,1377373692,411.0
719,1377373697,416.0
719,1377373702,407.0
719,1377373707,411.0
719,1377373712,411.0
719,1377373717,413.0
719,1377373722,411.0
719,1377373727,413.0
719,1377373732,418.0
719,1377373737,420.0
719,1377373742,411.0
719,1377373747,413.0
719,1377373752,412.0
719,1377373757,409.0
719,1377373762,416.0
719,1377373767,413.0
719,1377373772,419.0
719,1377373777,419.0
719,1377373782,419.0
719,1377373787,418.0
719,1377373792,422.0
719,1377373797,422.0
719,1377373802,411.0
719,1377373807,407.0
719,1377373812,411.0
719,1377373817,418.0
719,1377373822,417.0
719,1377373827,407.0
719,1377373832,411.0
719,1377373837,407.0
719,1377373842,418.0
719,1377373847,419.0
719,1377373852,419.0
719,1377373857,422.0
719,1377373862,420.0
719,1377373867,422.0
719,1377373872,419.0
719,1377373877,418.0
719,1377373882,407.0
719,1377373887,407.0
719,1377373892,407.0
719,1377373897,413.0
719,1377373902,419.0
719,1377373907,422.0
719,1377373912,423.0
719,1377373917,428.0
719,1377373922,423.0
719,1377373927,424.0
719,1377373932,422.0
719,1377373937,411.0
719,1377373942,413.0
719,1377373947,416.0
719,1377373952,411.0
719,1377373957,413.0
719,1377373962,413.0
719,1377373967,417.0
719,1377373972,420.0
719,1377373977,425.0
719,1377373982,425.0
719,1377373987,419.0
719,1377373992,420.0
719,1377373997,413.0
719,1377374002,422.0
719,1377374007,430.0
719,1377374012,430.0
719,1377374017,423.0
719,1377374022,424.0
719,1377374027,418.0
719,1377374032,419.0
719,1377374037,415.0
719,1377374042,419.0
719,1377374047,419.0
719,1377374052,419.0
719,1377374057,418.0
719,1377374062,418.0
719,1377374067,418.0
719,1377374072,413.0
719,1377374077,420.0
719,1377374082,411.0
719,1377374087,416.0
719,1377374092,415.0
719,1377374097,419.0
719,1377374102,422.0
719,1377374107,413.0
719,1377374112,419.0
719,1377374117,417.0
719,1377374122,420.0
719,1377374127,415.0
719,1377374132,415.0
719,1377374137,422.0
719,1377374142,424.0
719,1377374147,419.0
719,1377374152,415.0
719,1377374157,415.0
719,1377374162,417.0
719,1377374167,418.0
719,1377374172,418.0
719,1377374177,407.0
719,1377374182,412.0
719,1377374187,416.0
719,1377374192,411.0
719,1377374197,424.0
719,1377374203,427.0
719,1377374207,427.0
719,1377374212,425.0
719,1377374217,423.0
719,1377374222,422.0
719,1377374227,419.0
719,1377374232,417.0
719,1377374237,419.0
719,1377374242,419.0
719,1377374247,420.0
719,1377374252,420.0
719,1377374257,411.0
719,1377374262,418.0
719,1377374267,411.0
719,1377374272,411.0
719,1377374277,411.0
719,1377374282,407.0
719,1377374287,411.0
719,1377374292,409.0
719,1377374297,409.0
719,1377374302,409.0
719,1377374307,408.0
719,1377374312,406.0
719,1377374317,412.0
719,1377374322,422.0
719,1377374327,419.0
719,1377374332,422.0
719,1377374337,419.0
719,1377374342,419.0
719,1377374347,411.0
719,1377374352,418.0
719,1377374357,418.0
719,1377374362,411.0
719,1377374367,418.0
719,1377374372,416.0
719,1377374377,412.0
719,1377374382,403.0
719,1377374387,401.0
719,1377374392,403.0
719,1377374397,416.0
719,1377374402,409.0
719,1377374407,412.0
719,1377374412,412.0
719,1377374417,412.0
719,1377374422,412.0
719,1377374427,417.0
719,1377374432,412.0
719,1377374437,412.0
719,1377374442,407.0
719,1377374447,412.0
719,1377374452,409.0
719,1377374457,417.0
719,1377374462,422.0
719,1377374467,424.0
719,1377374472,428.0
719,1377374477,419.0
719,1377374482,419.0
719,1377374487,413.0
719,1377374492,418.0
719,1377374497,412.0
719,1377374502,417.0
719,1377374507,411.0
719,1377374512,416.0
719,1377374517,412.0
719,1377374522,409.0
719,1377374527,411.0
719,1377374532,413.0
719,1377374537,422.0
719,1377374542,419.0
719,1377374547,425.0
719,1377374552,430.0
719,1377374557,419.0
719,1377374562,422.0
719,1377374567,418.0
719,1377374572,416.0
719,1377374577,409.0
719,1377374582,416.0
719,1377374587,419.0
719,1377374592,424.0
719,1377374597,419.0
719,1377374602,420.0
719,1377374607,415.0
719,1377374612,417.0
719,1377374617,422.0
719,1377374622,415.0
719,1377374627,415.0
719,1377374632,419.0
719,1377374637,417.0
719,1377374642,415.0
719,1377374647,419.0
719,1377374652,417.0
719,1377374657,422.0
719,1377374662,430.0
719,1377374667,430.0
719,1377374672,433.0
719,1377374677,430.0
719,1377374682,423.0
719,1377374687,423.0
719,1377374692,418.0
719,1377374697,418.0
719,1377374702,412.0
719,1377374707,416.0
719,1377374712,417.0
719,1377374717,424.0
719,1377374722,425.0
719,1377374727,425.0
719,1377374732,419.0
719,1377374737,418.0
719,1377374742,413.0
719,1377374747,418.0
719,1377374752,422.0
719,1377374757,413.0
719,1377374762,411.0
719,1377374767,408.0
719,1377374772,403.0
719,1377374777,414.0
719,1377374782,414.0
719,1377374787,413.0
719,1377374792,413.0
719,1377374797,422.0
719,1377374802,428.0
719,1377374807,417.0
719,1377374812,424.0
719,1377374817,419.0
719,1377374822,424.0
719,1377374827,415.0
719,1377374832,422.0
719,1377374837,424.0
719,1377374842,425.0
719,1377374847,430.0
719,1377374852,424.0
719,1377374857,418.0
719,1377374862,412.0
719,1377374867,403.0
719,1377374872,403.0
719,1377374877,403.0
719,1377374882,406.0
719,1377374887,408.0
719,1377374892,416.0
719,1377374897,416.0
719,1377374902,416.0
719,1377374907,416.0
719,1377374912,409.0
719,1377374917,406.0
719,1377374922,404.0
719,1377374927,409.0
719,1377374932,413.0
719,1377374937,413.0
719,1377374942,415.0
719,1377374947,422.0
719,1377374952,425.0
719,1377374957,423.0
719,1377374962,420.0
719,1377374967,420.0
719,1377374972,420.0
719,1377374977,422.0
719,1377374982,415.0
719,1377374987,422.0
719,1377374992,420.0
719,1377374997,424.0
719,1377375002,422.0
719,1377375007,422.0
719,1377375012,422.0
719,1377375017,419.0
719,1377375022,419.0
719,1377375027,418.0
719,1377375032,416.0
719,1377375037,412.0
719,1377375042,413.0
719,1377375047,418.0
719,1377375052,415.0
719,1377375057,419.0
719,1377375062,428.0
719,1377375067,424.0
719,1377375072,424.0
719,1377375077,411.0
719,1377375082,415.0
719,1377375087,407.0
719,1377375092,412.0
719,1377375097,407.0
719,1377375102,439.0
719,1377375107,411.0
719,1377375112,418.0
719,1377375117,419.0
719,1377375122,415.0
719,1377375127,418.0
719,1377375132,422.0
719,1377375137,424.0
719,1377375142,422.0
719,1377375147,427.0
719,1377375152,425.0
719,1377375157,425.0
719,1377375162,420.0
719,1377375167,419.0
719,1377375172,413.0
719,1377375177,422.0
719,1377375182,413.0
719,1377375187,411.0
719,1377375192,418.0
719,1377375197,422.0
719,1377375202,412.0
719,1377375207,406.0
719,1377375212,412.0
719,1377375217,413.0
719,1377375222,418.0
719,1377375227,425.0
719,1377375232,417.0
719,1377375237,407.0
719,1377375242,409.0
719,1377375247,412.0
719,1377375252,407.0
719,1377375257,418.0
719,1377375262,416.0
719,1377375267,422.0
719,1377375272,422.0
719,1377375277,413.0
719,1377375282,424.0
719,1377375287,425.0
719,1377375292,424.0
719,1377375297,419.0
719,1377375302,411.0
719,1377375307,412.0
719,1377375312,407.0
719,1377375317,416.0
719,1377375322,418.0
719,1377375327,414.0
719,1377375332,407.0
719,1377375337,418.0
719,1377375342,420.0
719,1377375347,407.0
719,1377375352,415.0
719,1377375357,422.0
719,1377375362,407.0
719,1377375367,407.0
719,1377375372,416.0
719,1377375377,409.0
719,1377375382,412.0
719,1377375387,416.0
719,1377375392,411.0
719,1377375397,416.0
719,1377375402,423.0
719,1377375407,424.0
719,1377375412,424.0
719,1377375417,422.0
719,1377375422,416.0
719,1377375427,412.0
719,1377375432,411.0
719,1377375437,419.0
719,1377375442,416.0
719,1377375447,412.0
719,1377375452,402.0
719,1377375457,404.0
719,1377375462,399.0
719,1377375467,406.0
719,1377375472,399.0
719,1377375477,407.0
719,1377375482,412.0
719,1377375487,411.0
719,1377375492,418.0
719,1377375497,413.0
719,1377375502,409.0
719,1377375507,409.0
719,1377375512,412.0
719,1377375517,417.0
719,1377375522,419.0
719,1377375527,422.0
719,1377375532,420.0
719,1377375537,411.0
719,1377375542,407.0
719,1377375547,409.0
719,1377375552,407.0
719,1377375557,412.0
719,1377375562,412.0
719,1377375567,420.0
719,1377375572,420.0
719,1377375577,422.0
719,1377375582,425.0
719,1377375587,415.0
719,1377375592,415.0
719,1377375597,419.0
719,1377375602,415.0
719,1377375607,417.0
719,1377375612,413.0
719,1377375617,407.0
719,1377375622,407.0
719,1377375627,412.0
719,1377375632,406.0
719,1377375637,412.0
719,1377375642,412.0
719,1377375647,407.0
719,1377375652,411.0
719,1377375657,411.0
719,1377375662,418.0
719,1377375667,407.0
719,1377375672,413.0
719,1377375677,419.0
719,1377375682,419.0
719,1377375687,428.0
719,1377375692,430.0
719,1377375697,429.0
719,1377375702,423.0
719,1377375707,423.0
719,1377375712,419.0
719,1377375717,420.0
719,1377375722,411.0
719,1377375727,413.0
719,1377375732,418.0
719,1377375737,411.0
719,1377375742,412.0
719,1377375747,409.0
719,1377375752,407.0
719,1377375757,412.0
719,1377375762,409.0
719,1377375767,414.0
719,1377375772,407.0
719,1377375777,409.0
719,1377375782,407.0
719,1377375787,409.0
719,1377375792,409.0
719,1377375797,406.0
719,1377375802,412.0
719,1377375807,415.0
719,1377375812,424.0
719,1377375817,425.0
719,1377375822,423.0
719,1377375827,419.0
719,1377375832,419.0
719,1377375837,417.0
719,1377375842,415.0
719,1377375847,418.0
719,1377375852,424.0
719,1377375857,424.0
719,1377375862,422.0
719,1377375867,430.0
719,1377375872,422.0
719,1377375877,413.0
719,1377375882,416.0
719,1377375887,412.0
719,1377375892,407.0
719,1377375897,406.0
719,1377375902,411.0
719,1377375907,418.0
719,1377375912,420.0
719,1377375917,422.0
719,1377375922,422.0
719,1377375927,424.0
719,1377375932,422.0
719,1377375937,424.0
719,1377375942,419.0
719,1377375947,418.0
719,1377375952,419.0
719,1377375957,419.0
719,1377375962,420.0
719,1377375967,424.0
719,1377375972,415.0
719,1377375977,415.0
719,1377375982,411.0
719,1377375987,409.0
719,1377375992,409.0
719,1377375997,414.0
719,1377376002,408.0
719,1377376007,407.0
719,1377376012,412.0
719,1377376017,412.0
719,1377376022,412.0
719,1377376027,414.0
719,1377376032,412.0
719,1377376037,412.0
719,1377376042,409.0
719,1377376047,412.0
719,1377376052,409.0
719,1377376057,408.0
719,1377376062,406.0
719,1377376067,416.0
719,1377376072,422.0
719,1377376077,417.0
719,1377376082,417.0
719,1377376087,419.0
719,1377376092,419.0
719,1377376097,428.0
719,1377376102,423.0
719,1377376107,430.0
719,1377376112,418.0
719,1377376117,413.0
719,1377376122,407.0
719,1377376127,412.0
719,1377376132,411.0
719,1377376137,416.0
719,1377376142,414.0
719,1377376147,412.0
719,1377376152,406.0
719,1377376157,403.0
719,1377376162,401.0
719,1377376167,398.0
719,1377376172,399.0
719,1377376177,401.0
719,1377376182,408.0
719,1377376187,418.0
719,1377376192,416.0
719,1377376197,418.0
719,1377376202,422.0
719,1377376207,423.0
719,1377376212,420.0
719,1377376217,411.0
719,1377376222,412.0
719,1377376227,409.0
719,1377376232,407.0
719,1377376237,408.0
719,1377376242,412.0
719,1377376247,409.0
719,1377376252,412.0
719,1377376257,418.0
719,1377376262,420.0
719,1377376267,425.0
719,1377376272,423.0
719,1377376277,424.0
719,1377376282,422.0
719,1377376287,423.0
719,1377376292,417.0
719,1377376297,411.0
719,1377376302,411.0
719,1377376307,411.0
719,1377376312,422.0
719,1377376317,419.0
719,1377376322,423.0
719,1377376327,430.0
719,1377376332,433.0
719,1377376337,423.0
719,1377376342,423.0
719,1377376347,419.0
719,1377376352,424.0
719,1377376357,420.0
719,1377376362,419.0
719,1377376367,411.0
719,1377376372,407.0
719,1377376377,417.0
719,1377376382,416.0
719,1377376387,419.0
719,1377376392,411.0
719,1377376397,419.0
719,1377376402,417.0
719,1377376407,418.0
719,1377376412,411.0
719,1377376417,420.0
719,1377376422,415.0
719,1377376427,419.0
719,1377376432,413.0
719,1377376437,413.0
719,1377376442,418.0
719,1377376447,413.0
719,1377376452,411.0
719,1377376457,411.0
719,1377376462,411.0
719,1377376467,417.0
719,1377376472,412.0
719,1377376477,413.0
719,1377376482,412.0
719,1377376487,409.0
719,1377376492,406.0
719,1377376497,414.0
719,1377376502,418.0
719,1377376507,413.0
719,1377376512,417.0
719,1377376517,416.0
719,1377376522,409.0
719,1377376527,406.0
719,1377376532,399.0
719,1377376537,406.0
719,1377376542,403.0
719,1377376547,411.0
719,1377376552,418.0
719,1377376557,424.0
719,1377376562,417.0
719,1377376567,418.0
719,1377376572,411.0
719,1377376577,411.0
719,1377376582,407.0
719,1377376587,412.0
719,1377376592,407.0
719,1377376597,408.0
719,1377376602,404.0
719,1377376607,402.0
719,1377376612,401.0
719,1377376617,399.0
719,1377376622,397.0
719,1377376627,403.0
719,1377376632,407.0
719,1377376637,407.0
719,1377376642,414.0
719,1377376647,412.0
719,1377376652,406.0
719,1377376657,398.0
719,1377376662,403.0
719,1377376667,401.0
719,1377376672,398.0
719,1377376677,404.0
719,1377376682,407.0
719,1377376687,416.0
719,1377376692,419.0
719,1377376697,425.0
719,1377376702,422.0
719,1377376707,422.0
719,1377376712,413.0
719,1377376717,415.0
719,1377376722,418.0
719,1377376727,411.0
719,1377376732,411.0
719,1377376737,417.0
719,1377376742,411.0
719,1377376747,407.0
719,1377376752,412.0
719,1377376757,408.0
719,1377376762,407.0
719,1377376767,411.0
719,1377376772,417.0
719,1377376777,423.0
719,1377376782,425.0
719,1377376787,425.0
719,1377376792,424.0
719,1377376797,411.0
719,1377376802,407.0
719,1377376807,406.0
719,1377376812,408.0
719,1377376817,408.0
719,1377376822,407.0
719,1377376827,412.0
719,1377376832,407.0
719,1377376837,408.0
719,1377376842,407.0
719,1377376847,409.0
719,1377376852,406.0
719,1377376857,412.0
719,1377376862,412.0
719,1377376867,412.0
719,1377376872,407.0
719,1377376877,409.0
719,1377376882,409.0
719,1377376887,407.0
719,1377376892,414.0
719,1377376897,411.0
719,1377376902,412.0
719,1377376907,410.0
719,1377376912,406.0
719,1377376917,409.0
719,1377376922,409.0
719,1377376927,418.0
719,1377376932,419.0
719,1377376937,424.0
719,1377376942,424.0
719,1377376947,419.0
719,1377376952,415.0
719,1377376957,430.0
719,1377376962,422.0
719,1377376967,415.0
719,1377376972,418.0
719,1377376977,415.0
719,1377376982,418.0
719,1377376987,411.0
719,1377376992,411.0
719,1377376997,417.0
719,1377377002,413.0
719,1377377007,422.0
719,1377377012,417.0
719,1377377017,420.0
719,1377377022,419.0
719,1377377027,422.0
719,1377377032,413.0
719,1377377037,413.0
719,1377377042,422.0
719,1377377047,412.0
719,1377377052,412.0
719,1377377057,422.0
719,1377377062,419.0
719,1377377067,422.0
719,1377377072,415.0
719,1377377077,412.0
719,1377377082,413.0
719,1377377087,407.0
719,1377377092,406.0
719,1377377097,405.0
719,1377377102,406.0
719,1377377107,403.0
719,1377377112,404.0
719,1377377117,409.0
719,1377377122,411.0
719,1377377127,415.0
719,1377377132,422.0
719,1377377137,428.0
719,1377377142,423.0
719,1377377147,425.0
719,1377377152,428.0
719,1377377157,424.0
719,1377377162,419.0
719,1377377167,413.0
719,1377377172,416.0
719,1377377177,416.0
719,1377377182,409.0
719,1377377187,422.0
719,1377377192,411.0
719,1377377197,407.0
719,1377377202,418.0
719,1377377207,413.0
719,1377377212,420.0
719,1377377217,415.0
719,1377377222,422.0
719,1377377227,419.0
719,1377377232,411.0
719,1377377237,413.0
719,1377377242,419.0
719,1377377247,418.0
719,1377377252,419.0
719,1377377257,419.0
719,1377377262,411.0
719,1377377267,416.0
719,1377377272,412.0
719,1377377277,404.0
719,1377377282,401.0
719,1377377287,398.0
719,1377377292,400.0
719,1377377297,398.0
719,1377377302,408.0
719,1377377307,412.0
719,1377377312,407.0
719,1377377317,409.0
719,1377377322,409.0
719,1377377327,413.0
719,1377377332,413.0
719,1377377337,422.0
719,1377377342,415.0
719,1377377347,412.0
719,1377377352,416.0
719,1377377357,406.0
719,1377377362,413.0
719,1377377367,420.0
719,1377377372,419.0
719,1377377377,428.0
719,1377377382,429.0
719,1377377387,429.0
719,1377377392,427.0
719,1377377397,424.0
719,1377377402,411.0
719,1377377407,416.0
719,1377377412,418.0
719,1377377417,411.0
719,1377377422,411.0
719,1377377427,413.0
719,1377377432,418.0
719,1377377437,419.0
719,1377377442,411.0
719,1377377447,413.0
719,1377377452,416.0
719,1377377457,411.0
719,1377377462,406.0
719,1377377467,409.0
719,1377377472,408.0
719,1377377477,407.0
719,1377377482,411.0
719,1377377487,411.0
719,1377377492,406.0
719,1377377497,412.0
719,1377377502,412.0
719,1377377507,407.0
719,1377377512,411.0
719,1377377517,412.0
719,1377377522,412.0
719,1377377527,407.0
719,1377377532,418.0
719,1377377537,418.0
719,1377377542,419.0
719,1377377547,422.0
719,1377377552,420.0
719,1377377557,412.0
719,1377377562,411.0
719,1377377567,402.0
719,1377377572,416.0
719,1377377577,403.0
719,1377377582,403.0
719,1377377587,408.0
719,1377377592,408.0
719,1377377597,403.0
719,1377377602,406.0
719,1377377607,403.0
719,1377377612,412.0
719,1377377617,409.0
719,1377377622,407.0
719,1377377627,406.0
719,1377377632,408.0
719,1377377637,406.0
719,1377377642,404.0
719,1377377647,404.0
719,1377377652,407.0
719,1377377657,412.0
719,1377377662,422.0
719,1377377667,425.0
719,1377377672,424.0
719,1377377677,424.0
719,1377377682,420.0
719,1377377687,417.0
719,1377377692,413.0
719,1377377697,411.0
719,1377377702,418.0
719,1377377707,422.0
719,1377377712,419.0
719,1377377717,419.0
719,1377377722,407.0
719,1377377727,416.0
719,1377377732,397.0
719,1377377737,401.0
719,1377377742,396.0
719,1377377747,391.0
719,1377377752,401.0
719,1377377757,401.0
719,1377377762,409.0
719,1377377767,409.0
719,1377377772,411.0
719,1377377777,412.0
719,1377377782,407.0
719,1377377787,411.0
719,1377377792,419.0
719,1377377797,420.0
719,1377377802,423.0
719,1377377807,422.0
719,1377377812,411.0
719,1377377817,416.0
719,1377377822,411.0
719,1377377827,417.0
719,1377377832,415.0
719,1377377837,420.0
719,1377377842,419.0
719,1377377847,409.0
719,1377377852,406.0
719,1377377857,406.0
719,1377377862,411.0
719,1377377867,411.0
719,1377377872,413.0
719,1377377877,418.0
719,1377377882,419.0
719,1377377887,420.0
719,1377377892,413.0
719,1377377897,422.0
719,1377377902,419.0
719,1377377907,422.0
719,1377377912,413.0
719,1377377917,412.0
719,1377377922,411.0
719,1377377927,420.0
719,1377377932,423.0
719,1377377937,427.0
719,1377377942,423.0
719,1377377947,425.0
719,1377377952,418.0
719,1377377957,413.0
719,1377377962,418.0
719,1377377967,415.0
719,1377377972,419.0
719,1377377977,415.0
719,1377377982,409.0
719,1377377987,407.0
719,1377377992,406.0
719,1377377997,406.0
719,1377378002,408.0
719,1377378007,416.0
719,1377378012,413.0
719,1377378017,419.0
719,1377378022,422.0
719,1377378027,418.0
719,1377378032,409.0
719,1377378037,412.0
719,1377378042,408.0
719,1377378047,403.0
719,1377378052,395.0
719,1377378057,398.0
719,1377378062,401.0
719,1377378067,409.0
719,1377378072,413.0
719,1377378077,424.0
719,1377378082,420.0
719,1377378087,416.0
719,1377378092,407.0
719,1377378097,403.0
719,1377378102,403.0
719,1377378107,403.0
719,1377378112,404.0
719,1377378117,403.0
719,1377378122,403.0
719,1377378127,409.0
719,1377378132,407.0
719,1377378137,416.0
719,1377378142,417.0
719,1377378147,411.0
719,1377378152,411.0
719,1377378157,413.0
719,1377378162,416.0
719,1377378167,418.0
719,1377378172,406.0
719,1377378177,404.0
719,1377378182,402.0
719,1377378187,403.0
719,1377378192,403.0
719,1377378197,412.0
719,1377378202,416.0
719,1377378207,413.0
719,1377378212,411.0
719,1377378217,419.0
719,1377378222,411.0
719,1377378227,411.0
719,1377378232,412.0
719,1377378237,412.0
719,1377378242,412.0
719,1377378247,407.0
719,1377378252,409.0
719,1377378257,406.0
719,1377378262,409.0
719,1377378267,412.0
719,1377378272,411.0
719,1377378277,419.0
719,1377378282,422.0
719,1377378287,407.0
719,1377378292,412.0
719,1377378297,407.0
719,1377378302,416.0
719,1377378307,412.0
719,1377378312,418.0
719,1377378317,409.0
719,1377378322,412.0
719,1377378327,412.0
719,1377378332,422.0
719,1377378337,423.0
719,1377378342,428.0
719,1377378347,420.0
719,1377378352,418.0
719,1377378357,407.0
719,1377378362,411.0
719,1377378367,409.0
719,1377378372,412.0
719,1377378377,408.0
719,1377378382,412.0
719,1377378387,412.0
719,1377378392,414.0
719,1377378397,413.0
719,1377378402,419.0
719,1377378407,415.0
719,1377378412,422.0
719,1377378417,420.0
719,1377378422,413.0
719,1377378427,419.0
719,1377378432,419.0
719,1377378437,420.0
719,1377378442,413.0
719,1377378447,415.0
719,1377378452,415.0
719,1377378457,415.0
719,1377378462,413.0
719,1377378467,413.0
719,1377378472,412.0
719,1377378477,407.0
719,1377378482,412.0
719,1377378487,411.0
719,1377378492,413.0
719,1377378497,411.0
719,1377378502,414.0
719,1377378507,416.0
719,1377378512,420.0
719,1377378517,422.0
719,1377378522,419.0
719,1377378527,413.0
719,1377378532,413.0
719,1377378537,411.0
719,1377378542,411.0
719,1377378547,411.0
719,1377378552,414.0
719,1377378557,418.0
719,1377378562,419.0
719,1377378567,423.0
719,1377378572,425.0
719,1377378577,424.0
719,1377378582,428.0
719,1377378587,424.0
719,1377378592,423.0
719,1377378597,423.0
719,1377378602,430.0
719,1377378607,422.0
719,1377378612,415.0
719,1377378617,411.0
719,1377378622,409.0
719,1377378627,412.0
719,1377378632,406.0
719,1377378637,412.0
719,1377378642,412.0
719,1377378647,406.0
719,1377378652,411.0
719,1377378657,412.0
719,1377378662,422.0
719,1377378667,422.0
719,1377378672,424.0
719,1377378677,424.0
719,1377378682,424.0
719,1377378687,423.0
719,1377378692,420.0
719,1377378697,420.0
719,1377378702,422.0
719,1377378707,422.0
719,1377378712,420.0
719,1377378717,417.0
719,1377378722,412.0
719,1377378727,430.0
719,1377378732,419.0
719,1377378737,427.0
719,1377378742,420.0
719,1377378747,415.0
719,1377378752,422.0
719,1377378757,407.0
719,1377378762,417.0
719,1377378767,416.0
719,1377378772,411.0
719,1377378777,411.0
719,1377378782,412.0
719,1377378787,411.0
719,1377378792,411.0
719,1377378797,407.0
719,1377378802,416.0
719,1377378807,409.0
719,1377378812,414.0
719,1377378817,412.0
719,1377378822,418.0
719,1377378827,413.0
719,1377378832,413.0
719,1377378837,423.0
719,1377378842,425.0
719,1377378847,425.0
719,1377378852,428.0
719,1377378857,420.0
719,1377378862,411.0
719,1377378867,406.0
719,1377378872,397.0
719,1377378877,403.0
719,1377378882,408.0
719,1377378887,412.0
719,1377378892,412.0
719,1377378897,411.0
719,1377378902,418.0
719,1377378907,411.0
719,1377378912,414.0
719,1377378917,411.0
719,1377378922,413.0
719,1377378927,419.0
719,1377378932,423.0
719,1377378937,419.0
719,1377378942,428.0
719,1377378947,423.0
719,1377378952,424.0
719,1377378957,422.0
719,1377378962,417.0
719,1377378967,426.0
719,1377378972,425.0
719,1377378977,430.0
719,1377378982,428.0
719,1377378987,423.0
719,1377378992,423.0
719,1377378997,424.0
719,1377379002,419.0
719,1377379007,420.0
719,1377379012,411.0
719,1377379017,411.0
719,1377379022,419.0
719,1377379027,411.0
719,1377379032,416.0
719,1377379037,420.0
719,1377379042,419.0
719,1377379047,422.0
719,1377379052,415.0
719,1377379057,416.0
719,1377379062,407.0
719,1377379067,412.0
719,1377379072,416.0
719,1377379077,416.0
719,1377379082,411.0
719,1377379087,422.0
719,1377379092,417.0
719,1377379097,424.0
719,1377379102,428.0
719,1377379107,425.0
719,1377379112,428.0
719,1377379117,422.0
719,1377379122,422.0
719,1377379127,419.0
719,1377379132,415.0
719,1377379137,424.0
719,1377379142,424.0
719,1377379147,413.0
719,1377379152,418.0
719,1377379157,407.0
719,1377379162,407.0
719,1377379167,412.0
719,1377379172,418.0
719,1377379177,416.0
719,1377379182,419.0
719,1377379187,418.0
719,1377379192,419.0
719,1377379197,428.0
719,1377379202,430.0
719,1377379207,428.0
719,1377379212,420.0
719,1377379217,419.0
719,1377379222,413.0
719,1377379227,424.0
719,1377379232,423.0
719,1377379237,425.0
719,1377379242,425.0
719,1377379247,419.0
719,1377379252,411.0
719,1377379257,419.0
719,1377379262,422.0
719,1377379267,425.0
719,1377379272,422.0
719,1377379277,411.0
719,1377379282,416.0
719,1377379287,407.0
719,1377379292,412.0
719,1377379297,411.0
719,1377379302,419.0
719,1377379307,424.0
719,1377379312,424.0
719,1377379317,422.0
719,1377379322,419.0
719,1377379327,416.0
719,1377379332,407.0
719,1377379337,412.0
719,1377379342,413.0
719,1377379347,412.0
719,1377379352,407.0
719,1377379357,414.0
719,1377379362,417.0
719,1377379367,418.0
719,1377379372,417.0
719,1377379377,418.0
719,1377379382,407.0
719,1377379387,407.0
719,1377379392,418.0
719,1377379397,411.0
719,1377379402,416.0
719,1377379407,415.0
719,1377379412,424.0
719,1377379417,425.0
719,1377379422,428.0
719,1377379427,427.0
719,1377379432,422.0
719,1377379437,420.0
719,1377379442,413.0
719,1377379447,419.0
719,1377379452,422.0
719,1377379457,419.0
719,1377379462,420.0
719,1377379467,422.0
719,1377379472,424.0
719,1377379477,425.0
719,1377379482,423.0
719,1377379487,425.0
719,1377379492,424.0
719,1377379497,420.0
719,1377379502,420.0
719,1377379507,415.0
719,1377379512,422.0
719,1377379517,428.0
719,1377379522,422.0
719,1377379527,424.0
719,1377379532,425.0
719,1377379537,428.0
719,1377379542,429.0
719,1377379547,430.0
719,1377379552,433.0
719,1377379557,428.0
719,1377379562,428.0
719,1377379567,422.0
719,1377379572,413.0
719,1377379577,412.0
719,1377379582,407.0
719,1377379587,408.0
719,1377379592,409.0
719,1377379597,411.0
719,1377379602,419.0
719,1377379607,422.0
719,1377379612,422.0
719,1377379617,419.0
719,1377379622,419.0
719,1377379627,419.0
719,1377379632,419.0
719,1377379637,422.0
719,1377379642,425.0
719,1377379647,424.0
719,1377379652,425.0
719,1377379657,423.0
719,1377379662,416.0
719,1377379667,416.0
719,1377379672,407.0
719,1377379677,412.0
719,1377379682,422.0
719,1377379687,424.0
719,1377379692,419.0
719,1377379697,422.0
719,1377379702,411.0
719,1377379707,411.0
719,1377379712,411.0
719,1377379717,411.0
719,1377379722,412.0
719,1377379727,412.0
719,1377379732,412.0
719,1377379737,411.0
719,1377379742,416.0
719,1377379747,419.0
719,1377379752,413.0
719,1377379757,415.0
719,1377379762,419.0
719,1377379767,415.0
719,1377379772,424.0
719,1377379777,419.0
719,1377379782,421.0
719,1377379787,419.0
719,1377379792,422.0
719,1377379797,430.0
719,1377379802,433.0
719,1377379807,429.0
719,1377379812,430.0
719,1377379817,419.0
719,1377379822,419.0
719,1377379827,411.0
719,1377379832,417.0
719,1377379837,417.0
719,1377379842,423.0
719,1377379847,428.0
719,1377379852,425.0
719,1377379857,422.0
719,1377379862,422.0
719,1377379867,415.0
719,1377379872,419.0
719,1377379877,413.0
719,1377379882,411.0
719,1377379887,413.0
719,1377379892,419.0
719,1377379897,422.0
719,1377379902,424.0
719,1377379907,424.0
719,1377379912,424.0
719,1377379917,428.0
719,1377379922,423.0
719,1377379927,425.0
719,1377379932,423.0
719,1377379937,419.0
719,1377379942,420.0
719,1377379947,416.0
719,1377379952,408.0
719,1377379957,408.0
719,1377379962,399.0
719,1377379967,408.0
719,1377379972,409.0
719,1377379977,406.0
719,1377379982,419.0
719,1377379987,423.0
719,1377379992,430.0
719,1377379997,430.0
719,1377380002,422.0
719,1377380007,420.0
719,1377380012,413.0
719,1377380017,412.0
719,1377380022,412.0
719,1377380027,409.0
719,1377380032,409.0
719,1377380037,416.0
719,1377380042,416.0
719,1377380047,419.0
719,1377380052,422.0
719,1377380057,422.0
719,1377380062,424.0
719,1377380067,425.0
719,1377380072,428.0
719,1377380077,432.0
719,1377380082,433.0
719,1377380087,430.0
719,1377380092,425.0
719,1377380097,419.0
719,1377380102,413.0
719,1377380107,413.0
719,1377380112,415.0
719,1377380117,423.0
719,1377380122,427.0
719,1377380127,423.0
719,1377380132,420.0
719,1377380137,417.0
719,1377380142,412.0
719,1377380147,418.0
719,1377380152,412.0
719,1377380157,411.0
719,1377380162,419.0
719,1377380167,425.0
719,1377380172,423.0
719,1377380177,424.0
719,1377380182,424.0
719,1377380187,411.0
719,1377380192,420.0
719,1377380197,422.0
719,1377380202,430.0
719,1377380207,430.0
719,1377380212,425.0
719,1377380217,430.0
719,1377380222,424.0
719,1377380227,422.0
719,1377380232,422.0
719,1377380237,428.0
719,1377380242,423.0
719,1377380247,428.0
719,1377380252,428.0
719,1377380257,428.0
719,1377380262,425.0
719,1377380267,433.0
719,1377380272,434.0
719,1377380277,435.0
719,1377380282,429.0
719,1377380287,433.0
719,1377380292,428.0
719,1377380297,425.0
719,1377380302,428.0
719,1377380307,428.0
719,1377380312,423.0
719,1377380317,427.0
719,1377380322,424.0
719,1377380327,425.0
719,1377380332,423.0
719,1377380337,423.0
719,1377380342,427.0
719,1377380347,423.0
719,1377380352,424.0
719,1377380357,411.0
719,1377380362,409.0
719,1377380367,413.0
719,1377380372,419.0
719,1377380377,413.0
719,1377380382,422.0
719,1377380387,424.0
719,1377380392,424.0
719,1377380397,428.0
719,1377380402,425.0
719,1377380407,423.0
719,1377380412,423.0
719,1377380417,419.0
719,1377380422,407.0
719,1377380427,409.0
719,1377380432,407.0
719,1377380437,407.0
719,1377380442,407.0
719,1377380447,412.0
719,1377380452,419.0
719,1377380457,420.0
719,1377380462,415.0
719,1377380467,424.0
719,1377380472,424.0
719,1377380477,422.0
719,1377380482,425.0
719,1377380487,422.0
719,1377380492,432.0
719,1377380497,433.0
719,1377380502,428.0
719,1377380507,430.0
719,1377380512,430.0
719,1377380517,430.0
719,1377380522,433.0
719,1377380527,430.0
719,1377380532,433.0
719,1377380537,435.0
719,1377380542,434.0
719,1377380547,427.0
719,1377380552,423.0
719,1377380557,424.0
719,1377380562,423.0
719,1377380567,425.0
719,1377380572,430.0
719,1377380577,425.0
719,1377380582,423.0
719,1377380587,420.0
719,1377380592,422.0
719,1377380597,413.0
719,1377380602,418.0
719,1377380607,422.0
719,1377380612,417.0
719,1377380617,411.0
719,1377380622,412.0
719,1377380627,412.0
719,1377380632,418.0
719,1377380637,413.0
719,1377380642,422.0
719,1377380647,419.0
719,1377380652,424.0
719,1377380657,424.0
719,1377380662,422.0
719,1377380667,422.0
719,1377380672,422.0
719,1377380677,425.0
719,1377380682,425.0
719,1377380687,425.0
719,1377380692,429.0
719,1377380697,435.0
719,1377380702,431.0
719,1377380707,436.0
719,1377380712,433.0
719,1377380717,429.0
719,1377380722,430.0
719,1377380727,433.0
719,1377380732,436.0
719,1377380737,433.0
719,1377380742,428.0
719,1377380747,425.0
719,1377380752,415.0
719,1377380757,413.0
719,1377380762,413.0
719,1377380767,422.0
719,1377380772,419.0
719,1377380778,420.0
719,1377380782,419.0
719,1377380787,419.0
719,1377380792,413.0
719,1377380797,418.0
719,1377380802,413.0
719,1377380807,411.0
719,1377380812,411.0
719,1377380817,416.0
719,1377380822,420.0
719,1377380827,422.0
719,1377380832,430.0
719,1377380837,429.0
719,1377380842,433.0
719,1377380847,433.0
719,1377380852,423.0
719,1377380857,419.0
719,1377380862,419.0
719,1377380867,422.0
719,1377380872,419.0
719,1377380877,422.0
719,1377380882,419.0
719,1377380887,418.0
719,1377380892,419.0
719,1377380897,419.0
719,1377380902,423.0
719,1377380907,424.0
719,1377380912,422.0
719,1377380917,422.0
719,1377380922,413.0
719,1377380927,419.0
719,1377380932,413.0
719,1377380937,419.0
719,1377380942,419.0
719,1377380947,424.0
719,1377380952,430.0
719,1377380957,430.0
719,1377380962,423.0
719,1377380967,419.0
719,1377380972,411.0
719,1377380977,422.0
719,1377380982,413.0
719,1377380987,411.0
719,1377380992,423.0
719,1377380997,428.0
719,1377381002,428.0
719,1377381007,422.0
719,1377381012,422.0
719,1377381017,422.0
719,1377381022,413.0
719,1377381027,413.0
719,1377381032,415.0
719,1377381037,422.0
719,1377381042,424.0
719,1377381047,423.0
719,1377381052,423.0
719,1377381057,423.0
719,1377381062,428.0
719,1377381067,425.0
719,1377381072,430.0
719,1377381077,425.0
719,1377381082,423.0
719,1377381087,425.0
719,1377381092,430.0
719,1377381097,423.0
719,1377381102,428.0
719,1377381107,415.0
719,1377381112,413.0
719,1377381117,417.0
719,1377381122,422.0
719,1377381127,419.0
719,1377381132,413.0
719,1377381137,415.0
719,1377381142,427.0
719,1377381147,435.0
719,1377381152,435.0
719,1377381157,438.0
719,1377381162,430.0
719,1377381167,425.0
719,1377381172,424.0
719,1377381177,422.0
719,1377381182,419.0
719,1377381187,422.0
719,1377381192,419.0
719,1377381197,415.0
719,1377381202,424.0
719,1377381207,428.0
719,1377381212,422.0
719,1377381217,425.0
719,1377381222,422.0
719,1377381227,423.0
719,1377381232,422.0
719,1377381237,424.0
719,1377381242,417.0
719,1377381247,413.0
719,1377381252,413.0
719,1377381257,424.0
719,1377381262,428.0
719,1377381267,428.0
719,1377381272,423.0
719,1377381277,425.0
719,1377381282,422.0
719,1377381287,424.0
719,1377381292,423.0
719,1377381297,423.0
719,1377381302,423.0
719,1377381307,425.0
719,1377381312,430.0
719,1377381317,424.0
719,1377381322,419.0
719,1377381327,420.0
719,1377381332,418.0
719,1377381337,407.0
719,1377381342,418.0
719,1377381347,420.0
719,1377381352,415.0
719,1377381357,422.0
719,1377381362,422.0
719,1377381367,408.0
719,1377381372,408.0
719,1377381377,404.0
719,1377381382,408.0
719,1377381387,407.0
719,1377381392,412.0
719,1377381397,418.0
719,1377381402,407.0
719,1377381407,414.0
719,1377381412,407.0
719,1377381417,409.0
719,1377381422,416.0
719,1377381427,414.0
719,1377381432,409.0
719,1377381437,412.0
719,1377381442,409.0
719,1377381447,416.0
719,1377381452,413.0
719,1377381457,419.0
719,1377381462,415.0
719,1377381467,424.0
719,1377381472,422.0
719,1377381477,425.0
719,1377381482,428.0
719,1377381487,432.0
719,1377381492,425.0
719,1377381497,430.0
719,1377381502,419.0
719,1377381507,420.0
719,1377381512,419.0
719,1377381517,422.0
719,1377381522,425.0
719,1377381527,424.0
719,1377381532,422.0
719,1377381537,419.0
719,1377381542,413.0
719,1377381547,422.0
719,1377381552,422.0
719,1377381557,425.0
719,1377381562,425.0
719,1377381567,419.0
719,1377381572,419.0
719,1377381577,422.0
719,1377381582,419.0
719,1377381587,424.0
719,1377381592,428.0
719,1377381597,428.0
719,1377381602,427.0
719,1377381607,427.0
719,1377381612,428.0
719,1377381617,428.0
719,1377381622,430.0
719,1377381627,433.0
719,1377381633,430.0
719,1377381637,433.0
719,1377381642,430.0
719,1377381647,432.0
719,1377381652,433.0
719,1377381657,429.0
719,1377381662,428.0
719,1377381667,430.0
719,1377381672,428.0
719,1377381677,425.0
719,1377381682,422.0
719,1377381687,420.0
719,1377381692,411.0
719,1377381697,420.0
719,1377381702,420.0
719,1377381707,424.0
719,1377381712,413.0
719,1377381717,419.0
719,1377381722,420.0
719,1377381727,415.0
719,1377381732,423.0
719,1377381737,427.0
719,1377381742,432.0
719,1377381747,430.0
719,1377381752,423.0
719,1377381757,428.0
719,1377381762,419.0
719,1377381767,413.0
719,1377381772,422.0
719,1377381777,419.0
719,1377381782,422.0
719,1377381787,415.0
719,1377381792,415.0
719,1377381797,415.0
719,1377381802,422.0
719,1377381807,422.0
719,1377381812,423.0
719,1377381817,428.0
719,1377381822,425.0
719,1377381827,423.0
719,1377381832,424.0
719,1377381837,425.0
719,1377381842,425.0
719,1377381847,421.0
719,1377381852,419.0
719,1377381857,419.0
719,1377381862,417.0
719,1377381867,422.0
719,1377381872,430.0
719,1377381877,433.0
719,1377381882,435.0
719,1377381887,430.0
719,1377381892,422.0
719,1377381897,418.0
719,1377381902,411.0
719,1377381907,413.0
719,1377381912,420.0
719,1377381917,419.0
719,1377381922,419.0
719,1377381927,422.0
719,1377381932,430.0
719,1377381937,428.0
719,1377381942,428.0
719,1377381947,423.0
719,1377381952,423.0
719,1377381957,423.0
719,1377381962,428.0
719,1377381967,422.0
719,1377381972,422.0
719,1377381977,420.0
719,1377381982,422.0
719,1377381987,428.0
719,1377381992,430.0
719,1377381997,423.0
719,1377382002,423.0
719,1377382007,428.0
719,1377382012,419.0
719,1377382017,415.0
719,1377382022,430.0
719,1377382027,425.0
719,1377382032,425.0
719,1377382037,425.0
719,1377382042,427.0
719,1377382047,427.0
719,1377382052,423.0
719,1377382057,428.0
719,1377382062,433.0
719,1377382067,428.0
719,1377382072,430.0
719,1377382077,428.0
719,1377382082,424.0
719,1377382087,419.0
719,1377382092,418.0
719,1377382097,413.0
719,1377382102,422.0
719,1377382107,423.0
719,1377382112,428.0
719,1377382117,425.0
719,1377382122,428.0
719,1377382127,424.0
719,1377382132,423.0
719,1377382137,417.0
719,1377382142,419.0
719,1377382147,413.0
719,1377382152,422.0
719,1377382157,418.0
719,1377382162,418.0
719,1377382167,411.0
719,1377382172,422.0
719,1377382177,425.0
719,1377382182,427.0
719,1377382187,429.0
719,1377382192,428.0
719,1377382197,423.0
719,1377382202,424.0
719,1377382207,420.0
719,1377382212,419.0
719,1377382217,424.0
719,1377382222,422.0
719,1377382227,419.0
719,1377382232,422.0
719,1377382237,415.0
719,1377382242,416.0
719,1377382247,411.0
719,1377382252,412.0
719,1377382257,411.0
719,1377382262,409.0
719,1377382267,418.0
719,1377382272,419.0
719,1377382277,430.0
719,1377382282,430.0
719,1377382287,433.0
719,1377382292,430.0
719,1377382297,430.0
719,1377382302,423.0
719,1377382307,430.0
719,1377382312,432.0
719,1377382317,430.0
719,1377382322,432.0
719,1377382327,428.0
719,1377382332,433.0
719,1377382337,428.0
719,1377382342,425.0
719,1377382347,415.0
719,1377382352,424.0
719,1377382357,424.0
719,1377382362,428.0
719,1377382367,428.0
719,1377382372,433.0
719,1377382377,428.0
719,1377382382,429.0
719,1377382387,428.0
719,1377382392,425.0
719,1377382397,425.0
719,1377382402,428.0
719,1377382407,423.0
719,1377382412,430.0
719,1377382417,424.0
719,1377382422,422.0
719,1377382427,422.0
719,1377382432,422.0
719,1377382437,422.0
719,1377382442,422.0
719,1377382447,424.0
719,1377382452,419.0
719,1377382457,423.0
719,1377382462,420.0
719,1377382467,413.0
719,1377382472,419.0
719,1377382477,424.0
719,1377382482,423.0
719,1377382489,423.0
719,1377382492,424.0
719,1377382497,425.0
719,1377382502,423.0
719,1377382507,438.0
719,1377382512,435.0
719,1377382517,428.0
719,1377382522,428.0
719,1377382527,424.0
719,1377382532,422.0
719,1377382537,424.0
719,1377382542,430.0
719,1377382547,428.0
719,1377382552,430.0
719,1377382557,423.0
719,1377382562,428.0
719,1377382567,423.0
719,1377382572,428.0
719,1377382577,428.0
719,1377382582,422.0
719,1377382587,419.0
719,1377382592,417.0
719,1377382597,417.0
719,1377382602,418.0
719,1377382607,415.0
719,1377382612,422.0
719,1377382617,428.0
719,1377382622,428.0
719,1377382627,425.0
719,1377382632,423.0
719,1377382637,415.0
719,1377382642,411.0
719,1377382647,422.0
719,1377382652,424.0
719,1377382657,422.0
719,1377382662,425.0
719,1377382667,430.0
719,1377382672,420.0
719,1377382677,413.0
719,1377382682,422.0
719,1377382687,424.0
719,1377382692,428.0
719,1377382697,424.0
719,1377382702,424.0
719,1377382707,422.0
719,1377382712,422.0
719,1377382717,419.0
719,1377382722,419.0
719,1377382727,428.0
719,1377382732,419.0
719,1377382737,424.0
719,1377382742,415.0
719,1377382747,415.0
719,1377382752,419.0
719,1377382757,419.0
719,1377382762,428.0
719,1377382767,423.0
719,1377382772,427.0
719,1377382777,428.0
719,1377382782,427.0
719,1377382787,428.0
719,1377382792,424.0
719,1377382797,420.0
719,1377382802,419.0
719,1377382807,425.0
719,1377382812,430.0
719,1377382817,432.0
719,1377382822,423.0
719,1377382827,423.0
719,1377382832,427.0
719,1377382837,425.0
719,1377382842,433.0
719,1377382847,428.0
719,1377382852,428.0
719,1377382857,419.0
719,1377382862,422.0
719,1377382867,422.0
719,1377382872,427.0
719,1377382877,430.0
719,1377382882,429.0
719,1377382887,424.0
719,1377382892,422.0
719,1377382897,422.0
719,1377382902,424.0
719,1377382907,423.0
719,1377382912,425.0
719,1377382917,425.0
719,1377382922,425.0
719,1377382927,424.0
719,1377382932,420.0
719,1377382937,419.0
719,1377382942,411.0
719,1377382947,412.0
719,1377382952,407.0
719,1377382957,414.0
719,1377382962,422.0
719,1377382967,407.0
719,1377382972,411.0
719,1377382977,412.0
719,1377382982,407.0
719,1377382987,408.0
719,1377382992,404.0
719,1377382997,412.0
719,1377383002,417.0
719,1377383007,424.0
719,1377383012,422.0
719,1377383017,424.0
719,1377383022,422.0
719,1377383027,415.0
719,1377383032,419.0
719,1377383037,422.0
719,1377383042,411.0
719,1377383047,413.0
719,1377383052,411.0
719,1377383057,417.0
719,1377383062,430.0
719,1377383067,432.0
719,1377383072,433.0
719,1377383077,433.0
719,1377383082,425.0
719,1377383087,419.0
719,1377383092,413.0
719,1377383097,413.0
719,1377383102,415.0
719,1377383107,422.0
719,1377383112,428.0
719,1377383117,428.0
719,1377383122,430.0
719,1377383127,432.0
719,1377383132,434.0
719,1377383137,433.0
719,1377383142,430.0
719,1377383147,429.0
719,1377383152,429.0
719,1377383157,429.0
719,1377383162,432.0
719,1377383167,430.0
719,1377383172,422.0
719,1377383177,422.0
719,1377383182,417.0
719,1377383187,413.0
719,1377383192,422.0
719,1377383197,419.0
719,1377383202,418.0
719,1377383207,413.0
719,1377383212,407.0
719,1377383217,415.0
719,1377383222,419.0
719,1377383227,419.0
719,1377383232,417.0
719,1377383237,419.0
719,1377383242,423.0
719,1377383247,430.0
719,1377383252,428.0
719,1377383257,430.0
719,1377383262,423.0
719,1377383267,412.0
719,1377383272,411.0
719,1377383277,413.0
719,1377383282,419.0
719,1377383287,423.0
719,1377383292,428.0
719,1377383297,423.0
719,1377383302,424.0
719,1377383307,419.0
719,1377383312,419.0
719,1377383317,425.0
719,1377383322,425.0
719,1377383327,423.0
719,1377383332,424.0
719,1377383337,419.0
719,1377383342,423.0
719,1377383347,424.0
719,1377383352,428.0
719,1377383357,423.0
719,1377383362,428.0
719,1377383367,425.0
719,1377383372,427.0
719,1377383377,422.0
719,1377383382,417.0
719,1377383387,418.0
719,1377383392,413.0
719,1377383397,420.0
719,1377383402,420.0
719,1377383407,420.0
719,1377383412,422.0
719,1377383417,419.0
719,1377383422,417.0
719,1377383427,417.0
719,1377383432,419.0
719,1377383437,417.0
719,1377383442,422.0
719,1377383447,425.0
719,1377383452,430.0
719,1377383457,433.0
719,1377383462,433.0
719,1377383467,432.0
719,1377383472,428.0
719,1377383477,423.0
719,1377383482,425.0
719,1377383487,424.0
719,1377383492,422.0
719,1377383497,415.0
719,1377383502,416.0
719,1377383507,411.0
719,1377383512,407.0
719,1377383517,417.0
719,1377383522,415.0
719,1377383527,422.0
719,1377383532,422.0
719,1377383537,422.0
719,1377383542,424.0
719,1377383547,423.0
719,1377383552,423.0
719,1377383557,419.0
719,1377383562,419.0
719,1377383567,415.0
719,1377383572,424.0
719,1377383577,424.0
719,1377383582,423.0
719,1377383587,423.0
719,1377383592,432.0
719,1377383597,430.0
719,1377383602,433.0
719,1377383607,430.0
719,1377383612,436.0
719,1377383617,433.0
719,1377383622,435.0
719,1377383627,429.0
719,1377383632,433.0
719,1377383637,423.0
719,1377383642,430.0
719,1377383647,428.0
719,1377383652,423.0
719,1377383657,425.0
719,1377383662,425.0
719,1377383667,427.0
719,1377383672,423.0
719,1377383677,428.0
719,1377383682,430.0
719,1377383687,433.0
719,1377383692,425.0
719,1377383697,428.0
719,1377383702,428.0
719,1377383707,428.0
719,1377383712,430.0
719,1377383717,433.0
719,1377383722,425.0
719,1377383727,428.0
719,1377383732,415.0
719,1377383737,413.0
719,1377383742,418.0
719,1377383747,418.0
719,1377383752,416.0
719,1377383757,413.0
719,1377383762,412.0
719,1377383767,413.0
719,1377383772,417.0
719,1377383777,422.0
719,1377383782,419.0
719,1377383787,413.0
719,1377383792,417.0
719,1377383797,411.0
719,1377383802,418.0
719,1377383807,420.0
719,1377383812,422.0
719,1377383817,419.0
719,1377383822,418.0
719,1377383827,416.0
719,1377383832,409.0
719,1377383837,407.0
719,1377383842,412.0
719,1377383847,413.0
719,1377383852,423.0
719,1377383857,427.0
719,1377383862,430.0
719,1377383867,429.0
719,1377383872,430.0
719,1377383877,430.0
719,1377383882,430.0
719,1377383887,428.0
719,1377383892,425.0
719,1377383897,423.0
719,1377383902,422.0
719,1377383907,423.0
719,1377383912,425.0
719,1377383917,423.0
719,1377383922,424.0
719,1377383927,424.0
719,1377383932,424.0
719,1377383937,420.0
719,1377383942,418.0
719,1377383947,417.0
719,1377383952,419.0
719,1377383957,419.0
719,1377383962,418.0
719,1377383967,420.0
719,1377383972,419.0
719,1377383977,424.0
719,1377383982,415.0
719,1377383987,419.0
719,1377383992,424.0
719,1377383997,430.0
719,1377384002,430.0
719,1377384007,433.0
719,1377384012,432.0
719,1377384017,435.0
719,1377384022,426.0
719,1377384027,422.0
719,1377384032,423.0
719,1377384037,420.0
719,1377384042,419.0
719,1377384047,418.0
719,1377384052,412.0
719,1377384057,411.0
719,1377384062,422.0
719,1377384067,423.0
719,1377384072,433.0
719,1377384077,430.0
719,1377384082,428.0
719,1377384087,428.0
719,1377384092,423.0
719,1377384097,424.0
719,1377384102,428.0
719,1377384107,423.0
719,1377384112,425.0
719,1377384117,419.0
719,1377384122,419.0
719,1377384127,417.0
719,1377384132,424.0
719,1377384137,423.0
719,1377384142,424.0
719,1377384147,412.0
719,1377384152,406.0
719,1377384157,404.0
719,1377384162,409.0
719,1377384167,411.0
719,1377384172,411.0
719,1377384177,417.0
719,1377384182,425.0
719,1377384187,424.0
719,1377384192,425.0
719,1377384197,428.0
719,1377384202,428.0
719,1377384207,427.0
719,1377384212,425.0
719,1377384217,433.0
719,1377384222,435.0
719,1377384227,446.0
719,1377384232,434.0
719,1377384237,435.0
719,1377384242,434.0
719,1377384247,433.0
719,1377384252,427.0
719,1377384258,428.0
719,1377384262,425.0
719,1377384267,428.0
719,1377384272,413.0
719,1377384277,419.0
719,1377384282,419.0
719,1377384287,420.0
719,1377384292,422.0
719,1377384297,418.0
719,1377384302,407.0
719,1377384307,407.0
719,1377384312,408.0
719,1377384317,408.0
719,1377384322,408.0
719,1377384327,408.0
719,1377384332,414.0
719,1377384337,419.0
719,1377384342,422.0
719,1377384347,424.0
719,1377384352,424.0
719,1377384357,424.0
719,1377384362,428.0
719,1377384367,424.0
719,1377384372,425.0
719,1377384377,424.0
719,1377384382,422.0
719,1377384387,420.0
719,1377384392,419.0
719,1377384397,411.0
719,1377384402,413.0
719,1377384407,412.0
719,1377384412,418.0
719,1377384417,413.0
719,1377384422,417.0
719,1377384427,411.0
719,1377384432,411.0
719,1377384437,418.0
719,1377384442,418.0
719,1377384447,412.0
719,1377384452,409.0
719,1377384457,418.0
719,1377384462,411.0
719,1377384467,411.0
719,1377384472,422.0
719,1377384477,419.0
719,1377384482,424.0
719,1377384487,425.0
719,1377384492,428.0
719,1377384497,428.0
719,1377384502,430.0
719,1377384507,429.0
719,1377384512,423.0
719,1377384517,430.0
719,1377384522,428.0
719,1377384527,430.0
719,1377384532,427.0
719,1377384537,430.0
719,1377384542,428.0
719,1377384547,425.0
719,1377384552,430.0
719,1377384557,425.0
719,1377384562,428.0
719,1377384567,428.0
719,1377384572,433.0
719,1377384577,429.0
719,1377384582,425.0
719,1377384587,428.0
719,1377384592,428.0
719,1377384597,428.0
719,1377384602,438.0
719,1377384607,434.0
719,1377384612,433.0
719,1377384617,432.0
719,1377384622,433.0
719,1377384627,433.0
719,1377384632,433.0
719,1377384637,433.0
719,1377384642,429.0
719,1377384647,433.0
719,1377384652,433.0
719,1377384657,425.0
719,1377384662,423.0
719,1377384667,424.0
719,1377384672,422.0
719,1377384677,422.0
719,1377384682,430.0
719,1377384687,428.0
719,1377384692,428.0
719,1377384697,425.0
719,1377384702,419.0
719,1377384707,411.0
719,1377384712,413.0
719,1377384717,417.0
719,1377384722,430.0
719,1377384727,423.0
719,1377384732,428.0
719,1377384737,425.0
719,1377384742,423.0
719,1377384747,423.0
719,1377384752,415.0
719,1377384757,417.0
719,1377384762,415.0
719,1377384767,428.0
719,1377384772,430.0
719,1377384777,430.0
719,1377384782,433.0
719,1377384787,430.0
719,1377384792,435.0
719,1377384797,435.0
719,1377384802,439.0
719,1377384807,435.0
719,1377384812,430.0
719,1377384817,422.0
719,1377384822,423.0
719,1377384827,425.0
719,1377384832,423.0
719,1377384837,430.0
719,1377384842,423.0
719,1377384847,428.0
719,1377384852,424.0
719,1377384857,422.0
719,1377384862,423.0
719,1377384867,420.0
719,1377384872,424.0
719,1377384877,424.0
719,1377384882,425.0
719,1377384887,428.0
719,1377384892,429.0
719,1377384897,433.0
719,1377384902,430.0
719,1377384907,434.0
719,1377384912,433.0
719,1377384917,438.0
719,1377384922,429.0
719,1377384927,423.0
719,1377384932,425.0
719,1377384937,425.0
719,1377384942,423.0
719,1377384947,425.0
719,1377384952,423.0
719,1377384957,432.0
719,1377384962,433.0
719,1377384967,433.0
719,1377384972,436.0
719,1377384977,438.0
719,1377384982,435.0
719,1377384987,433.0
719,1377384992,433.0
719,1377384997,429.0
719,1377385002,427.0
719,1377385007,430.0
719,1377385012,428.0
719,1377385017,430.0
719,1377385022,430.0
719,1377385027,430.0
719,1377385032,419.0
719,1377385037,422.0
719,1377385042,413.0
719,1377385047,422.0
719,1377385052,425.0
719,1377385057,430.0
719,1377385062,423.0
719,1377385067,428.0
719,1377385072,433.0
719,1377385077,428.0
719,1377385082,428.0
719,1377385087,423.0
719,1377385092,425.0
719,1377385097,423.0
719,1377385102,425.0
719,1377385107,425.0
719,1377385112,433.0
719,1377385117,429.0
719,1377385122,436.0
719,1377385127,433.0
719,1377385132,433.0
719,1377385137,428.0
719,1377385142,436.0
719,1377385147,433.0
719,1377385152,429.0
719,1377385157,427.0
719,1377385162,423.0
719,1377385167,412.0
719,1377385172,418.0
719,1377385177,409.0
719,1377385182,407.0
719,1377385187,412.0
719,1377385192,419.0
719,1377385197,413.0
719,1377385202,420.0
719,1377385207,418.0
719,1377385212,413.0
719,1377385217,411.0
719,1377385222,415.0
719,1377385227,424.0
719,1377385232,424.0
719,1377385237,430.0
719,1377385242,425.0
719,1377385247,425.0
719,1377385252,413.0
719,1377385257,419.0
719,1377385262,416.0
719,1377385267,413.0
719,1377385272,411.0
719,1377385277,409.0
719,1377385282,409.0
719,1377385287,412.0
719,1377385292,409.0
719,1377385297,411.0
719,1377385302,411.0
719,1377385307,418.0
719,1377385312,412.0
719,1377385317,417.0
719,1377385322,417.0
719,1377385327,420.0
719,1377385332,415.0
719,1377385337,422.0
719,1377385342,422.0
719,1377385347,419.0
719,1377385352,422.0
719,1377385357,425.0
719,1377385362,428.0
719,1377385367,424.0
719,1377385372,425.0
719,1377385377,420.0
719,1377385382,418.0
719,1377385387,415.0
719,1377385392,423.0
719,1377385397,423.0
719,1377385402,428.0
719,1377385407,428.0
719,1377385412,423.0
719,1377385417,425.0
719,1377385422,429.0
719,1377385427,428.0
719,1377385432,428.0
719,1377385437,425.0
719,1377385442,419.0
719,1377385447,419.0
719,1377385452,419.0
719,1377385457,420.0
719,1377385462,422.0
719,1377385467,422.0
719,1377385472,422.0
719,1377385477,423.0
719,1377385482,425.0
719,1377385487,428.0
719,1377385492,433.0
719,1377385497,433.0
719,1377385502,429.0
719,1377385507,435.0
719,1377385512,430.0
719,1377385517,425.0
719,1377385522,423.0
719,1377385527,423.0
719,1377385532,422.0
719,1377385537,428.0
719,1377385542,428.0
719,1377385547,425.0
719,1377385552,424.0
719,1377385557,411.0
719,1377385562,413.0
719,1377385567,413.0
719,1377385572,415.0
719,1377385577,430.0
719,1377385582,428.0
719,1377385587,425.0
719,1377385592,424.0
719,1377385597,415.0
719,1377385602,422.0
719,1377385607,418.0
719,1377385612,411.0
719,1377385617,420.0
719,1377385622,424.0
719,1377385627,423.0
719,1377385632,423.0
719,1377385637,424.0
719,1377385642,430.0
719,1377385647,430.0
719,1377385652,430.0
719,1377385657,435.0
719,1377385662,435.0
719,1377385667,433.0
719,1377385672,440.0
719,1377385677,431.0
719,1377385682,429.0
719,1377385687,433.0
719,1377385692,427.0
719,1377385697,427.0
719,1377385702,421.0
719,1377385707,415.0
719,1377385712,417.0
719,1377385717,418.0
719,1377385722,413.0
719,1377385727,422.0
719,1377385732,419.0
719,1377385737,422.0
719,1377385742,424.0
719,1377385747,425.0
719,1377385752,425.0
719,1377385757,428.0
719,1377385762,428.0
719,1377385767,430.0
719,1377385772,424.0
719,1377385777,422.0
719,1377385782,414.0
719,1377385787,411.0
719,1377385792,407.0
719,1377385797,411.0
719,1377385802,419.0
719,1377385807,425.0
719,1377385812,428.0
719,1377385817,429.0
719,1377385822,434.0
719,1377385827,425.0
719,1377385832,423.0
719,1377385837,422.0
719,1377385842,424.0
719,1377385847,430.0
719,1377385852,425.0
719,1377385857,424.0
719,1377385862,419.0
719,1377385867,422.0
719,1377385872,422.0
719,1377385877,415.0
719,1377385882,422.0
719,1377385887,422.0
719,1377385892,424.0
719,1377385897,419.0
719,1377385902,417.0
719,1377385907,420.0
719,1377385912,419.0
719,1377385917,413.0
719,1377385922,423.0
719,1377385927,419.0
719,1377385932,425.0
719,1377385937,428.0
719,1377385942,423.0
719,1377385947,425.0
719,1377385952,423.0
719,1377385957,428.0
719,1377385962,430.0
719,1377385967,430.0
719,1377385972,423.0
719,1377385977,423.0
719,1377385982,424.0
719,1377385987,424.0
719,1377385992,425.0
719,1377385997,425.0
719,1377386002,419.0
719,1377386007,415.0
719,1377386013,411.0
719,1377386017,413.0
719,1377386022,414.0
719,1377386027,407.0
719,1377386032,412.0
719,1377386037,420.0
719,1377386042,422.0
719,1377386047,423.0
719,1377386052,430.0
719,1377386057,430.0
719,1377386062,427.0
719,1377386067,428.0
719,1377386072,428.0
719,1377386077,422.0
719,1377386082,424.0
719,1377386087,423.0
719,1377386092,423.0
719,1377386097,422.0
719,1377386102,422.0
719,1377386107,419.0
719,1377386112,417.0
719,1377386117,430.0
719,1377386122,423.0
719,1377386127,424.0
719,1377386132,422.0
719,1377386137,424.0
719,1377386142,423.0
719,1377386147,423.0
719,1377386152,435.0
719,1377386157,427.0
719,1377386162,428.0
719,1377386167,428.0
719,1377386172,424.0
719,1377386177,424.0
719,1377386182,419.0
719,1377386187,413.0
719,1377386192,416.0
719,1377386197,413.0
719,1377386202,430.0
719,1377386207,423.0
719,1377386212,430.0
719,1377386217,428.0
719,1377386222,428.0
719,1377386227,430.0
719,1377386232,423.0
719,1377386237,419.0
719,1377386242,422.0
719,1377386247,422.0
719,1377386252,419.0
719,1377386257,420.0
719,1377386262,419.0
719,1377386267,424.0
719,1377386272,422.0
719,1377386277,429.0
719,1377386282,423.0
719,1377386287,423.0
719,1377386292,425.0
719,1377386297,425.0
719,1377386302,422.0
719,1377386307,419.0
719,1377386312,418.0
719,1377386317,419.0
719,1377386322,420.0
719,1377386327,415.0
719,1377386332,424.0
719,1377386337,424.0
719,1377386342,423.0
719,1377386347,425.0
719,1377386352,415.0
719,1377386357,422.0
719,1377386362,420.0
719,1377386367,419.0
719,1377386372,423.0
719,1377386377,419.0
719,1377386382,423.0
719,1377386387,422.0
719,1377386392,430.0
719,1377386397,420.0
719,1377386402,425.0
719,1377386407,422.0
719,1377386412,428.0
719,1377386417,424.0
719,1377386422,425.0
719,1377386427,428.0
719,1377386432,430.0
719,1377386437,428.0
719,1377386442,430.0
719,1377386447,428.0
719,1377386452,423.0
719,1377386457,428.0
719,1377386462,430.0
719,1377386467,425.0
719,1377386472,430.0
719,1377386477,433.0
719,1377386482,430.0
719,1377386487,430.0
719,1377386492,423.0
719,1377386497,425.0
719,1377386502,424.0
719,1377386507,424.0
719,1377386512,428.0
719,1377386517,423.0
719,1377386522,427.0
719,1377386527,433.0
719,1377386532,425.0
719,1377386537,430.0
719,1377386542,417.0
719,1377386547,411.0
719,1377386552,413.0
719,1377386557,415.0
719,1377386562,415.0
719,1377386567,419.0
719,1377386572,424.0
719,1377386577,422.0
719,1377386582,422.0
719,1377386587,423.0
719,1377386592,422.0
719,1377386597,419.0
719,1377386602,419.0
719,1377386607,424.0
719,1377386612,425.0
719,1377386617,428.0
719,1377386622,423.0
719,1377386627,430.0
719,1377386632,423.0
719,1377386637,423.0
719,1377386642,423.0
719,1377386647,419.0
719,1377386652,423.0
719,1377386657,419.0
719,1377386662,422.0
719,1377386667,424.0
719,1377386672,419.0
719,1377386677,419.0
719,1377386682,422.0
719,1377386687,432.0
719,1377386692,435.0
719,1377386697,431.0
719,1377386702,436.0
719,1377386707,438.0
719,1377386712,433.0
719,1377386717,430.0
719,1377386722,425.0
719,1377386727,424.0
719,1377386732,422.0
719,1377386737,422.0
719,1377386742,420.0
719,1377386747,422.0
719,1377386752,430.0
719,1377386757,428.0
719,1377386762,428.0
719,1377386767,429.0
719,1377386772,423.0
719,1377386777,432.0
719,1377386782,430.0
719,1377386787,432.0
719,1377386792,430.0
719,1377386797,428.0
719,1377386802,428.0
719,1377386807,432.0
719,1377386812,428.0
719,1377386817,422.0
719,1377386822,420.0
719,1377386827,419.0
719,1377386832,417.0
719,1377386837,419.0
719,1377386842,415.0
719,1377386847,424.0
719,1377386852,419.0
719,1377386857,419.0
719,1377386862,418.0
719,1377386867,408.0
719,1377386872,403.0
719,1377386877,401.0
719,1377386882,403.0
719,1377386887,406.0
719,1377386892,412.0
719,1377386897,408.0
719,1377386902,411.0
719,1377386907,408.0
719,1377386912,408.0
719,1377386917,406.0
719,1377386922,414.0
719,1377386927,406.0
719,1377386932,403.0
719,1377386937,403.0
719,1377386942,408.0
719,1377386947,407.0
719,1377386952,411.0
719,1377386957,419.0
719,1377386962,422.0
719,1377386967,419.0
719,1377386972,424.0
719,1377386977,417.0
719,1377386982,419.0
719,1377386987,425.0
719,1377386992,423.0
719,1377386997,430.0
719,1377387002,423.0
719,1377387007,428.0
719,1377387012,425.0
719,1377387017,422.0
719,1377387022,412.0
719,1377387027,411.0
719,1377387032,417.0
719,1377387037,418.0
719,1377387042,419.0
719,1377387047,415.0
719,1377387052,419.0
719,1377387057,419.0
719,1377387062,417.0
719,1377387067,415.0
719,1377387072,419.0
719,1377387077,425.0
719,1377387082,423.0
719,1377387087,432.0
719,1377387092,430.0
719,1377387097,430.0
719,1377387102,433.0
719,1377387107,428.0
719,1377387112,430.0
719,1377387117,422.0
719,1377387122,430.0
719,1377387127,424.0
719,1377387132,420.0
719,1377387137,419.0
719,1377387142,417.0
719,1377387147,420.0
719,1377387152,407.0
719,1377387157,418.0
719,1377387162,409.0
719,1377387167,420.0
719,1377387172,413.0
719,1377387177,422.0
719,1377387182,419.0
719,1377387187,418.0
719,1377387192,416.0
719,1377387197,419.0
719,1377387202,423.0
719,1377387207,423.0
719,1377387212,430.0
719,1377387217,428.0
719,1377387222,428.0
719,1377387227,423.0
719,1377387232,422.0
719,1377387237,428.0
719,1377387242,430.0
719,1377387247,433.0
719,1377387252,428.0
719,1377387257,425.0
719,1377387262,425.0
719,1377387267,423.0
719,1377387272,422.0
719,1377387277,423.0
719,1377387282,424.0
719,1377387287,424.0
719,1377387292,422.0
719,1377387297,423.0
719,1377387302,423.0
719,1377387307,430.0
719,1377387312,428.0
719,1377387317,419.0
719,1377387322,418.0
719,1377387327,412.0
719,1377387332,409.0
719,1377387337,407.0
719,1377387342,411.0
719,1377387347,413.0
719,1377387352,413.0
719,1377387357,420.0
719,1377387362,419.0
719,1377387367,419.0
719,1377387372,419.0
719,1377387377,422.0
719,1377387382,413.0
719,1377387387,409.0
719,1377387392,407.0
719,1377387397,411.0
719,1377387402,411.0
719,1377387407,416.0
719,1377387412,405.0
719,1377387417,403.0
719,1377387422,402.0
719,1377387427,401.0
719,1377387432,397.0
719,1377387437,406.0
719,1377387442,409.0
719,1377387447,409.0
719,1377387452,407.0
719,1377387457,409.0
719,1377387462,409.0
719,1377387467,408.0
719,1377387472,408.0
719,1377387477,406.0
719,1377387482,412.0
719,1377387487,411.0
719,1377387492,411.0
719,1377387497,418.0
719,1377387502,412.0
719,1377387507,411.0
719,1377387512,411.0
719,1377387517,415.0
719,1377387522,422.0
719,1377387527,428.0
719,1377387532,428.0
719,1377387537,430.0
719,1377387542,427.0
719,1377387547,430.0
719,1377387552,430.0
719,1377387557,424.0
719,1377387562,422.0
719,1377387567,424.0
719,1377387572,415.0
719,1377387577,418.0
719,1377387582,413.0
719,1377387587,422.0
719,1377387592,420.0
719,1377387597,419.0
719,1377387602,413.0
719,1377387607,417.0
719,1377387612,420.0
719,1377387617,424.0
719,1377387622,424.0
719,1377387627,413.0
719,1377387632,419.0
719,1377387637,418.0
719,1377387642,413.0
719,1377387647,416.0
719,1377387652,412.0
719,1377387657,417.0
719,1377387662,417.0
719,1377387667,416.0
719,1377387672,420.0
719,1377387677,411.0
719,1377387682,411.0
719,1377387687,422.0
719,1377387692,415.0
719,1377387697,419.0
719,1377387702,413.0
719,1377387707,415.0
719,1377387712,413.0
719,1377387717,411.0
719,1377387722,412.0
719,1377387727,412.0
719,1377387732,412.0
719,1377387737,412.0
719,1377387742,412.0
719,1377387747,411.0
719,1377387752,412.0
719,1377387757,409.0
719,1377387762,412.0
719,1377387767,418.0
719,1377387772,416.0
719,1377387777,422.0
719,1377387782,407.0
719,1377387787,401.0
719,1377387792,398.0
719,1377387797,401.0
719,1377387802,397.0
719,1377387807,398.0
719,1377387812,403.0
719,1377387817,401.0
719,1377387822,403.0
719,1377387827,401.0
719,1377387832,404.0
719,1377387837,409.0
719,1377387842,407.0
719,1377387847,407.0
719,1377387852,409.0
719,1377387857,409.0
719,1377387862,416.0
719,1377387867,416.0
719,1377387872,422.0
719,1377387877,419.0
719,1377387882,417.0
719,1377387887,420.0
719,1377387892,411.0
719,1377387897,418.0
719,1377387902,408.0
719,1377387907,396.0
719,1377387912,398.0
719,1377387917,390.0
719,1377387922,391.0
719,1377387927,391.0
719,1377387932,398.0
719,1377387937,409.0
719,1377387942,412.0
719,1377387947,417.0
719,1377387952,413.0
719,1377387957,417.0
719,1377387962,422.0
719,1377387967,418.0
719,1377387972,418.0
719,1377387977,411.0
719,1377387982,411.0
719,1377387987,417.0
719,1377387992,419.0
719,1377387997,422.0
719,1377388002,407.0
719,1377388007,418.0
719,1377388012,403.0
719,1377388017,404.0
719,1377388022,404.0
719,1377388027,412.0
719,1377388032,406.0
719,1377388037,403.0
719,1377388042,404.0
719,1377388047,403.0
719,1377388052,412.0
719,1377388057,412.0
719,1377388062,416.0
719,1377388067,412.0
719,1377388072,407.0
719,1377388077,409.0
719,1377388082,407.0
719,1377388087,406.0
719,1377388092,404.0
719,1377388097,397.0
719,1377388102,404.0
719,1377388107,401.0
719,1377388112,406.0
719,1377388117,407.0
719,1377388122,412.0
719,1377388127,407.0
719,1377388132,403.0
719,1377388137,398.0
719,1377388142,397.0
719,1377388147,403.0
719,1377388152,406.0
719,1377388157,409.0
719,1377388162,407.0
719,1377388167,409.0
719,1377388172,408.0
719,1377388177,407.0
719,1377388182,409.0
719,1377388187,412.0
719,1377388192,407.0
719,1377388197,408.0
719,1377388202,408.0
719,1377388207,407.0
719,1377388212,399.0
719,1377388217,406.0
719,1377388222,406.0
719,1377388227,403.0
719,1377388232,402.0
719,1377388237,406.0
719,1377388242,404.0
719,1377388247,408.0
719,1377388252,406.0
719,1377388257,408.0
719,1377388262,408.0
719,1377388267,412.0
719,1377388272,411.0
719,1377388277,415.0
719,1377388282,420.0
719,1377388287,415.0
719,1377388292,416.0
719,1377388297,411.0
719,1377388302,414.0
719,1377388307,407.0
719,1377388312,411.0
719,1377388317,412.0
719,1377388322,418.0
719,1377388327,412.0
719,1377388332,409.0
719,1377388337,403.0
719,1377388342,408.0
719,1377388347,409.0
719,1377388352,412.0
719,1377388357,407.0
719,1377388362,408.0
719,1377388367,409.0
719,1377388372,409.0
719,1377388377,416.0
719,1377388382,411.0
719,1377388387,411.0
719,1377388392,420.0
719,1377388397,418.0
719,1377388402,428.0
719,1377388407,425.0
719,1377388412,430.0
719,1377388417,422.0
719,1377388422,412.0
719,1377388427,408.0
719,1377388432,408.0
719,1377388437,406.0
719,1377388442,408.0
719,1377388447,407.0
719,1377388452,409.0
719,1377388457,412.0
719,1377388462,407.0
719,1377388467,411.0
719,1377388472,411.0
719,1377388477,418.0
719,1377388482,419.0
719,1377388487,411.0
719,1377388492,411.0
719,1377388497,411.0
719,1377388502,417.0
719,1377388507,415.0
719,1377388512,418.0
719,1377388517,418.0
719,1377388522,409.0
719,1377388527,409.0
719,1377388532,407.0
719,1377388537,417.0
719,1377388542,416.0
719,1377388547,418.0
719,1377388552,415.0
719,1377388557,415.0
719,1377388562,424.0
719,1377388567,418.0
719,1377388572,413.0
719,1377388577,413.0
719,1377388582,417.0
719,1377388587,416.0
719,1377388592,411.0
719,1377388597,407.0
719,1377388602,407.0
719,1377388607,407.0
719,1377388612,408.0
719,1377388617,401.0
719,1377388622,407.0
719,1377388627,406.0
719,1377388632,406.0
719,1377388637,406.0
719,1377388642,406.0
719,1377388647,407.0
719,1377388652,416.0
719,1377388657,407.0
719,1377388662,411.0
719,1377388667,418.0
719,1377388672,407.0
719,1377388677,408.0
719,1377388682,409.0
719,1377388687,406.0
719,1377388692,409.0
719,1377388697,409.0
719,1377388702,403.0
719,1377388707,406.0
719,1377388712,409.0
719,1377388717,409.0
719,1377388722,412.0
719,1377388727,407.0
719,1377388732,407.0
719,1377388737,409.0
719,1377388742,412.0
719,1377388747,409.0
719,1377388752,409.0
719,1377388757,411.0
719,1377388762,411.0
719,1377388767,415.0
719,1377388772,422.0
719,1377388777,424.0
719,1377388782,415.0
719,1377388787,419.0
719,1377388792,411.0
719,1377388797,406.0
719,1377388802,399.0
719,1377388807,401.0
719,1377388812,406.0
719,1377388817,416.0
719,1377388822,417.0
719,1377388827,418.0
719,1377388832,422.0
719,1377388837,413.0
719,1377388842,417.0
719,1377388847,418.0
719,1377388852,412.0
719,1377388857,414.0
719,1377388862,407.0
719,1377388867,407.0
719,1377388872,403.0
719,1377388877,403.0
719,1377388882,408.0
719,1377388887,406.0
719,1377388892,403.0
719,1377388897,409.0
719,1377388902,412.0
719,1377388907,409.0
719,1377388912,409.0
719,1377388917,412.0
719,1377388922,409.0
719,1377388927,414.0
719,1377388932,414.0
719,1377388937,413.0
719,1377388942,413.0
719,1377388947,419.0
719,1377388952,420.0
719,1377388957,411.0
719,1377388962,411.0
719,1377388967,412.0
719,1377388972,412.0
719,1377388977,409.0
719,1377388982,406.0
719,1377388987,406.0
719,1377388992,412.0
719,1377388997,411.0
719,1377389002,407.0
719,1377389007,422.0
719,1377389012,417.0
719,1377389017,419.0
719,1377389022,420.0
719,1377389027,424.0
719,1377389032,419.0
719,1377389037,413.0
719,1377389042,413.0
719,1377389047,418.0
719,1377389052,418.0
719,1377389057,416.0
719,1377389062,409.0
719,1377389067,406.0
719,1377389072,406.0
719,1377389077,397.0
719,1377389082,401.0
719,1377389087,398.0
719,1377389092,398.0
719,1377389097,396.0
719,1377389102,395.0
719,1377389107,401.0
719,1377389112,398.0
719,1377389117,403.0
719,1377389122,407.0
719,1377389127,406.0
719,1377389132,401.0
719,1377389137,406.0
719,1377389142,408.0
719,1377389147,401.0
719,1377389152,403.0
719,1377389157,401.0
719,1377389162,406.0
719,1377389167,414.0
719,1377389172,413.0
719,1377389177,413.0
719,1377389182,419.0
719,1377389187,416.0
719,1377389192,407.0
719,1377389197,408.0
719,1377389202,407.0
719,1377389207,412.0
719,1377389212,413.0
719,1377389217,422.0
719,1377389222,412.0
719,1377389227,408.0
719,1377389232,407.0
719,1377389237,407.0
719,1377389242,412.0
719,1377389247,412.0
719,1377389252,412.0
719,1377389257,409.0
719,1377389262,412.0
719,1377389267,409.0
719,1377389272,412.0
719,1377389277,416.0
719,1377389282,411.0
719,1377389287,418.0
719,1377389292,418.0
719,1377389297,417.0
719,1377389302,418.0
719,1377389307,409.0
719,1377389312,412.0
719,1377389317,407.0
719,1377389322,412.0
719,1377389327,420.0
719,1377389332,413.0
719,1377389337,413.0
719,1377389342,420.0
719,1377389347,412.0
719,1377389352,407.0
719,1377389357,407.0
719,1377389362,409.0
719,1377389367,406.0
719,1377389372,406.0
719,1377389377,395.0
719,1377389382,391.0
719,1377389387,393.0
719,1377389392,398.0
719,1377389397,404.0
719,1377389402,407.0
719,1377389407,407.0
719,1377389412,412.0
719,1377389417,407.0
719,1377389422,409.0
719,1377389427,414.0
719,1377389432,404.0
719,1377389437,403.0
719,1377389442,404.0
719,1377389447,402.0
719,1377389452,406.0
719,1377389457,402.0
719,1377389462,400.0
719,1377389467,398.0
719,1377389472,398.0
719,1377389477,398.0
719,1377389482,398.0
719,1377389487,401.0
719,1377389492,393.0
719,1377389497,397.0
719,1377389502,396.0
719,1377389507,398.0
719,1377389512,398.0
719,1377389517,403.0
719,1377389522,408.0
719,1377389527,409.0
719,1377389532,408.0
719,1377389537,418.0
719,1377389542,412.0
719,1377389547,409.0
719,1377389552,407.0
719,1377389557,406.0
719,1377389562,404.0
719,1377389567,398.0
719,1377389572,397.0
719,1377389577,397.0
719,1377389582,397.0
719,1377389587,403.0
719,1377389592,404.0
719,1377389597,406.0
719,1377389602,409.0
719,1377389607,408.0
719,1377389612,416.0
719,1377389617,406.0
719,1377389622,403.0
719,1377389627,403.0
719,1377389632,404.0
719,1377389637,395.0
719,1377389642,396.0
719,1377389647,401.0
719,1377389652,403.0
719,1377389657,406.0
719,1377389662,406.0
719,1377389667,412.0
719,1377389672,409.0
719,1377389677,403.0
719,1377389682,403.0
719,1377389687,401.0
719,1377389692,399.0
719,1377389697,403.0
719,1377389702,403.0
719,1377389707,406.0
719,1377389712,408.0
719,1377389717,406.0
719,1377389722,401.0
719,1377389727,396.0
719,1377389732,396.0
719,1377389737,403.0
719,1377389742,409.0
719,1377389747,411.0
719,1377389752,422.0
719,1377389757,411.0
719,1377389762,409.0
719,1377389767,411.0
719,1377389772,412.0
719,1377389777,409.0
719,1377389782,403.0
719,1377389787,406.0
719,1377389792,395.0
719,1377389797,396.0
719,1377389802,396.0
719,1377389807,396.0
719,1377389812,406.0
719,1377389817,407.0
719,1377389822,407.0
719,1377389827,406.0
719,1377389832,403.0
719,1377389837,397.0
719,1377389842,397.0
719,1377389847,397.0
719,1377389852,398.0
719,1377389857,398.0
719,1377389862,406.0
719,1377389867,406.0
719,1377389872,406.0
719,1377389877,398.0
719,1377389882,391.0
719,1377389887,393.0
719,1377389892,398.0
719,1377389897,400.0
719,1377389902,416.0
719,1377389907,408.0
719,1377389912,414.0
719,1377389917,404.0
719,1377389922,398.0
719,1377389927,397.0
719,1377389932,393.0
719,1377389937,396.0
719,1377389942,396.0
719,1377389947,401.0
719,1377389952,409.0
719,1377389957,414.0
719,1377389962,411.0
719,1377389967,409.0
719,1377389972,412.0
719,1377389977,411.0
719,1377389982,412.0
719,1377389987,411.0
719,1377389992,407.0
719,1377389997,407.0
719,1377390002,410.0
719,1377390007,409.0
719,1377390012,409.0
719,1377390017,409.0
719,1377390022,406.0
719,1377390027,406.0
719,1377390032,398.0
719,1377390037,403.0
719,1377390042,397.0
719,1377390047,398.0
719,1377390052,401.0
719,1377390057,401.0
719,1377390062,406.0
719,1377390067,406.0
719,1377390072,408.0
719,1377390077,408.0
719,1377390082,408.0
719,1377390087,404.0
719,1377390092,406.0
719,1377390097,398.0
719,1377390102,398.0
719,1377390107,402.0
719,1377390112,403.0
719,1377390117,406.0
719,1377390122,407.0
719,1377390127,409.0
719,1377390132,418.0
719,1377390137,407.0
719,1377390142,406.0
719,1377390147,401.0
719,1377390152,401.0
719,1377390157,404.0
719,1377390162,406.0
719,1377390167,412.0
719,1377390172,418.0
719,1377390177,409.0
719,1377390182,409.0
719,1377390187,406.0
719,1377390192,408.0
719,1377390197,407.0
719,1377390202,403.0
719,1377390207,406.0
719,1377390212,404.0
719,1377390217,404.0
719,1377390222,406.0
719,1377390227,403.0
719,1377390232,401.0
719,1377390237,398.0
719,1377390242,401.0
719,1377390247,403.0
719,1377390252,403.0
719,1377390257,406.0
719,1377390262,397.0
719,1377390267,400.0
719,1377390272,396.0
719,1377390277,396.0
719,1377390282,396.0
719,1377390287,397.0
719,1377390292,401.0
719,1377390297,397.0
719,1377390302,400.0
719,1377390307,396.0
719,1377390312,392.0
719,1377390317,391.0
719,1377390322,391.0
719,1377390327,395.0
719,1377390332,397.0
719,1377390337,401.0
719,1377390342,403.0
719,1377390347,407.0
719,1377390352,411.0
719,1377390357,411.0
719,1377390362,409.0
719,1377390367,408.0
719,1377390372,403.0
719,1377390377,401.0
719,1377390382,403.0
719,1377390387,403.0
719,1377390392,397.0
719,1377390397,398.0
719,1377390402,395.0
719,1377390407,391.0
719,1377390412,398.0
719,1377390417,398.0
719,1377390422,398.0
719,1377390427,399.0
719,1377390432,399.0
719,1377390437,403.0
719,1377390442,414.0
719,1377390447,406.0
719,1377390452,403.0
719,1377390457,404.0
719,1377390462,399.0
719,1377390467,397.0
719,1377390472,402.0
719,1377390477,398.0
719,1377390482,397.0
719,1377390487,406.0
719,1377390492,398.0
719,1377390497,402.0
719,1377390502,401.0
719,1377390507,400.0
719,1377390512,396.0
719,1377390517,396.0
719,1377390522,393.0
719,1377390527,391.0
719,1377390532,391.0
719,1377390537,396.0
719,1377390542,395.0
719,1377390547,403.0
719,1377390552,398.0
719,1377390557,397.0
719,1377390562,398.0
719,1377390567,398.0
719,1377390572,398.0
719,1377390577,398.0
719,1377390582,398.0
719,1377390587,396.0
719,1377390592,400.0
719,1377390597,401.0
719,1377390602,401.0
719,1377390607,398.0
719,1377390612,401.0
719,1377390617,403.0
719,1377390622,404.0
719,1377390627,409.0
719,1377390632,407.0
719,1377390637,412.0
719,1377390642,419.0
719,1377390647,420.0
719,1377390652,417.0
719,1377390657,413.0
719,1377390662,422.0
719,1377390667,412.0
719,1377390672,407.0
719,1377390677,401.0
719,1377390682,395.0
719,1377390687,393.0
719,1377390692,393.0
719,1377390697,393.0
719,1377390702,396.0
719,1377390707,396.0
719,1377390712,391.0
719,1377390717,398.0
719,1377390722,395.0
719,1377390727,396.0
719,1377390732,403.0
719,1377390737,406.0
719,1377390742,403.0
719,1377390747,402.0
719,1377390752,398.0
719,1377390757,396.0
719,1377390762,391.0
719,1377390767,398.0
719,1377390772,396.0
719,1377390777,401.0
719,1377390782,398.0
719,1377390787,412.0
719,1377390792,414.0
719,1377390797,411.0
719,1377390802,409.0
719,1377390807,403.0
719,1377390812,398.0
719,1377390817,396.0
719,1377390822,395.0
719,1377390827,396.0
719,1377390832,398.0
719,1377390837,400.0
719,1377390842,395.0
719,1377390847,401.0
719,1377390852,404.0
719,1377390857,406.0
719,1377390862,409.0
719,1377390867,407.0
719,1377390872,408.0
719,1377390877,404.0
719,1377390882,399.0
719,1377390887,400.0
719,1377390892,395.0
719,1377390897,393.0
719,1377390902,396.0
719,1377390907,398.0
719,1377390912,401.0
719,1377390917,401.0
719,1377390922,406.0
719,1377390927,399.0
719,1377390932,401.0
719,1377390937,399.0
719,1377390942,402.0
719,1377390947,400.0
719,1377390952,395.0
719,1377390957,396.0
719,1377390962,400.0
719,1377390967,401.0
719,1377390972,397.0
719,1377390977,396.0
719,1377390982,391.0
719,1377390987,398.0
719,1377390992,401.0
719,1377390997,401.0
719,1377391002,397.0
719,1377391007,396.0
719,1377391012,393.0
719,1377391017,396.0
719,1377391022,393.0
719,1377391027,397.0
719,1377391032,406.0
719,1377391037,409.0
719,1377391042,403.0
719,1377391047,403.0
719,1377391052,406.0
719,1377391057,406.0
719,1377391062,403.0
719,1377391067,402.0
719,1377391072,404.0
719,1377391077,403.0
719,1377391082,397.0
719,1377391087,401.0
719,1377391092,398.0
719,1377391097,404.0
719,1377391102,402.0
719,1377391107,404.0
719,1377391112,403.0
719,1377391117,403.0
719,1377391122,398.0
719,1377391127,400.0
719,1377391132,401.0
719,1377391137,401.0
719,1377391142,401.0
719,1377391147,398.0
719,1377391152,406.0
719,1377391157,398.0
719,1377391162,406.0
719,1377391167,396.0
719,1377391172,399.0
719,1377391177,399.0
719,1377391182,408.0
719,1377391187,408.0
719,1377391192,404.0
719,1377391197,403.0
719,1377391202,397.0
719,1377391207,398.0
719,1377391212,402.0
719,1377391217,404.0
719,1377391222,406.0
719,1377391227,408.0
719,1377391232,404.0
719,1377391237,401.0
719,1377391242,398.0
719,1377391247,396.0
719,1377391252,398.0
719,1377391257,403.0
719,1377391262,414.0
719,1377391267,418.0
719,1377391272,409.0
719,1377391277,409.0
719,1377391282,398.0
719,1377391287,403.0
719,1377391292,401.0
719,1377391297,400.0
719,1377391302,397.0
719,1377391307,395.0
719,1377391312,400.0
719,1377391317,399.0
719,1377391322,403.0
719,1377391327,409.0
719,1377391332,411.0
719,1377391337,412.0
719,1377391342,412.0
719,1377391347,409.0
719,1377391352,412.0
719,1377391357,412.0
719,1377391362,404.0
719,1377391367,401.0
719,1377391372,398.0
719,1377391377,391.0
719,1377391382,396.0
719,1377391387,398.0
719,1377391392,396.0
719,1377391397,396.0
719,1377391402,393.0
719,1377391407,398.0
719,1377391412,398.0
719,1377391417,404.0
719,1377391422,404.0
719,1377391427,403.0
719,1377391432,406.0
719,1377391437,406.0
719,1377391442,403.0
719,1377391447,404.0
719,1377391452,404.0
719,1377391457,403.0
719,1377391462,401.0
719,1377391467,403.0
719,1377391472,401.0
719,1377391477,401.0
719,1377391482,402.0
719,1377391487,398.0
719,1377391492,407.0
719,1377391497,408.0
719,1377391502,408.0
719,1377391507,408.0
719,1377391512,406.0
719,1377391517,401.0
719,1377391522,391.0
719,1377391527,396.0
719,1377391532,392.0
719,1377391537,396.0
719,1377391542,398.0
719,1377391547,401.0
719,1377391552,401.0
719,1377391557,403.0
719,1377391562,398.0
719,1377391567,406.0
719,1377391572,401.0
719,1377391577,409.0
719,1377391582,414.0
719,1377391587,413.0
719,1377391592,418.0
719,1377391597,409.0
719,1377391602,407.0
719,1377391607,406.0
719,1377391612,403.0
719,1377391617,404.0
719,1377391622,403.0
719,1377391627,409.0
719,1377391632,407.0
719,1377391637,409.0
719,1377391642,418.0
719,1377391647,401.0
719,1377391652,393.0
719,1377391657,387.0
719,1377391662,392.0
719,1377391667,392.0
719,1377391672,391.0
719,1377391677,393.0
719,1377391682,391.0
719,1377391687,391.0
719,1377391692,396.0
719,1377391697,396.0
719,1377391702,398.0
719,1377391707,403.0
719,1377391712,403.0
719,1377391717,412.0
719,1377391722,412.0
719,1377391727,412.0
719,1377391732,412.0
719,1377391737,407.0
719,1377391742,403.0
719,1377391747,408.0
719,1377391752,406.0
719,1377391757,408.0
719,1377391762,398.0
719,1377391767,401.0
719,1377391772,398.0
719,1377391777,401.0
719,1377391782,404.0
719,1377391787,407.0
719,1377391792,407.0
719,1377391797,403.0
719,1377391802,406.0
719,1377391807,406.0
719,1377391812,404.0
719,1377391817,397.0
719,1377391821,403.0
719,1377391827,395.0
719,1377391831,396.0
719,1377391837,403.0
719,1377391842,404.0
719,1377391847,403.0
719,1377391852,404.0
719,1377391857,403.0
719,1377391861,401.0
719,1377391867,401.0
719,1377391872,401.0
719,1377391877,403.0
719,1377391882,404.0
719,1377391886,404.0
719,1377391892,406.0
719,1377391897,408.0
719,1377391902,403.0
719,1377391907,398.0
719,1377391911,404.0
719,1377391917,406.0
719,1377391922,408.0
719,1377391927,409.0
719,1377391932,406.0
719,1377391937,408.0
719,1377391941,408.0
719,1377391947,407.0
719,1377391952,412.0
719,1377391957,414.0
719,1377391961,412.0
719,1377391967,418.0
719,1377391972,409.0
719,1377391977,408.0
719,1377391982,408.0
719,1377391987,414.0
719,1377391991,408.0
719,1377391997,403.0
719,1377392002,397.0
719,1377392007,396.0
719,1377392011,396.0
719,1377392017,403.0
719,1377392022,406.0
719,1377392027,408.0
719,1377392031,406.0
719,1377392037,403.0
719,1377392041,401.0
719,1377392047,403.0
719,1377392051,401.0
719,1377392056,398.0
719,1377392061,398.0
719,1377392067,396.0
719,1377392071,395.0
719,1377392077,401.0
719,1377392082,397.0
719,1377392087,398.0
719,1377392092,406.0
719,1377392097,414.0
719,1377392102,406.0
719,1377392107,407.0
719,1377392111,407.0
719,1377392117,409.0
719,1377392121,403.0
719,1377392127,399.0
719,1377392131,404.0
719,1377392137,398.0
719,1377392141,391.0
719,1377392147,393.0
719,1377392151,391.0
719,1377392157,393.0
719,1377392161,398.0
719,1377392167,401.0
719,1377392171,401.0
719,1377392177,403.0
719,1377392182,401.0
719,1377392187,396.0
719,1377392192,395.0
719,1377392197,391.0
719,1377392202,398.0
719,1377392207,406.0
719,1377392211,412.0
719,1377392217,414.0
719,1377392221,411.0
719,1377392227,417.0
719,1377392231,413.0
719,1377392237,415.0
719,1377392241,412.0
719,1377392247,416.0
719,1377392251,412.0
719,1377392257,411.0
719,1377392261,409.0
719,1377392267,408.0
719,1377392271,404.0
719,1377392277,403.0
719,1377392281,406.0
719,1377392287,409.0
719,1377392291,411.0
719,1377392297,411.0
719,1377392301,407.0
719,1377392307,412.0
719,1377392311,403.0
719,1377392317,403.0
719,1377392321,404.0
719,1377392327,403.0
719,1377392331,404.0
719,1377392337,398.0
719,1377392341,401.0
719,1377392347,399.0
719,1377392352,403.0
719,1377392357,401.0
719,1377392361,403.0
719,1377392367,404.0
719,1377392371,404.0
719,1377392377,397.0
719,1377392381,401.0
719,1377392387,396.0
719,1377392392,397.0
719,1377392397,403.0
719,1377392401,403.0
719,1377392407,403.0
719,1377392411,406.0
719,1377392417,398.0
719,1377392421,401.0
719,1377392427,400.0
719,1377392431,401.0
719,1377392437,401.0
719,1377392441,406.0
719,1377392447,396.0
719,1377392451,396.0
719,1377392457,397.0
719,1377392461,403.0
719,1377392467,406.0
719,1377392471,414.0
719,1377392477,408.0
719,1377392481,403.0
719,1377392487,404.0
719,1377392491,401.0
719,1377392497,400.0
719,1377392501,398.0
719,1377392507,400.0
719,1377392511,398.0
719,1377392517,403.0
719,1377392521,403.0
719,1377392527,399.0
719,1377392531,397.0
719,1377392537,397.0
719,1377392541,397.0
719,1377392547,404.0
719,1377392551,397.0
719,1377392557,403.0
719,1377392561,396.0
719,1377392567,395.0
719,1377392571,398.0
719,1377392577,398.0
719,1377392581,408.0
719,1377392587,406.0
719,1377392591,411.0
719,1377392597,414.0
719,1377392601,412.0
719,1377392607,411.0
719,1377392611,418.0
719,1377392617,407.0
719,1377392621,401.0
719,1377392627,393.0
719,1377392631,398.0
719,1377392637,398.0
719,1377392641,398.0
719,1377392647,401.0
719,1377392651,406.0
719,1377392657,401.0
719,1377392661,403.0
719,1377392667,396.0
719,1377392671,401.0
719,1377392677,401.0
719,1377392681,403.0
719,1377392687,403.0
719,1377392691,403.0
719,1377392697,402.0
719,1377392701,403.0
719,1377392707,404.0
719,1377392711,407.0
719,1377392717,409.0
719,1377392721,401.0
719,1377392727,401.0
719,1377392731,396.0
719,1377392737,400.0
719,1377392741,396.0
719,1377392747,398.0
719,1377392751,403.0
719,1377392757,401.0
719,1377392761,403.0
719,1377392767,409.0
719,1377392771,408.0
719,1377392777,414.0
719,1377392781,408.0
719,1377392787,408.0
719,1377392791,403.0
719,1377392797,402.0
719,1377392801,406.0
719,1377392807,409.0
719,1377392811,406.0
719,1377392816,399.0
719,1377392821,403.0
719,1377392827,401.0
719,1377392831,404.0
719,1377392837,409.0
719,1377392841,412.0
719,1377392847,411.0
719,1377392851,412.0
719,1377392857,411.0
719,1377392861,409.0
719,1377392867,407.0
719,1377392871,407.0
719,1377392877,406.0
719,1377392881,404.0
719,1377392887,401.0
719,1377392891,404.0
719,1377392897,397.0
719,1377392901,401.0
719,1377392907,396.0
719,1377392911,406.0
719,1377392917,400.0
719,1377392921,403.0
719,1377392927,397.0
719,1377392931,400.0
719,1377392937,391.0
719,1377392941,393.0
719,1377392947,396.0
719,1377392951,391.0
719,1377392957,398.0
719,1377392961,398.0
719,1377392966,395.0
719,1377392971,395.0
719,1377392978,391.0
719,1377392981,393.0
719,1377392987,398.0
719,1377392991,398.0
719,1377392997,402.0
719,1377393001,403.0
719,1377393007,408.0
719,1377393011,409.0
719,1377393016,416.0
719,1377393021,413.0
719,1377393027,422.0
719,1377393031,411.0
719,1377393036,418.0
719,1377393041,406.0
719,1377393047,408.0
719,1377393051,408.0
719,1377393057,413.0
719,1377393061,407.0
719,1377393067,414.0
719,1377393071,408.0
719,1377393077,404.0
719,1377393081,403.0
719,1377393087,398.0
719,1377393091,391.0
719,1377393097,393.0
719,1377393101,393.0
719,1377393107,391.0
719,1377393111,398.0
719,1377393117,403.0
719,1377393121,409.0
719,1377393127,407.0
719,1377393132,409.0
719,1377393137,407.0
719,1377393141,412.0
719,1377393147,401.0
719,1377393151,399.0
719,1377393157,397.0
719,1377393161,403.0
719,1377393167,409.0
719,1377393171,420.0
719,1377393176,418.0
719,1377393181,407.0
719,1377393187,401.0
719,1377393191,396.0
719,1377393197,393.0
719,1377393201,391.0
719,1377393207,398.0
719,1377393211,404.0
719,1377393216,406.0
719,1377393221,403.0
719,1377393226,406.0
719,1377393231,412.0
719,1377393237,412.0
719,1377393241,412.0
719,1377393246,413.0
719,1377393251,416.0
719,1377393257,418.0
719,1377393261,407.0
719,1377393267,407.0
719,1377393271,407.0
719,1377393277,407.0
719,1377393281,418.0
719,1377393286,413.0
719,1377393291,416.0
719,1377393297,413.0
719,1377393301,416.0
719,1377393307,411.0
719,1377393311,403.0
719,1377393316,399.0
719,1377393321,398.0
719,1377393327,401.0
719,1377393331,403.0
719,1377393337,398.0
719,1377393341,406.0
719,1377393346,412.0
719,1377393351,413.0
719,1377393357,407.0
719,1377393362,409.0
719,1377393367,401.0
719,1377393371,397.0
719,1377393377,400.0
719,1377393381,395.0
719,1377393387,396.0
719,1377393391,397.0
719,1377393396,404.0
719,1377393401,409.0
719,1377393407,404.0
719,1377393411,409.0
719,1377393417,401.0
719,1377393422,401.0
719,1377393426,393.0
719,1377393432,398.0
719,1377393437,395.0
719,1377393441,395.0
719,1377393446,403.0
719,1377393451,412.0
719,1377393456,407.0
719,1377393461,411.0
719,1377393467,411.0
719,1377393471,411.0
719,1377393476,409.0
719,1377393482,406.0
719,1377393487,408.0
719,1377393491,399.0
719,1377393496,403.0
719,1377393501,402.0
719,1377393506,401.0
719,1377393511,403.0
719,1377393517,403.0
719,1377393521,401.0
719,1377393526,399.0
719,1377393531,397.0
719,1377393537,401.0
719,1377393541,397.0
719,1377393546,398.0
719,1377393551,396.0
719,1377393556,400.0
719,1377393561,396.0
719,1377393567,396.0
719,1377393571,398.0
719,1377393576,401.0
719,1377393582,404.0
719,1377393586,403.0
719,1377393592,403.0
719,1377393597,401.0
719,1377393601,397.0
719,1377393606,404.0
719,1377393611,408.0
719,1377393617,408.0
719,1377393621,406.0
719,1377393626,398.0
719,1377393632,398.0
719,1377393636,396.0
719,1377393641,398.0
719,1377393647,398.0
719,1377393651,403.0
719,1377393657,404.0
719,1377393661,412.0
719,1377393667,407.0
719,1377393671,416.0
719,1377393677,412.0
719,1377393682,412.0
719,1377393686,398.0
719,1377393691,401.0
719,1377393697,404.0
719,1377393701,401.0
719,1377393707,408.0
719,1377393711,407.0
719,1377393717,409.0
719,1377393722,406.0
719,1377393727,397.0
719,1377393731,398.0
719,1377393736,396.0
719,1377393741,396.0
719,1377393746,396.0
719,1377393751,396.0
719,1377393756,397.0
719,1377393761,401.0
719,1377393767,406.0
719,1377393771,403.0
719,1377393776,403.0
719,1377393781,397.0
719,1377393787,401.0
719,1377393792,398.0
719,1377393797,401.0
719,1377393802,398.0
719,1377393806,404.0
719,1377393811,403.0
719,1377393816,402.0
719,1377393821,403.0
719,1377393826,398.0
719,1377393831,403.0
719,1377393837,402.0
719,1377393841,408.0
719,1377393846,409.0
719,1377393851,403.0
719,1377393856,401.0
719,1377393861,401.0
719,1377393867,398.0
719,1377393872,401.0
719,1377393876,400.0
719,1377393881,398.0
719,1377393887,395.0
719,1377393891,396.0
719,1377393896,398.0
719,1377393901,391.0
719,1377393906,393.0
719,1377393912,395.0
719,1377393917,395.0
719,1377393921,416.0
719,1377393926,409.0
719,1377393931,412.0
719,1377393937,409.0
719,1377393942,406.0
719,1377393946,403.0
719,1377393952,408.0
719,1377393956,403.0
719,1377393962,406.0
719,1377393966,406.0
719,1377393972,400.0
719,1377393976,398.0
719,1377393982,390.0
719,1377393987,391.0
719,1377393991,393.0
719,1377393996,398.0
719,1377394001,401.0
719,1377394006,406.0
719,1377394011,408.0
719,1377394017,418.0
719,1377394022,406.0
719,1377394027,406.0
719,1377394032,397.0
719,1377394036,397.0
719,1377394041,401.0
719,1377394046,403.0
719,1377394051,406.0
719,1377394056,403.0
719,1377394061,406.0
719,1377394066,403.0
719,1377394072,401.0
719,1377394077,398.0
719,1377394081,406.0
719,1377394086,403.0
719,1377394091,403.0
719,1377394096,403.0
719,1377394102,400.0
719,1377394107,401.0
719,1377394111,398.0
719,1377394116,398.0
719,1377394121,403.0
719,1377394126,403.0
719,1377394131,404.0
719,1377394136,406.0
719,1377394141,401.0
719,1377394146,393.0
719,1377394152,398.0
719,1377394156,401.0
719,1377394162,403.0
719,1377394166,401.0
719,1377394171,408.0
719,1377394176,403.0
719,1377394182,407.0
719,1377394186,398.0
719,1377394191,398.0
719,1377394197,401.0
719,1377394202,403.0
719,1377394206,404.0
719,1377394212,403.0
719,1377394216,406.0
719,1377394222,412.0
719,1377394226,406.0
719,1377394231,406.0
719,1377394237,408.0
719,1377394242,406.0
719,1377394246,401.0
719,1377394251,401.0
719,1377394256,398.0
719,1377394262,391.0
719,1377394266,398.0
719,1377394272,391.0
719,1377394276,398.0
719,1377394282,400.0
719,1377394286,401.0
719,1377394291,403.0
719,1377394297,408.0
719,1377394302,399.0
719,1377394307,404.0
719,1377394311,404.0
719,1377394317,406.0
719,1377394321,409.0
719,1377394326,418.0
719,1377394331,415.0
719,1377394337,413.0
719,1377394342,411.0
719,1377394347,403.0
719,1377394352,401.0
719,1377394356,400.0
719,1377394362,393.0
719,1377394366,390.0
719,1377394372,392.0
719,1377394377,392.0
719,1377394382,387.0
719,1377394386,390.0
719,1377394392,396.0
719,1377394396,393.0
719,1377394402,390.0
719,1377394407,398.0
719,1377394412,401.0
719,1377394417,401.0
719,1377394422,407.0
719,1377394426,412.0
719,1377394431,412.0
719,1377394437,407.0
719,1377394442,412.0
719,1377394447,406.0
719,1377394451,401.0
719,1377394457,401.0
719,1377394461,399.0
719,1377394467,406.0
719,1377394472,403.0
719,1377394477,403.0
719,1377394481,406.0
719,1377394486,398.0
719,1377394492,397.0
719,1377394497,401.0
719,1377394502,403.0
719,1377394506,406.0
719,1377394511,403.0
719,1377394517,403.0
719,1377394522,404.0
719,1377394526,404.0
719,1377394531,401.0
719,1377394537,404.0
719,1377394542,398.0
719,1377394546,406.0
719,1377394551,404.0
719,1377394556,406.0
719,1377394561,401.0
719,1377394566,397.0
719,1377394571,409.0
719,1377394577,412.0
719,1377394582,412.0
719,1377394586,413.0
719,1377394591,409.0
719,1377394596,403.0
719,1377394601,401.0
719,1377394607,391.0
719,1377394611,400.0
719,1377394616,397.0
719,1377394622,404.0
719,1377394627,408.0
719,1377394631,404.0
719,1377394636,401.0
719,1377394641,401.0
719,1377394646,398.0
719,1377394651,397.0
719,1377394656,398.0
719,1377394661,398.0
719,1377394666,393.0
719,1377394671,398.0
719,1377394676,398.0
719,1377394681,397.0
719,1377394686,398.0
719,1377394691,398.0
719,1377394696,396.0
719,1377394701,391.0
719,1377394706,401.0
719,1377394712,403.0
719,1377394716,406.0
719,1377394721,408.0
719,1377394726,403.0
719,1377394731,402.0
719,1377394736,404.0
719,1377394741,402.0
719,1377394746,403.0
719,1377394751,396.0
719,1377394756,398.0
719,1377394761,398.0
719,1377394766,391.0
719,1377394771,393.0
719,1377394776,391.0
719,1377394781,392.0
719,1377394786,393.0
719,1377394791,383.0
719,1377394796,388.0
719,1377394801,392.0
719,1377394806,393.0
719,1377394811,398.0
719,1377394816,402.0
719,1377394821,398.0
719,1377394826,403.0
719,1377394832,406.0
719,1377394836,409.0
719,1377394841,411.0
719,1377394846,412.0
719,1377394851,418.0
719,1377394856,408.0
719,1377394861,401.0
719,1377394866,401.0
719,1377394871,395.0
719,1377394876,395.0
719,1377394882,396.0
719,1377394886,398.0
719,1377394891,398.0
719,1377394897,398.0
719,1377394901,401.0
719,1377394906,400.0
719,1377394911,398.0
719,1377394916,401.0
719,1377394921,403.0
719,1377394926,406.0
719,1377394931,406.0
719,1377394936,408.0
719,1377394941,408.0
719,1377394946,398.0
719,1377394951,387.0
719,1377394956,385.0
719,1377394961,382.0
719,1377394967,385.0
719,1377394972,387.0
719,1377394977,387.0
719,1377394981,392.0
719,1377394987,393.0
719,1377394991,397.0
719,1377394996,398.0
719,1377395001,401.0
719,1377395006,401.0
719,1377395011,397.0
719,1377395016,401.0
719,1377395021,399.0
719,1377395026,403.0
719,1377395031,398.0
719,1377395036,397.0
719,1377395041,395.0
719,1377395046,396.0
719,1377395051,396.0
719,1377395056,396.0
719,1377395061,396.0
719,1377395066,408.0
719,1377395072,416.0
719,1377395076,412.0
719,1377395081,412.0
719,1377395086,412.0
719,1377395091,407.0
719,1377395096,406.0
719,1377395101,406.0
719,1377395106,400.0
719,1377395111,395.0
719,1377395116,396.0
719,1377395121,400.0
719,1377395126,403.0
719,1377395131,398.0
719,1377395136,397.0
719,1377395141,401.0
719,1377395146,403.0
719,1377395151,401.0
719,1377395156,398.0
719,1377395161,391.0
719,1377395166,398.0
719,1377395171,400.0
719,1377395176,406.0
719,1377395181,403.0
719,1377395186,401.0
719,1377395191,404.0
719,1377395196,401.0
719,1377395201,401.0
719,1377395206,398.0
719,1377395211,399.0
719,1377395216,406.0
719,1377395221,408.0
719,1377395226,406.0
719,1377395232,404.0
719,1377395237,397.0
719,1377395241,390.0
719,1377395246,396.0
719,1377395251,383.0
719,1377395256,384.0
719,1377395261,382.0
719,1377395266,383.0
719,1377395271,383.0
719,1377395277,388.0
719,1377395281,392.0
719,1377395286,390.0
719,1377395291,398.0
719,1377395296,395.0
719,1377395301,401.0
719,1377395306,406.0
719,1377395311,407.0
719,1377395316,416.0
719,1377395321,409.0
719,1377395326,399.0
719,1377395331,395.0
719,1377395336,390.0
719,1377395341,392.0
719,1377395346,393.0
719,1377395351,398.0
719,1377395356,400.0
719,1377395361,398.0
719,1377395366,398.0
719,1377395371,397.0
719,1377395376,406.0
719,1377395381,414.0
719,1377395386,408.0
719,1377395391,404.0
719,1377395396,402.0
719,1377395401,397.0
719,1377395406,398.0
719,1377395411,393.0
719,1377395416,395.0
719,1377395421,396.0
719,1377395426,393.0
719,1377395431,391.0
719,1377395436,396.0
719,1377395441,398.0
719,1377395446,393.0
719,1377395451,391.0
719,1377395456,387.0
719,1377395461,390.0
719,1377395466,392.0
719,1377395471,392.0
719,1377395476,396.0
719,1377395481,398.0
719,1377395486,401.0
719,1377395491,401.0
719,1377395496,397.0
719,1377395501,400.0
719,1377395506,400.0
719,1377395511,391.0
719,1377395516,396.0
719,1377395521,398.0
719,1377395526,398.0
719,1377395531,396.0
719,1377395536,401.0
719,1377395541,400.0
719,1377395546,393.0
719,1377395551,396.0
719,1377395556,395.0
719,1377395563,396.0
719,1377395566,398.0
719,1377395571,398.0
719,1377395576,396.0
719,1377395581,391.0
719,1377395586,393.0
719,1377395591,393.0
719,1377395596,398.0
719,1377395601,396.0
719,1377395606,393.0
719,1377395611,398.0
719,1377395616,391.0
719,1377395621,395.0
719,1377395626,396.0
719,1377395632,397.0
719,1377395636,403.0
719,1377395641,404.0
719,1377395646,401.0
719,1377395651,401.0
719,1377395656,401.0
719,1377395661,404.0
719,1377395666,408.0
719,1377395671,412.0
719,1377395676,408.0
719,1377395681,404.0
719,1377395686,396.0
719,1377395691,401.0
719,1377395696,396.0
719,1377395701,391.0
719,1377395706,395.0
719,1377395711,396.0
719,1377395716,406.0
719,1377395721,399.0
719,1377395727,403.0
719,1377395731,401.0
719,1377395736,397.0
719,1377395742,401.0
719,1377395746,398.0
719,1377395751,399.0
719,1377395756,403.0
719,1377395761,406.0
719,1377395766,397.0
719,1377395771,398.0
719,1377395776,398.0
719,1377395781,393.0
719,1377395786,390.0
719,1377395791,390.0
719,1377395796,393.0
719,1377395801,392.0
719,1377395806,391.0
719,1377395811,393.0
719,1377395816,396.0
719,1377395821,387.0
719,1377395826,383.0
719,1377395831,385.0
719,1377395836,385.0
719,1377395841,387.0
719,1377395846,390.0
719,1377395851,383.0
719,1377395856,383.0
719,1377395861,393.0
719,1377395866,393.0
719,1377395871,395.0
719,1377395876,401.0
719,1377395882,401.0
719,1377395886,403.0
719,1377395891,398.0
719,1377395896,398.0
719,1377395901,390.0
719,1377395906,390.0
719,1377395911,385.0
719,1377395916,385.0
719,1377395921,387.0
719,1377395926,390.0
719,1377395931,391.0
719,1377395936,396.0
719,1377395942,393.0
719,1377395946,392.0
719,1377395951,392.0
719,1377395956,391.0
719,1377395961,401.0
719,1377395966,406.0
719,1377395971,411.0
719,1377395976,418.0
719,1377395981,407.0
719,1377395986,403.0
719,1377395991,397.0
719,1377395996,396.0
719,1377396001,391.0
719,1377396006,396.0
719,1377396011,390.0
719,1377396016,390.0
719,1377396021,391.0
719,1377396026,396.0
719,1377396031,401.0
719,1377396036,401.0
719,1377396041,401.0
719,1377396046,403.0
719,1377396051,401.0
719,1377396056,403.0
719,1377396061,402.0
719,1377396066,404.0
719,1377396071,402.0
719,1377396076,404.0
719,1377396081,404.0
719,1377396086,403.0
719,1377396091,401.0
719,1377396096,403.0
719,1377396101,404.0
719,1377396106,406.0
719,1377396111,398.0
719,1377396116,398.0
719,1377396121,400.0
719,1377396126,398.0
719,1377396131,396.0
719,1377396136,391.0
719,1377396141,398.0
719,1377396146,396.0
719,1377396151,397.0
719,1377396156,393.0
719,1377396161,398.0
719,1377396166,406.0
719,1377396171,398.0
719,1377396176,398.0
719,1377396181,398.0
719,1377396187,393.0
719,1377396191,392.0
719,1377396196,390.0
719,1377396201,385.0
719,1377396206,390.0
719,1377396211,394.0
719,1377396216,393.0
719,1377396221,391.0
719,1377396226,400.0
719,1377396231,398.0
719,1377396236,398.0
719,1377396241,397.0
719,1377396246,395.0
719,1377396251,391.0
719,1377396256,390.0
719,1377396261,392.0
719,1377396266,393.0
719,1377396271,398.0
719,1377396276,403.0
719,1377396281,399.0
719,1377396286,398.0
719,1377396291,398.0
719,1377396296,395.0
719,1377396301,397.0
719,1377396306,404.0
719,1377396311,406.0
719,1377396316,411.0
719,1377396321,407.0
719,1377396326,412.0
719,1377396331,406.0
719,1377396336,404.0
719,1377396341,401.0
719,1377396346,401.0
719,1377396351,397.0
719,1377396356,398.0
719,1377396361,397.0
719,1377396366,396.0
719,1377396371,391.0
719,1377396376,398.0
719,1377396381,393.0
719,1377396386,396.0
719,1377396391,396.0
719,1377396396,398.0
719,1377396401,391.0
719,1377396406,398.0
719,1377396411,390.0
719,1377396416,391.0
719,1377396423,392.0
719,1377396426,388.0
719,1377396431,398.0
719,1377396436,398.0
719,1377396441,397.0
719,1377396446,395.0
719,1377396451,396.0
719,1377396456,400.0
719,1377396461,398.0
719,1377396466,395.0
719,1377396471,392.0
719,1377396476,389.0
719,1377396481,385.0
719,1377396486,383.0
719,1377396491,392.0
719,1377396496,391.0
719,1377396501,391.0
719,1377396506,401.0
719,1377396511,401.0
719,1377396516,401.0
719,1377396521,402.0
719,1377396526,403.0
719,1377396531,401.0
719,1377396536,403.0
719,1377396541,401.0
719,1377396546,403.0
719,1377396551,398.0
719,1377396556,403.0
719,1377396561,404.0
719,1377396566,409.0
719,1377396571,406.0
719,1377396576,412.0
719,1377396582,403.0
719,1377396586,403.0
719,1377396591,396.0
719,1377396596,398.0
719,1377396601,396.0
719,1377396606,392.0
719,1377396611,390.0
719,1377396616,393.0
719,1377396621,395.0
719,1377396627,391.0
719,1377396631,395.0
719,1377396636,393.0
719,1377396641,393.0
719,1377396646,391.0
719,1377396651,396.0
719,1377396656,398.0
719,1377396661,395.0
719,1377396666,401.0
719,1377396671,406.0
719,1377396676,399.0
719,1377396681,403.0
719,1377396686,404.0
719,1377396691,406.0
719,1377396696,399.0
719,1377396701,401.0
719,1377396706,401.0
719,1377396716,398.0
719,1377396721,396.0
719,1377396726,391.0
719,1377396731,391.0
719,1377396736,388.0
719,1377396742,383.0
719,1377396746,385.0
719,1377396751,390.0
719,1377396756,393.0
719,1377396761,395.0
719,1377396766,398.0
719,1377396771,398.0
719,1377396776,404.0
719,1377396781,407.0
719,1377396786,418.0
719,1377396791,411.0
719,1377396796,413.0
719,1377396801,407.0
719,1377396806,403.0
719,1377396811,403.0
719,1377396816,398.0
719,1377396821,403.0
719,1377396826,398.0
719,1377396831,398.0
719,1377396836,398.0
719,1377396841,403.0
719,1377396846,401.0
719,1377396851,398.0
719,1377396856,398.0
719,1377396861,404.0
719,1377396866,408.0
719,1377396871,409.0
719,1377396876,422.0
719,1377396881,417.0
719,1377396886,416.0
719,1377396891,409.0
719,1377396896,406.0
719,1377396901,406.0
719,1377396906,401.0
719,1377396911,401.0
719,1377396916,396.0
719,1377396921,398.0
719,1377396926,387.0
719,1377396931,390.0
719,1377396936,382.0
719,1377396941,390.0
719,1377396946,392.0
719,1377396951,398.0
719,1377396956,404.0
719,1377396961,403.0
719,1377396966,397.0
719,1377396971,404.0
719,1377396976,401.0
719,1377396981,403.0
719,1377396986,401.0
719,1377396991,407.0
719,1377396996,399.0
719,1377397001,401.0
719,1377397006,403.0
719,1377397011,403.0
719,1377397016,402.0
719,1377397021,398.0
719,1377397026,399.0
719,1377397031,398.0
719,1377397036,400.0
719,1377397041,391.0
719,1377397046,391.0
719,1377397052,395.0
719,1377397056,393.0
719,1377397061,390.0
719,1377397066,390.0
719,1377397071,387.0
719,1377397076,393.0
719,1377397081,398.0
719,1377397086,396.0
719,1377397091,401.0
719,1377397096,403.0
719,1377397101,408.0
719,1377397106,410.0
719,1377397111,412.0
719,1377397116,414.0
719,1377397122,401.0
719,1377397126,401.0
719,1377397131,401.0
719,1377397136,401.0
719,1377397141,398.0
719,1377397146,403.0
719,1377397151,401.0
719,1377397156,395.0
719,1377397161,398.0
719,1377397166,393.0
719,1377397171,398.0
719,1377397176,391.0
719,1377397181,396.0
719,1377397186,393.0
719,1377397191,395.0
719,1377397196,396.0
719,1377397201,397.0
719,1377397206,387.0
719,1377397211,387.0
719,1377397216,387.0
719,1377397221,390.0
719,1377397226,387.0
719,1377397231,393.0
719,1377397236,390.0
719,1377397241,383.0
719,1377397246,390.0
719,1377397251,391.0
719,1377397256,390.0
719,1377397261,387.0
719,1377397266,388.0
719,1377397271,388.0
719,1377397276,390.0
719,1377397281,391.0
719,1377397286,396.0
719,1377397291,406.0
719,1377397296,408.0
719,1377397301,403.0
719,1377397306,407.0
719,1377397311,403.0
719,1377397318,403.0
719,1377397321,397.0
719,1377397326,397.0
719,1377397331,393.0
719,1377397336,398.0
719,1377397341,391.0
719,1377397346,395.0
719,1377397351,399.0
719,1377397356,396.0
719,1377397361,396.0
719,1377397366,393.0
719,1377397371,395.0
719,1377397376,395.0
719,1377397381,402.0
719,1377397386,404.0
719,1377397391,406.0
719,1377397396,404.0
719,1377397401,401.0
719,1377397406,398.0
719,1377397411,393.0
719,1377397416,396.0
719,1377397421,404.0
719,1377397426,398.0
719,1377397431,398.0
719,1377397436,392.0
719,1377397441,385.0
719,1377397446,383.0
719,1377397451,385.0
719,1377397456,390.0
719,1377397461,388.0
719,1377397466,396.0
719,1377397471,398.0
719,1377397476,401.0
719,1377397481,403.0
719,1377397486,401.0
719,1377397491,398.0
719,1377397496,402.0
719,1377397501,398.0
719,1377397506,397.0
719,1377397511,408.0
719,1377397516,403.0
719,1377397521,403.0
719,1377397526,401.0
719,1377397531,400.0
719,1377397536,395.0
719,1377397541,398.0
719,1377397546,396.0
719,1377397551,398.0
719,1377397556,401.0
719,1377397561,395.0
719,1377397566,398.0
719,1377397571,398.0
719,1377397576,397.0
719,1377397581,395.0
719,1377397586,398.0
719,1377397591,398.0
719,1377397596,404.0
719,1377397601,398.0
719,1377397606,401.0
719,1377397611,397.0
719,1377397616,396.0
719,1377397621,393.0
719,1377397626,392.0
719,1377397631,393.0
719,1377397636,397.0
719,1377397641,403.0
719,1377397646,404.0
719,1377397651,397.0
719,1377397656,397.0
719,1377397661,403.0
719,1377397666,401.0
719,1377397671,404.0
719,1377397676,401.0
719,1377397681,396.0
719,1377397686,398.0
719,1377397691,395.0
719,1377397696,398.0
719,1377397701,400.0
719,1377397706,397.0
719,1377397711,397.0
719,1377397716,404.0
719,1377397721,401.0
719,1377397726,401.0
719,1377397731,401.0
719,1377397736,397.0
719,1377397741,395.0
719,1377397746,393.0
719,1377397751,390.0
719,1377397756,385.0
719,1377397761,384.0
719,1377397766,388.0
719,1377397771,390.0
719,1377397776,393.0
719,1377397781,398.0
719,1377397786,401.0
719,1377397791,396.0
719,1377397796,395.0
719,1377397801,391.0
719,1377397806,398.0
719,1377397811,398.0
719,1377397816,403.0
719,1377397821,403.0
719,1377397826,403.0
719,1377397831,395.0
719,1377397836,397.0
719,1377397841,391.0
719,1377397846,391.0
719,1377397851,390.0
719,1377397856,392.0
719,1377397861,390.0
719,1377397866,393.0
719,1377397871,388.0
719,1377397876,393.0
719,1377397881,392.0
719,1377397886,396.0
719,1377397891,398.0
719,1377397896,398.0
719,1377397901,398.0
719,1377397906,393.0
719,1377397911,396.0
719,1377397916,385.0
719,1377397921,387.0
719,1377397926,390.0
719,1377397931,392.0
719,1377397936,393.0
719,1377397941,397.0
719,1377397946,391.0
719,1377397951,400.0
719,1377397956,392.0
719,1377397961,390.0
719,1377397966,392.0
719,1377397971,388.0
719,1377397976,383.0
719,1377397981,387.0
719,1377397986,390.0
719,1377397991,385.0
719,1377397996,383.0
719,1377398001,388.0
719,1377398006,385.0
719,1377398011,390.0
719,1377398016,391.0
719,1377398021,392.0
719,1377398026,393.0
719,1377398031,391.0
719,1377398036,403.0
719,1377398041,401.0
719,1377398046,408.0
719,1377398051,406.0
719,1377398056,409.0
719,1377398061,401.0
719,1377398066,403.0
719,1377398071,398.0
719,1377398076,395.0
719,1377398081,390.0
719,1377398086,388.0
719,1377398091,392.0
719,1377398096,387.0
719,1377398101,392.0
719,1377398106,385.0
719,1377398111,383.0
719,1377398116,383.0
719,1377398121,382.0
719,1377398126,390.0
719,1377398131,387.0
719,1377398136,390.0
719,1377398141,390.0
719,1377398146,388.0
719,1377398151,385.0
719,1377398156,384.0
719,1377398161,388.0
719,1377398166,388.0
719,1377398171,388.0
719,1377398176,388.0
719,1377398181,391.0
719,1377398186,393.0
719,1377398191,401.0
719,1377398196,405.0
719,1377398201,408.0
719,1377398206,403.0
719,1377398211,402.0
719,1377398216,398.0
719,1377398221,401.0
719,1377398226,400.0
719,1377398231,396.0
719,1377398236,390.0
719,1377398241,390.0
719,1377398246,390.0
719,1377398251,387.0
719,1377398256,392.0
719,1377398261,393.0
719,1377398266,391.0
719,1377398271,391.0
719,1377398276,396.0
719,1377398281,395.0
719,1377398286,393.0
719,1377398291,390.0
719,1377398296,393.0
719,1377398301,392.0
719,1377398306,398.0
719,1377398311,396.0
719,1377398316,401.0
719,1377398321,400.0
719,1377398326,400.0
719,1377398331,398.0
719,1377398336,396.0
719,1377398341,393.0
719,1377398346,393.0
719,1377398351,392.0
719,1377398356,393.0
719,1377398361,393.0
719,1377398366,390.0
719,1377398371,387.0
719,1377398376,383.0
719,1377398381,388.0
719,1377398386,385.0
719,1377398391,388.0
719,1377398396,383.0
719,1377398401,384.0
719,1377398406,384.0
719,1377398411,383.0
719,1377398416,391.0
719,1377398421,393.0
719,1377398426,398.0
719,1377398431,399.0
719,1377398436,397.0
719,1377398441,403.0
719,1377398446,406.0
719,1377398451,407.0
719,1377398456,404.0
719,1377398461,401.0
719,1377398466,403.0
719,1377398471,402.0
719,1377398476,401.0
719,1377398481,402.0
719,1377398486,406.0
719,1377398491,414.0
719,1377398496,403.0
719,1377398501,404.0
719,1377398506,404.0
719,1377398511,408.0
719,1377398516,408.0
719,1377398521,406.0
719,1377398526,404.0
719,1377398531,404.0
719,1377398536,403.0
719,1377398541,403.0
719,1377398546,407.0
719,1377398551,403.0
719,1377398556,403.0
719,1377398561,402.0
719,1377398566,396.0
719,1377398571,390.0
719,1377398576,387.0
719,1377398581,390.0
719,1377398586,392.0
719,1377398591,392.0
719,1377398596,391.0
719,1377398601,393.0
719,1377398606,391.0
719,1377398611,391.0
719,1377398616,387.0
719,1377398621,390.0
719,1377398626,390.0
719,1377398631,383.0
719,1377398636,396.0
719,1377398641,398.0
719,1377398646,401.0
719,1377398651,408.0
719,1377398656,404.0
719,1377398661,403.0
719,1377398666,401.0
719,1377398671,404.0
719,1377398676,406.0
719,1377398681,412.0
719,1377398686,407.0
719,1377398691,404.0
719,1377398696,396.0
719,1377398701,396.0
719,1377398706,385.0
719,1377398711,388.0
719,1377398716,388.0
719,1377398721,393.0
719,1377398726,393.0
719,1377398731,391.0
719,1377398736,391.0
719,1377398741,396.0
719,1377398746,396.0
719,1377398751,391.0
719,1377398756,390.0
719,1377398761,385.0
719,1377398766,383.0
719,1377398771,390.0
719,1377398776,385.0
719,1377398781,383.0
719,1377398786,388.0
719,1377398791,392.0
719,1377398796,396.0
719,1377398801,401.0
719,1377398806,403.0
719,1377398811,401.0
719,1377398816,401.0
719,1377398821,404.0
719,1377398826,404.0
719,1377398831,399.0
719,1377398836,398.0
719,1377398841,391.0
719,1377398846,398.0
719,1377398851,390.0
719,1377398856,398.0
719,1377398861,401.0
719,1377398866,398.0
719,1377398871,396.0
719,1377398876,396.0
719,1377398881,393.0
719,1377398886,396.0
719,1377398891,392.0
719,1377398896,395.0
719,1377398901,395.0
719,1377398906,400.0
719,1377398911,400.0
719,1377398916,396.0
719,1377398921,391.0
719,1377398926,392.0
719,1377398931,390.0
719,1377398936,383.0
719,1377398941,392.0
719,1377398946,391.0
719,1377398951,395.0
719,1377398956,393.0
719,1377398961,398.0
719,1377398966,395.0
719,1377398971,391.0
719,1377398976,396.0
719,1377398981,387.0
719,1377398986,398.0
719,1377398991,392.0
719,1377398996,392.0
719,1377399001,393.0
719,1377399006,392.0
719,1377399011,396.0
719,1377399016,401.0
719,1377399021,406.0
719,1377399026,404.0
719,1377399031,406.0
719,1377399036,398.0
719,1377399041,393.0
719,1377399046,398.0
719,1377399051,392.0
719,1377399056,390.0
719,1377399061,390.0
719,1377399066,388.0
719,1377399071,382.0
719,1377399076,384.0
719,1377399081,379.0
719,1377399086,388.0
719,1377399091,391.0
719,1377399096,403.0
719,1377399101,408.0
719,1377399106,408.0
719,1377399111,398.0
719,1377399116,400.0
719,1377399121,396.0
719,1377399126,395.0
719,1377399131,398.0
719,1377399136,401.0
719,1377399141,395.0
719,1377399146,393.0
719,1377399151,392.0
719,1377399156,393.0
719,1377399161,393.0
719,1377399166,392.0
719,1377399171,391.0
719,1377399176,396.0
719,1377399181,403.0
719,1377399186,401.0
719,1377399191,398.0
719,1377399196,390.0
719,1377399201,390.0
719,1377399206,385.0
719,1377399212,390.0
719,1377399216,388.0
719,1377399221,393.0
719,1377399226,395.0
719,1377399231,401.0
719,1377399236,401.0
719,1377399241,406.0
719,1377399246,403.0
719,1377399251,398.0
719,1377399256,396.0
719,1377399261,395.0
719,1377399266,396.0
719,1377399271,398.0
719,1377399276,395.0
719,1377399281,398.0
719,1377399286,398.0
719,1377399291,398.0
719,1377399296,403.0
719,1377399301,407.0
719,1377399306,412.0
719,1377399311,403.0
719,1377399316,401.0
719,1377399321,395.0
719,1377399326,393.0
719,1377399331,390.0
719,1377399336,398.0
719,1377399341,393.0
719,1377399346,393.0
719,1377399351,398.0
719,1377399356,390.0
719,1377399361,392.0
719,1377399366,391.0
719,1377399371,388.0
719,1377399376,390.0
719,1377399381,395.0
719,1377399386,400.0
719,1377399391,404.0
719,1377399396,398.0
719,1377399401,401.0
719,1377399406,395.0
719,1377399411,393.0
719,1377399416,397.0
719,1377399421,397.0
719,1377399426,400.0
719,1377399431,398.0
719,1377399436,395.0
719,1377399441,391.0
719,1377399446,395.0
719,1377399451,395.0
719,1377399456,396.0
719,1377399461,403.0
719,1377399466,398.0
719,1377399471,393.0
719,1377399476,393.0
719,1377399481,390.0
719,1377399486,398.0
719,1377399491,395.0
719,1377399496,398.0
719,1377399501,400.0
719,1377399506,406.0
719,1377399511,398.0
719,1377399516,402.0
719,1377399521,398.0
719,1377399526,403.0
719,1377399531,398.0
719,1377399536,401.0
719,1377399541,402.0
719,1377399546,404.0
719,1377399551,403.0
719,1377399556,401.0
719,1377399561,401.0
719,1377399566,398.0
719,1377399571,398.0
719,1377399576,398.0
719,1377399581,398.0
719,1377399586,406.0
719,1377399591,391.0
719,1377399596,391.0
719,1377399601,396.0
719,1377399606,391.0
719,1377399611,398.0
719,1377399616,395.0
719,1377399621,396.0
719,1377399626,396.0
719,1377399631,392.0
719,1377399636,387.0
719,1377399641,387.0
719,1377399646,390.0
719,1377399651,387.0
719,1377399656,398.0
719,1377399661,390.0
719,1377399666,396.0
719,1377399671,397.0
719,1377399676,398.0
719,1377399681,396.0
719,1377399686,387.0
719,1377399691,383.0
719,1377399696,385.0
719,1377399701,383.0
719,1377399706,390.0
719,1377399711,396.0
719,1377399716,396.0
719,1377399721,391.0
719,1377399726,396.0
719,1377399731,395.0
719,1377399736,396.0
719,1377399741,398.0
719,1377399746,398.0
719,1377399751,401.0
719,1377399756,397.0
719,1377399761,396.0
719,1377399766,393.0
719,1377399771,398.0
719,1377399776,401.0
719,1377399781,398.0
719,1377399786,408.0
719,1377399791,404.0
719,1377399796,408.0
719,1377399801,401.0
719,1377399806,399.0
719,1377399811,401.0
719,1377399816,396.0
719,1377399821,391.0
719,1377399826,396.0
719,1377399831,395.0
719,1377399836,398.0
719,1377399841,398.0
719,1377399846,391.0
719,1377399851,393.0
719,1377399856,398.0
719,1377399861,392.0
719,1377399866,392.0
719,1377399871,392.0
719,1377399876,399.0
719,1377399881,398.0
719,1377399886,406.0
719,1377399891,401.0
719,1377399896,391.0
719,1377399901,393.0
719,1377399906,396.0
719,1377399911,400.0
719,1377399916,398.0
719,1377399921,397.0
719,1377399926,406.0
719,1377399931,397.0
719,1377399936,398.0
719,1377399941,397.0
719,1377399946,398.0
719,1377399951,403.0
719,1377399956,403.0
719,1377399961,407.0
719,1377399966,404.0
719,1377399971,404.0
719,1377399976,400.0
719,1377399981,398.0
719,1377399986,396.0
719,1377399991,397.0
719,1377399996,397.0
719,1377400001,397.0
719,1377400006,401.0
719,1377400011,396.0
719,1377400016,390.0
719,1377400021,387.0
719,1377400026,385.0
719,1377400031,385.0
719,1377400036,387.0
719,1377400041,398.0
719,1377400046,400.0
719,1377400051,401.0
719,1377400056,406.0
719,1377400061,398.0
719,1377400066,396.0
719,1377400071,396.0
719,1377400076,402.0
719,1377400081,402.0
719,1377400086,404.0
719,1377400091,398.0
719,1377400096,397.0
719,1377400101,399.0
719,1377400106,401.0
719,1377400111,398.0
719,1377400116,400.0
719,1377400121,398.0
719,1377400126,391.0
719,1377400131,391.0
719,1377400136,398.0
719,1377400141,398.0
719,1377400146,397.0
719,1377400151,398.0
719,1377400156,408.0
719,1377400161,407.0
719,1377400166,404.0
719,1377400171,408.0
719,1377400176,398.0
719,1377400181,391.0
719,1377400186,392.0
719,1377400191,391.0
719,1377400196,393.0
719,1377400201,398.0
719,1377400206,396.0
719,1377400211,398.0
719,1377400216,395.0
719,1377400221,391.0
719,1377400226,396.0
719,1377400231,393.0
719,1377400236,397.0
719,1377400241,397.0
719,1377400246,406.0
719,1377400251,406.0
719,1377400256,401.0
719,1377400261,401.0
719,1377400266,396.0
719,1377400271,393.0
719,1377400276,392.0
719,1377400281,392.0
719,1377400286,396.0
719,1377400291,393.0
719,1377400296,391.0
719,1377400301,395.0
719,1377400306,390.0
719,1377400311,393.0
719,1377400316,393.0
719,1377400321,406.0
719,1377400326,408.0
719,1377400331,413.0
719,1377400336,415.0
719,1377400341,408.0
719,1377400346,406.0
719,1377400351,393.0
719,1377400356,391.0
719,1377400361,391.0
719,1377400366,395.0
719,1377400371,396.0
719,1377400376,393.0
719,1377400381,392.0
719,1377400386,390.0
719,1377400391,385.0
719,1377400396,383.0
719,1377400401,385.0
719,1377400406,387.0
719,1377400411,383.0
719,1377400416,392.0
719,1377400421,398.0
719,1377400426,401.0
719,1377400431,398.0
719,1377400436,397.0
719,1377400441,397.0
719,1377400446,396.0
719,1377400451,396.0
719,1377400456,400.0
719,1377400461,403.0
719,1377400466,404.0
719,1377400471,406.0
719,1377400476,400.0
719,1377400481,396.0
719,1377400486,394.0
719,1377400491,391.0
719,1377400496,393.0
719,1377400501,398.0
719,1377400506,391.0
719,1377400511,395.0
719,1377400516,398.0
719,1377400521,398.0
719,1377400526,396.0
719,1377400531,391.0
719,1377400536,398.0
719,1377400541,393.0
719,1377400546,397.0
719,1377400551,395.0
719,1377400556,399.0
719,1377400561,398.0
719,1377400566,398.0
719,1377400571,395.0
719,1377400576,396.0
719,1377400581,395.0
719,1377400586,401.0
719,1377400591,397.0
719,1377400596,398.0
719,1377400601,400.0
719,1377400606,401.0
719,1377400611,395.0
719,1377400616,393.0
719,1377400621,396.0
719,1377400626,390.0
719,1377400631,390.0
719,1377400636,387.0
719,1377400641,391.0
719,1377400646,398.0
719,1377400651,401.0
719,1377400656,401.0
719,1377400661,401.0
719,1377400666,391.0
719,1377400671,395.0
719,1377400676,390.0
719,1377400681,391.0
719,1377400686,395.0
719,1377400691,403.0
719,1377400696,406.0
719,1377400701,401.0
719,1377400706,400.0
719,1377400711,398.0
719,1377400716,390.0
719,1377400721,392.0
719,1377400726,398.0
719,1377400731,400.0
719,1377400736,401.0
719,1377400741,406.0
719,1377400746,401.0
719,1377400751,393.0
719,1377400756,391.0
719,1377400761,383.0
719,1377400766,385.0
719,1377400771,392.0
719,1377400776,396.0
719,1377400781,395.0
719,1377400786,396.0
719,1377400791,391.0
719,1377400796,390.0
719,1377400801,382.0
719,1377400806,379.0
719,1377400811,382.0
719,1377400816,383.0
719,1377400821,383.0
719,1377400826,390.0
719,1377400831,388.0
719,1377400836,392.0
719,1377400841,401.0
719,1377400846,401.0
719,1377400851,404.0
719,1377400856,406.0
719,1377400861,401.0
719,1377400866,403.0
719,1377400871,398.0
719,1377400876,396.0
719,1377400881,398.0
719,1377400886,390.0
719,1377400891,393.0
719,1377400896,391.0
719,1377400901,392.0
719,1377400906,393.0
719,1377400911,396.0
719,1377400916,393.0
719,1377400921,396.0
719,1377400926,390.0
719,1377400931,387.0
719,1377400936,392.0
719,1377400941,396.0
719,1377400946,391.0
719,1377400951,398.0
719,1377400956,398.0
719,1377400961,400.0
719,1377400966,398.0
719,1377400971,396.0
719,1377400976,398.0
719,1377400981,391.0
719,1377400986,392.0
719,1377400991,387.0
719,1377400996,390.0
719,1377401001,387.0
719,1377401006,391.0
719,1377401011,396.0
719,1377401016,396.0
719,1377401021,398.0
719,1377401026,391.0
719,1377401031,396.0
719,1377401036,398.0
719,1377401041,396.0
719,1377401046,396.0
719,1377401051,397.0
719,1377401056,403.0
719,1377401061,409.0
719,1377401066,411.0
719,1377401071,409.0
719,1377401076,416.0
719,1377401081,401.0
719,1377401086,396.0
719,1377401091,400.0
719,1377401096,398.0
719,1377401101,401.0
719,1377401106,398.0
719,1377401111,393.0
719,1377401116,392.0
719,1377401121,392.0
719,1377401126,391.0
719,1377401131,390.0
719,1377401136,396.0
719,1377401141,396.0
719,1377401146,393.0
719,1377401151,393.0
719,1377401156,397.0
719,1377401161,403.0
719,1377401166,412.0
719,1377401171,412.0
719,1377401176,403.0
719,1377401181,396.0
719,1377401186,390.0
719,1377401191,375.0
719,1377401196,375.0
719,1377401201,381.0
719,1377401206,390.0
719,1377401211,388.0
719,1377401216,383.0
719,1377401221,383.0
719,1377401226,390.0
719,1377401231,391.0
719,1377401236,401.0
719,1377401241,401.0
719,1377401246,401.0
719,1377401251,399.0
719,1377401256,404.0
719,1377401261,402.0
719,1377401266,391.0
719,1377401271,391.0
719,1377401276,395.0
719,1377401281,398.0
719,1377401286,396.0
719,1377401291,395.0
719,1377401296,398.0
719,1377401301,390.0
719,1377401306,393.0
719,1377401311,393.0
719,1377401316,395.0
719,1377401321,403.0
719,1377401326,403.0
719,1377401331,401.0
719,1377401336,401.0
719,1377401341,404.0
719,1377401346,401.0
719,1377401351,401.0
719,1377401356,395.0
719,1377401361,391.0
719,1377401366,388.0
719,1377401371,388.0
719,1377401376,385.0
719,1377401381,391.0
719,1377401386,395.0
719,1377401391,401.0
719,1377401396,406.0
719,1377401401,416.0
719,1377401406,404.0
719,1377401411,401.0
719,1377401416,390.0
719,1377401421,392.0
719,1377401426,390.0
719,1377401431,393.0
719,1377401436,390.0
719,1377401441,390.0
719,1377401446,396.0
719,1377401451,396.0
719,1377401456,398.0
719,1377401461,398.0
719,1377401466,396.0
719,1377401471,408.0
719,1377401476,401.0
719,1377401481,403.0
719,1377401486,402.0
719,1377401491,398.0
719,1377401496,400.0
719,1377401501,398.0
719,1377401506,393.0
719,1377401511,391.0
719,1377401516,388.0
719,1377401521,385.0
719,1377401526,385.0
719,1377401531,379.0
719,1377401536,382.0
719,1377401541,377.0
719,1377401546,380.0
719,1377401551,380.0
719,1377401556,384.0
719,1377401561,385.0
719,1377401566,388.0
719,1377401571,388.0
719,1377401576,398.0
719,1377401581,388.0
719,1377401586,390.0
719,1377401591,385.0
719,1377401596,398.0
719,1377401601,393.0
719,1377401606,390.0
719,1377401611,391.0
719,1377401616,393.0
719,1377401621,383.0
719,1377401626,382.0
719,1377401631,382.0
719,1377401636,375.0
719,1377401641,383.0
719,1377401646,388.0
719,1377401651,392.0
719,1377401656,383.0
719,1377401661,390.0
719,1377401666,385.0
719,1377401671,388.0
719,1377401676,388.0
719,1377401681,390.0
719,1377401686,396.0
719,1377401691,397.0
719,1377401697,396.0
719,1377401701,401.0
719,1377401706,396.0
719,1377401711,396.0
719,1377401716,388.0
719,1377401721,385.0
719,1377401726,382.0
719,1377401731,390.0
719,1377401736,388.0
719,1377401741,391.0
719,1377401746,403.0
719,1377401751,401.0
719,1377401756,401.0
719,1377401761,398.0
719,1377401766,389.0
719,1377401771,385.0
719,1377401776,388.0
719,1377401781,391.0
719,1377401786,391.0
719,1377401791,390.0
719,1377401796,391.0
719,1377401801,387.0
719,1377401806,396.0
719,1377401811,396.0
719,1377401816,403.0
719,1377401821,403.0
719,1377401826,403.0
719,1377401831,393.0
719,1377401836,396.0
719,1377401841,385.0
719,1377401846,385.0
719,1377401851,385.0
719,1377401856,385.0
719,1377401861,383.0
719,1377401866,390.0
719,1377401871,393.0
719,1377401876,396.0
719,1377401881,396.0
719,1377401886,391.0
719,1377401891,393.0
719,1377401896,390.0
719,1377401901,391.0
719,1377401906,396.0
719,1377401911,396.0
719,1377401916,396.0
719,1377401921,396.0
719,1377401926,397.0
719,1377401931,399.0
719,1377401936,401.0
719,1377401941,403.0
719,1377401946,398.0
719,1377401951,400.0
719,1377401956,392.0
719,1377401961,383.0
719,1377401966,388.0
719,1377401971,391.0
719,1377401976,387.0
719,1377401981,387.0
719,1377401986,383.0
719,1377401991,385.0
719,1377401996,385.0
719,1377402001,387.0
719,1377402006,392.0
719,1377402011,398.0
719,1377402016,393.0
719,1377402021,397.0
719,1377402026,403.0
719,1377402031,401.0
719,1377402036,398.0
719,1377402041,396.0
719,1377402046,395.0
719,1377402051,392.0
719,1377402056,390.0
719,1377402061,390.0
719,1377402066,385.0
719,1377402071,384.0
719,1377402076,383.0
719,1377402081,390.0
719,1377402086,383.0
719,1377402091,388.0
719,1377402096,392.0
719,1377402101,387.0
719,1377402106,393.0
719,1377402111,391.0
719,1377402116,395.0
719,1377402121,399.0
719,1377402126,401.0
719,1377402131,406.0
719,1377402136,398.0
719,1377402141,401.0
719,1377402146,393.0
719,1377402151,395.0
719,1377402156,392.0
719,1377402161,387.0
719,1377402166,396.0
719,1377402171,406.0
719,1377402176,409.0
719,1377402181,414.0
719,1377402186,403.0
719,1377402191,404.0
719,1377402196,396.0
719,1377402201,393.0
719,1377402206,387.0
719,1377402211,391.0
719,1377402216,391.0
719,1377402221,396.0
719,1377402226,388.0
719,1377402231,385.0
719,1377402236,384.0
719,1377402241,385.0
719,1377402246,379.0
719,1377402251,385.0
719,1377402256,384.0
719,1377402261,390.0
719,1377402266,391.0
719,1377402271,403.0
719,1377402276,407.0
719,1377402281,408.0
719,1377402286,406.0
719,1377402291,401.0
719,1377402296,396.0
719,1377402301,383.0
719,1377402306,388.0
719,1377402311,383.0
719,1377402316,388.0
719,1377402321,388.0
719,1377402326,390.0
719,1377402331,390.0
719,1377402336,388.0
719,1377402341,389.0
719,1377402346,391.0
719,1377402351,402.0
719,1377402356,406.0
719,1377402361,408.0
719,1377402366,403.0
719,1377402371,399.0
719,1377402376,397.0
719,1377402381,397.0
719,1377402386,401.0
719,1377402391,396.0
719,1377402396,398.0
719,1377402401,395.0
719,1377402406,391.0
719,1377402411,393.0
719,1377402416,398.0
719,1377402421,401.0
719,1377402426,402.0
719,1377402431,400.0
719,1377402436,392.0
719,1377402441,385.0
719,1377402446,382.0
719,1377402451,382.0
719,1377402456,387.0
719,1377402461,396.0
719,1377402466,391.0
719,1377402471,393.0
719,1377402476,387.0
719,1377402481,384.0
719,1377402486,382.0
719,1377402491,384.0
719,1377402496,383.0
719,1377402501,385.0
719,1377402506,382.0
719,1377402511,384.0
719,1377402516,375.0
719,1377402521,382.0
719,1377402526,379.0
719,1377402531,384.0
719,1377402536,382.0
719,1377402541,388.0
719,1377402546,383.0
719,1377402551,390.0
719,1377402556,398.0
719,1377402561,387.0
719,1377402566,385.0
719,1377402571,385.0
719,1377402576,388.0
719,1377402581,391.0
719,1377402586,387.0
719,1377402591,383.0
719,1377402596,385.0
719,1377402601,384.0
719,1377402606,383.0
719,1377402611,388.0
719,1377402616,390.0
719,1377402621,391.0
719,1377402626,391.0
719,1377402631,392.0
719,1377402636,387.0
719,1377402641,390.0
719,1377402646,393.0
719,1377402651,396.0
719,1377402656,391.0
719,1377402661,396.0
719,1377402666,393.0
719,1377402671,396.0
719,1377402676,391.0
719,1377402681,390.0
719,1377402686,396.0
719,1377402691,398.0
719,1377402696,396.0
719,1377402701,398.0
719,1377402706,404.0
719,1377402711,408.0
719,1377402716,402.0
719,1377402721,400.0
719,1377402726,391.0
719,1377402731,391.0
719,1377402736,398.0
719,1377402741,395.0
719,1377402746,391.0
719,1377402751,398.0
719,1377402756,400.0
719,1377402761,395.0
719,1377402766,391.0
719,1377402771,393.0
719,1377402776,393.0
719,1377402781,396.0
719,1377402786,390.0
719,1377402791,391.0
719,1377402796,393.0
719,1377402801,401.0
719,1377402806,393.0
719,1377402811,387.0
719,1377402816,383.0
719,1377402821,380.0
719,1377402826,380.0
719,1377402831,379.0
719,1377402836,385.0
719,1377402841,391.0
719,1377402846,395.0
719,1377402851,401.0
719,1377402856,401.0
719,1377402861,401.0
719,1377402866,393.0
719,1377402871,390.0
719,1377402876,383.0
719,1377402881,383.0
719,1377402886,392.0
719,1377402891,392.0
719,1377402896,396.0
719,1377402901,393.0
719,1377402906,398.0
719,1377402911,391.0
719,1377402916,393.0
719,1377402921,385.0
719,1377402926,382.0
719,1377402931,384.0
719,1377402936,380.0
719,1377402941,384.0
719,1377402946,382.0
719,1377402951,392.0
719,1377402956,391.0
719,1377402961,396.0
719,1377402966,401.0
719,1377402971,398.0
719,1377402976,397.0
719,1377402981,390.0
719,1377402986,390.0
719,1377402991,392.0
719,1377402996,391.0
719,1377403001,390.0
719,1377403006,391.0
719,1377403011,390.0
719,1377403016,392.0
719,1377403021,392.0
719,1377403026,393.0
719,1377403031,391.0
719,1377403036,398.0
719,1377403041,391.0
719,1377403046,396.0
719,1377403051,390.0
719,1377403056,391.0
719,1377403061,395.0
719,1377403066,398.0
719,1377403071,395.0
719,1377403076,401.0
719,1377403081,398.0
719,1377403086,395.0
719,1377403091,392.0
719,1377403096,391.0
719,1377403101,395.0
719,1377403106,391.0
719,1377403111,393.0
719,1377403116,395.0
719,1377403121,392.0
719,1377403126,385.0
719,1377403131,388.0
719,1377403136,392.0
719,1377403141,396.0
719,1377403146,391.0
719,1377403151,398.0
719,1377403156,401.0
719,1377403161,403.0
719,1377403166,398.0
719,1377403171,398.0
719,1377403176,401.0
719,1377403181,401.0
719,1377403186,401.0
719,1377403191,416.0
719,1377403196,406.0
719,1377403201,408.0
719,1377403206,398.0
719,1377403211,401.0
719,1377403216,398.0
719,1377403221,391.0
719,1377403226,392.0
719,1377403231,391.0
719,1377403236,391.0
719,1377403241,391.0
719,1377403246,391.0
719,1377403251,398.0
719,1377403256,392.0
719,1377403261,388.0
719,1377403266,383.0
719,1377403271,387.0
719,1377403276,393.0
719,1377403281,391.0
719,1377403286,391.0
719,1377403291,396.0
719,1377403296,393.0
719,1377403301,393.0
719,1377403306,391.0
719,1377403311,398.0
719,1377403316,391.0
719,1377403321,395.0
719,1377403326,402.0
719,1377403331,397.0
719,1377403336,406.0
719,1377403341,401.0
719,1377403346,396.0
719,1377403351,396.0
719,1377403356,393.0
719,1377403361,393.0
719,1377403366,398.0
719,1377403371,398.0
719,1377403376,395.0
719,1377403381,393.0
719,1377403386,393.0
719,1377403391,390.0
719,1377403396,396.0
719,1377403401,391.0
719,1377403406,398.0
719,1377403411,398.0
719,1377403416,396.0
719,1377403421,401.0
719,1377403426,391.0
719,1377403431,393.0
719,1377403436,391.0
719,1377403441,393.0
719,1377403446,390.0
719,1377403451,393.0
719,1377403456,387.0
719,1377403461,388.0
719,1377403466,383.0
719,1377403471,383.0
719,1377403476,393.0
719,1377403481,398.0
719,1377403486,403.0
719,1377403491,398.0
719,1377403496,397.0
719,1377403501,397.0
719,1377403506,398.0
719,1377403511,393.0
719,1377403516,391.0
719,1377403521,395.0
719,1377403526,403.0
719,1377403531,401.0
719,1377403536,398.0
719,1377403541,391.0
719,1377403546,396.0
719,1377403551,391.0
719,1377403556,396.0
719,1377403561,395.0
719,1377403566,393.0
719,1377403571,393.0
719,1377403576,391.0
719,1377403581,388.0
719,1377403586,392.0
719,1377403591,393.0
719,1377403596,390.0
719,1377403601,393.0
719,1377403606,390.0
719,1377403611,392.0
719,1377403616,387.0
719,1377403621,391.0
719,1377403626,396.0
719,1377403631,403.0
719,1377403636,397.0
719,1377403641,399.0
719,1377403646,402.0
719,1377403651,404.0
719,1377403656,406.0
719,1377403661,398.0
719,1377403666,395.0
719,1377403671,396.0
719,1377403676,391.0
719,1377403681,395.0
719,1377403686,396.0
719,1377403691,396.0
719,1377403696,387.0
719,1377403701,392.0
719,1377403706,385.0
719,1377403711,387.0
719,1377403716,398.0
719,1377403721,404.0
719,1377403726,401.0
719,1377403731,414.0
719,1377403736,391.0
719,1377403741,393.0
719,1377403746,398.0
719,1377403751,397.0
719,1377403756,401.0
719,1377403761,401.0
719,1377403766,401.0
719,1377403771,400.0
719,1377403776,397.0
719,1377403781,396.0
719,1377403786,388.0
719,1377403791,393.0
719,1377403796,398.0
719,1377403801,400.0
719,1377403806,398.0
719,1377403811,391.0
719,1377403816,390.0
719,1377403821,390.0
719,1377403826,387.0
719,1377403831,388.0
719,1377403836,390.0
719,1377403841,395.0
719,1377403846,402.0
719,1377403851,403.0
719,1377403856,408.0
719,1377403861,401.0
719,1377403866,393.0
719,1377403871,392.0
719,1377403876,390.0
719,1377403881,384.0
719,1377403886,382.0
719,1377403891,382.0
719,1377403896,390.0
719,1377403901,392.0
719,1377403906,391.0
719,1377403911,393.0
719,1377403916,390.0
719,1377403921,390.0
719,1377403926,392.0
719,1377403931,391.0
719,1377403936,403.0
719,1377403941,403.0
719,1377403946,398.0
719,1377403951,391.0
719,1377403956,383.0
719,1377403961,383.0
719,1377403966,384.0
719,1377403971,385.0
719,1377403976,385.0
719,1377403981,393.0
719,1377403986,393.0
719,1377403991,398.0
719,1377403996,398.0
719,1377404001,404.0
719,1377404006,406.0
719,1377404011,406.0
719,1377404016,406.0
719,1377404021,403.0
719,1377404026,401.0
719,1377404031,402.0
719,1377404036,401.0
719,1377404041,401.0
719,1377404046,398.0
719,1377404051,403.0
719,1377404056,403.0
719,1377404061,399.0
719,1377404066,404.0
719,1377404071,397.0
719,1377404076,404.0
719,1377404081,403.0
719,1377404086,407.0
719,1377404091,404.0
719,1377404096,402.0
719,1377404101,401.0
719,1377404106,408.0
719,1377404111,398.0
719,1377404116,391.0
719,1377404121,385.0
719,1377404126,384.0
719,1377404131,388.0
719,1377404136,392.0
719,1377404141,393.0
719,1377404146,383.0
719,1377404151,384.0
719,1377404156,382.0
719,1377404161,390.0
719,1377404166,390.0
719,1377404171,401.0
719,1377404176,404.0
719,1377404181,404.0
719,1377404186,399.0
719,1377404191,401.0
719,1377404196,391.0
719,1377404201,400.0
719,1377404206,395.0
719,1377404211,398.0
719,1377404216,401.0
719,1377404221,401.0
719,1377404226,401.0
719,1377404231,399.0
719,1377404236,403.0
719,1377404241,397.0
719,1377404246,395.0
719,1377404251,393.0
719,1377404256,392.0
719,1377404261,391.0
719,1377404266,398.0
719,1377404271,403.0
719,1377404276,403.0
719,1377404281,406.0
719,1377404286,403.0
719,1377404291,404.0
719,1377404296,401.0
719,1377404301,403.0
719,1377404306,401.0
719,1377404311,396.0
719,1377404316,391.0
719,1377404321,398.0
719,1377404326,402.0
719,1377404331,406.0
719,1377404336,412.0
719,1377404341,399.0
719,1377404346,403.0
719,1377404351,393.0
719,1377404356,396.0
719,1377404361,390.0
719,1377404366,398.0
719,1377404371,398.0
719,1377404376,402.0
719,1377404381,404.0
719,1377404386,398.0
719,1377404391,401.0
719,1377404396,395.0
719,1377404401,395.0
719,1377404406,396.0
719,1377404411,391.0
719,1377404416,400.0
719,1377404421,396.0
719,1377404426,398.0
719,1377404431,397.0
719,1377404436,398.0
719,1377404441,403.0
719,1377404446,403.0
719,1377404451,401.0
719,1377404456,396.0
719,1377404461,395.0
719,1377404466,391.0
719,1377404471,400.0
719,1377404476,398.0
719,1377404481,406.0
719,1377404486,401.0
719,1377404491,401.0
719,1377404496,406.0
719,1377404501,406.0
719,1377404506,406.0
719,1377404511,416.0
719,1377404516,411.0
719,1377404521,411.0
719,1377404526,416.0
719,1377404531,403.0
719,1377404536,398.0
719,1377404541,390.0
719,1377404546,390.0
719,1377404551,396.0
719,1377404556,399.0
719,1377404561,406.0
719,1377404566,414.0
719,1377404571,397.0
719,1377404576,398.0
719,1377404581,397.0
719,1377404586,401.0
719,1377404591,403.0
719,1377404596,404.0
719,1377404601,403.0
719,1377404606,404.0
719,1377404611,396.0
719,1377404616,393.0
719,1377404621,395.0
719,1377404626,398.0
719,1377404631,395.0
719,1377404636,396.0
719,1377404641,401.0
719,1377404646,393.0
719,1377404651,393.0
719,1377404656,400.0
719,1377404661,398.0
719,1377404666,406.0
719,1377404671,399.0
719,1377404676,395.0
719,1377404681,398.0
719,1377404686,398.0
719,1377404691,396.0
719,1377404696,398.0
719,1377404701,396.0
719,1377404706,392.0
719,1377404711,391.0
719,1377404716,390.0
719,1377404721,398.0
719,1377404726,396.0
719,1377404731,393.0
719,1377404736,395.0
719,1377404741,391.0
719,1377404746,400.0
719,1377404751,404.0
719,1377404756,403.0
719,1377404761,398.0
719,1377404766,401.0
719,1377404771,401.0
719,1377404776,400.0
719,1377404781,393.0
719,1377404786,383.0
719,1377404791,390.0
719,1377404796,385.0
719,1377404801,382.0
719,1377404806,390.0
719,1377404811,387.0
719,1377404816,393.0
719,1377404821,396.0
719,1377404826,390.0
719,1377404831,401.0
719,1377404836,403.0
719,1377404841,400.0
719,1377404846,404.0
719,1377404851,399.0
719,1377404856,404.0
719,1377404861,412.0
719,1377404866,407.0
719,1377404871,399.0
719,1377404876,403.0
719,1377404881,398.0
719,1377404886,395.0
719,1377404891,400.0
719,1377404896,398.0
719,1377404901,398.0
719,1377404906,397.0
719,1377404911,396.0
719,1377404916,396.0
719,1377404921,396.0
719,1377404926,390.0
719,1377404931,393.0
719,1377404936,398.0
719,1377404941,401.0
719,1377404946,398.0
719,1377404951,408.0
719,1377404956,403.0
719,1377404961,399.0
719,1377404966,401.0
719,1377404971,398.0
719,1377404976,398.0
719,1377404981,397.0
719,1377404986,391.0
719,1377404991,393.0
719,1377404996,393.0
719,1377405001,391.0
719,1377405006,391.0
719,1377405011,395.0
719,1377405016,395.0
719,1377405021,391.0
719,1377405026,398.0
719,1377405031,398.0
719,1377405036,396.0
719,1377405041,391.0
719,1377405046,398.0
719,1377405051,396.0
719,1377405056,397.0
719,1377405061,403.0
719,1377405066,399.0
719,1377405071,400.0
719,1377405076,397.0
719,1377405081,395.0
719,1377405086,396.0
719,1377405091,397.0
719,1377405096,401.0
719,1377405101,403.0
719,1377405106,408.0
719,1377405111,401.0
719,1377405116,401.0
719,1377405121,400.0
719,1377405126,398.0
719,1377405131,401.0
719,1377405136,399.0
719,1377405141,398.0
719,1377405146,403.0
719,1377405151,401.0
719,1377405156,401.0
719,1377405161,399.0
719,1377405166,395.0
719,1377405171,396.0
719,1377405176,399.0
719,1377405181,403.0
719,1377405186,406.0
719,1377405191,408.0
719,1377405196,397.0
719,1377405201,401.0
719,1377405206,395.0
719,1377405211,401.0
719,1377405216,400.0
719,1377405221,398.0
719,1377405226,397.0
719,1377405231,396.0
719,1377405236,396.0
719,1377405241,391.0
719,1377405247,387.0
719,1377405251,387.0
719,1377405256,387.0
719,1377405261,393.0
719,1377405266,396.0
719,1377405271,396.0
719,1377405276,397.0
719,1377405281,401.0
719,1377405286,402.0
719,1377405291,398.0
719,1377405296,401.0
719,1377405301,398.0
719,1377405306,398.0
719,1377405311,397.0
719,1377405316,398.0
719,1377405321,393.0
719,1377405326,393.0
719,1377405331,391.0
719,1377405336,396.0
719,1377405341,395.0
719,1377405346,397.0
719,1377405351,392.0
719,1377405356,383.0
719,1377405361,384.0
719,1377405366,382.0
719,1377405371,382.0
719,1377405376,379.0
719,1377405381,384.0
719,1377405386,392.0
719,1377405391,391.0
719,1377405396,398.0
719,1377405401,397.0
719,1377405406,402.0
719,1377405411,401.0
719,1377405416,397.0
719,1377405421,399.0
719,1377405426,401.0
719,1377405431,397.0
719,1377405436,396.0
719,1377405441,391.0
719,1377405446,390.0
719,1377405451,392.0
719,1377405456,393.0
719,1377405461,400.0
719,1377405466,398.0
719,1377405471,401.0
719,1377405476,395.0
719,1377405481,391.0
719,1377405486,385.0
719,1377405491,388.0
719,1377405496,383.0
719,1377405501,383.0
719,1377405506,396.0
719,1377405511,383.0
719,1377405516,388.0
719,1377405521,388.0
719,1377405526,380.0
719,1377405531,384.0
719,1377405536,384.0
719,1377405541,392.0
719,1377405546,397.0
719,1377405551,401.0
719,1377405556,399.0
719,1377405561,402.0
719,1377405566,403.0
719,1377405571,398.0
719,1377405576,395.0
719,1377405581,391.0
719,1377405586,395.0
719,1377405591,393.0
719,1377405596,391.0
719,1377405601,398.0
719,1377405606,390.0
719,1377405611,388.0
719,1377405616,388.0
719,1377405621,398.0
719,1377405626,392.0
719,1377405631,390.0
719,1377405636,398.0
719,1377405641,395.0
719,1377405646,400.0
719,1377405651,396.0
719,1377405656,391.0
719,1377405661,395.0
719,1377405666,391.0
719,1377405671,397.0
719,1377405676,397.0
719,1377405681,401.0
719,1377405686,398.0
719,1377405691,403.0
719,1377405696,401.0
719,1377405701,402.0
719,1377405706,395.0
719,1377405711,396.0
719,1377405716,392.0
719,1377405721,391.0
719,1377405726,392.0
719,1377405731,391.0
719,1377405736,398.0
719,1377405741,396.0
719,1377405746,397.0
719,1377405751,398.0
719,1377405756,393.0
719,1377405761,392.0
719,1377405766,390.0
719,1377405771,393.0
719,1377405776,391.0
719,1377405781,398.0
719,1377405786,397.0
719,1377405791,399.0
719,1377405796,403.0
719,1377405801,400.0
719,1377405806,397.0
719,1377405811,398.0
719,1377405816,406.0
719,1377405821,402.0
719,1377405826,408.0
719,1377405831,401.0
719,1377405836,406.0
719,1377405841,397.0
719,1377405846,398.0
719,1377405851,390.0
719,1377405856,393.0
719,1377405861,391.0
719,1377405866,392.0
719,1377405871,393.0
719,1377405876,391.0
719,1377405881,398.0
719,1377405886,391.0
719,1377405891,390.0
719,1377405896,391.0
719,1377405901,396.0
719,1377405906,396.0
719,1377405911,396.0
719,1377405916,395.0
719,1377405921,398.0
719,1377405926,397.0
719,1377405931,398.0
719,1377405936,408.0
719,1377405941,412.0
719,1377405946,408.0
719,1377405951,412.0
719,1377405956,397.0
719,1377405961,396.0
719,1377405966,390.0
719,1377405971,398.0
719,1377405976,393.0
719,1377405981,396.0
719,1377405986,397.0
719,1377405991,403.0
719,1377405996,402.0
719,1377406001,401.0
719,1377406006,398.0
719,1377406011,401.0
719,1377406016,406.0
719,1377406021,398.0
719,1377406026,396.0
719,1377406031,398.0
719,1377406036,391.0
719,1377406041,401.0
719,1377406046,406.0
719,1377406051,407.0
719,1377406056,407.0
719,1377406061,407.0
719,1377406066,408.0
719,1377406071,401.0
719,1377406076,398.0
719,1377406081,398.0
719,1377406086,395.0
719,1377406091,395.0
719,1377406096,401.0
719,1377406101,398.0
719,1377406106,398.0
719,1377406111,401.0
719,1377406116,404.0
719,1377406121,403.0
719,1377406126,403.0
719,1377406131,402.0
719,1377406136,403.0
719,1377406141,401.0
719,1377406146,398.0
719,1377406151,398.0
719,1377406156,401.0
719,1377406161,400.0
719,1377406166,395.0
719,1377406171,396.0
719,1377406176,395.0
719,1377406181,391.0
719,1377406186,392.0
719,1377406191,388.0
719,1377406196,398.0
719,1377406201,398.0
719,1377406206,401.0
719,1377406211,399.0
719,1377406216,401.0
719,1377406221,402.0
719,1377406226,401.0
719,1377406231,397.0
719,1377406236,397.0
719,1377406241,416.0
719,1377406246,395.0
719,1377406251,398.0
719,1377406256,401.0
719,1377406261,398.0
719,1377406266,403.0
719,1377406271,398.0
719,1377406276,401.0
719,1377406281,395.0
719,1377406286,393.0
719,1377406291,393.0
719,1377406296,396.0
719,1377406301,393.0
719,1377406306,397.0
719,1377406311,401.0
719,1377406316,401.0
719,1377406321,401.0
719,1377406326,400.0
719,1377406331,395.0
719,1377406336,393.0
719,1377406341,391.0
719,1377406346,393.0
719,1377406351,390.0
719,1377406356,401.0
719,1377406361,401.0
719,1377406366,408.0
719,1377406371,405.0
719,1377406376,409.0
719,1377406381,412.0
719,1377406386,412.0
719,1377406391,412.0
719,1377406396,414.0
719,1377406401,401.0
719,1377406406,401.0
719,1377406411,396.0
719,1377406416,406.0
719,1377406421,409.0
719,1377406426,406.0
719,1377406431,407.0
719,1377406436,409.0
719,1377406441,407.0
719,1377406446,406.0
719,1377406451,416.0
719,1377406456,408.0
719,1377406461,401.0
719,1377406466,393.0
719,1377406471,392.0
719,1377406476,385.0
719,1377406481,396.0
719,1377406486,383.0
719,1377406491,396.0
719,1377406496,396.0
719,1377406501,401.0
719,1377406506,401.0
719,1377406511,401.0
719,1377406516,395.0
719,1377406521,391.0
719,1377406526,388.0
719,1377406531,385.0
719,1377406536,387.0
719,1377406541,396.0
719,1377406546,401.0
719,1377406551,408.0
719,1377406556,406.0
719,1377406561,409.0
719,1377406566,409.0
719,1377406571,412.0
719,1377406576,406.0
719,1377406581,412.0
719,1377406586,412.0
719,1377406591,409.0
719,1377406596,412.0
719,1377406601,409.0
719,1377406606,412.0
719,1377406611,404.0
719,1377406616,398.0
719,1377406621,397.0
719,1377406626,396.0
719,1377406631,393.0
719,1377406636,393.0
719,1377406641,401.0
719,1377406646,401.0
719,1377406651,409.0
719,1377406656,406.0
719,1377406661,411.0
719,1377406666,407.0
719,1377406671,412.0
719,1377406676,398.0
719,1377406681,396.0
719,1377406686,396.0
719,1377406691,395.0
719,1377406696,396.0
719,1377406701,403.0
719,1377406706,398.0
719,1377406711,406.0
719,1377406716,396.0
719,1377406721,398.0
719,1377406726,397.0
719,1377406731,401.0
719,1377406736,398.0
719,1377406741,403.0
719,1377406746,405.0
719,1377406751,404.0
719,1377406756,407.0
719,1377406761,404.0
719,1377406766,403.0
719,1377406771,409.0
719,1377406776,408.0
719,1377406781,406.0
719,1377406786,409.0
719,1377406791,403.0
719,1377406796,397.0
719,1377406801,401.0
719,1377406806,397.0
719,1377406811,403.0
719,1377406816,408.0
719,1377406821,409.0
719,1377406826,414.0
719,1377406831,399.0
719,1377406836,403.0
719,1377406841,395.0
719,1377406846,398.0
719,1377406851,396.0
719,1377406856,395.0
719,1377406861,390.0
719,1377406866,390.0
719,1377406871,390.0
719,1377406876,396.0
719,1377406881,396.0
719,1377406886,391.0
719,1377406891,390.0
719,1377406896,390.0
719,1377406901,396.0
719,1377406906,390.0
719,1377406911,390.0
719,1377406916,401.0
719,1377406921,406.0
719,1377406926,398.0
719,1377406931,397.0
719,1377406936,400.0
719,1377406941,395.0
719,1377406946,391.0
719,1377406951,391.0
719,1377406956,393.0
719,1377406961,395.0
719,1377406966,387.0
719,1377406971,383.0
719,1377406976,396.0
719,1377406981,391.0
719,1377406986,395.0
719,1377406991,397.0
719,1377406996,399.0
719,1377407001,404.0
719,1377407008,403.0
719,1377407011,404.0
719,1377407016,402.0
719,1377407021,402.0
719,1377407026,398.0
719,1377407031,396.0
719,1377407036,398.0
719,1377407041,397.0
719,1377407046,397.0
719,1377407051,403.0
719,1377407056,406.0
719,1377407061,404.0
719,1377407066,406.0
719,1377407071,403.0
719,1377407076,401.0
719,1377407081,398.0
719,1377407086,395.0
719,1377407091,396.0
719,1377407096,397.0
719,1377407101,393.0
719,1377407106,396.0
719,1377407111,398.0
719,1377407116,403.0
719,1377407121,401.0
719,1377407126,401.0
719,1377407131,395.0
719,1377407136,391.0
719,1377407141,396.0
719,1377407146,401.0
719,1377407151,406.0
719,1377407156,412.0
719,1377407161,406.0
719,1377407166,409.0
719,1377407171,408.0
719,1377407176,399.0
719,1377407181,401.0
719,1377407186,401.0
719,1377407191,398.0
719,1377407196,398.0
719,1377407201,403.0
719,1377407206,409.0
719,1377407211,407.0
719,1377407216,407.0
719,1377407221,412.0
719,1377407226,408.0
719,1377407231,404.0
719,1377407236,396.0
719,1377407241,395.0
719,1377407246,396.0
719,1377407251,398.0
719,1377407256,396.0
719,1377407261,396.0
719,1377407266,391.0
719,1377407271,396.0
719,1377407276,398.0
719,1377407281,396.0
719,1377407286,393.0
719,1377407291,395.0
719,1377407296,398.0
719,1377407301,404.0
719,1377407306,409.0
719,1377407311,412.0
719,1377407316,411.0
719,1377407321,411.0
719,1377407326,403.0
719,1377407331,402.0
719,1377407336,399.0
719,1377407341,393.0
719,1377407346,391.0
719,1377407351,396.0
719,1377407356,403.0
719,1377407361,408.0
719,1377407366,406.0
719,1377407371,407.0
719,1377407376,414.0
719,1377407381,404.0
719,1377407386,406.0
719,1377407391,403.0
719,1377407396,404.0
719,1377407401,406.0
719,1377407406,404.0
719,1377407411,401.0
719,1377407416,399.0
719,1377407421,401.0
719,1377407426,403.0
719,1377407431,403.0
719,1377407436,403.0
719,1377407441,406.0
719,1377407446,401.0
719,1377407451,401.0
719,1377407456,398.0
719,1377407461,403.0
719,1377407466,397.0
719,1377407471,402.0
719,1377407476,397.0
719,1377407481,406.0
719,1377407486,396.0
719,1377407491,398.0
719,1377407496,401.0
719,1377407501,403.0
719,1377407506,407.0
719,1377407511,409.0
719,1377407516,407.0
719,1377407521,409.0
719,1377407526,406.0
719,1377407531,404.0
719,1377407536,401.0
719,1377407541,396.0
719,1377407546,401.0
719,1377407551,398.0
719,1377407556,397.0
719,1377407561,401.0
719,1377407566,404.0
719,1377407571,408.0
719,1377407576,412.0
719,1377407581,416.0
719,1377407586,407.0
719,1377407591,406.0
719,1377407596,402.0
719,1377407601,398.0
719,1377407606,392.0
719,1377407611,392.0
719,1377407616,398.0
719,1377407621,398.0
719,1377407626,393.0
719,1377407631,397.0
719,1377407636,398.0
719,1377407641,402.0
719,1377407646,406.0
719,1377407651,410.0
719,1377407656,408.0
719,1377407661,412.0
719,1377407666,404.0
719,1377407671,402.0
719,1377407676,398.0
719,1377407681,396.0
719,1377407686,396.0
719,1377407691,391.0
719,1377407696,390.0
719,1377407701,397.0
719,1377407706,404.0
719,1377407711,403.0
719,1377407716,398.0
719,1377407721,402.0
719,1377407726,404.0
719,1377407731,408.0
719,1377407736,407.0
719,1377407741,411.0
719,1377407746,407.0
719,1377407751,408.0
719,1377407756,403.0
719,1377407761,395.0
719,1377407766,395.0
719,1377407771,397.0
719,1377407776,401.0
719,1377407781,403.0
719,1377407786,399.0
719,1377407791,398.0
719,1377407796,402.0
719,1377407801,396.0
719,1377407806,393.0
719,1377407811,393.0
719,1377407816,392.0
719,1377407821,395.0
719,1377407826,398.0
719,1377407831,397.0
719,1377407836,408.0
719,1377407841,401.0
719,1377407846,404.0
719,1377407851,397.0
719,1377407856,401.0
719,1377407861,391.0
719,1377407866,391.0
719,1377407871,396.0
719,1377407876,398.0
719,1377407881,396.0
719,1377407886,391.0
719,1377407891,397.0
719,1377407896,401.0
719,1377407901,401.0
719,1377407906,401.0
719,1377407911,401.0
719,1377407916,397.0
719,1377407921,403.0
719,1377407926,406.0
719,1377407931,398.0
719,1377407936,402.0
719,1377407941,402.0
719,1377407946,404.0
719,1377407951,403.0
719,1377407956,401.0
719,1377407961,406.0
719,1377407966,398.0
719,1377407971,403.0
719,1377407976,403.0
719,1377407981,398.0
719,1377407986,401.0
719,1377407991,397.0
719,1377407996,402.0
719,1377408001,404.0
719,1377408006,407.0
719,1377408011,409.0
719,1377408016,412.0
719,1377408021,407.0
719,1377408026,403.0
719,1377408031,404.0
719,1377408036,395.0
719,1377408041,392.0
719,1377408046,387.0
719,1377408051,385.0
719,1377408056,382.0
719,1377408061,388.0
719,1377408066,388.0
719,1377408071,396.0
719,1377408076,398.0
719,1377408081,398.0
719,1377408086,398.0
719,1377408091,396.0
719,1377408096,396.0
719,1377408101,397.0
719,1377408106,401.0
719,1377408111,404.0
719,1377408116,408.0
719,1377408121,404.0
719,1377408126,406.0
719,1377408131,398.0
719,1377408136,401.0
719,1377408141,404.0
719,1377408146,406.0
719,1377408151,414.0
719,1377408156,404.0
719,1377408161,399.0
719,1377408166,396.0
719,1377408171,391.0
719,1377408176,396.0
719,1377408181,390.0
719,1377408186,396.0
719,1377408191,390.0
719,1377408196,401.0
719,1377408201,397.0
719,1377408206,398.0
719,1377408211,404.0
719,1377408216,398.0
719,1377408221,398.0
719,1377408226,396.0
719,1377408231,398.0
719,1377408236,396.0
719,1377408241,398.0
719,1377408246,402.0
719,1377408251,398.0
719,1377408256,403.0
719,1377408261,403.0
719,1377408266,403.0
719,1377408271,404.0
719,1377408276,401.0
719,1377408281,401.0
719,1377408286,402.0
719,1377408291,401.0
719,1377408296,398.0
719,1377408301,398.0
719,1377408306,401.0
719,1377408311,403.0
719,1377408316,398.0
719,1377408321,397.0
719,1377408326,398.0
719,1377408331,398.0
719,1377408336,401.0
719,1377408341,401.0
719,1377408346,403.0
719,1377408351,403.0
719,1377408356,402.0
719,1377408361,403.0
719,1377408366,408.0
719,1377408371,403.0
719,1377408376,406.0
719,1377408381,398.0
719,1377408386,400.0
719,1377408391,397.0
719,1377408396,398.0
719,1377408401,403.0
719,1377408406,409.0
719,1377408411,407.0
719,1377408416,408.0
719,1377408421,398.0
719,1377408426,402.0
719,1377408431,401.0
719,1377408436,397.0
719,1377408441,397.0
719,1377408446,398.0
719,1377408451,403.0
719,1377408456,401.0
719,1377408461,401.0
719,1377408466,398.0
719,1377408471,406.0
719,1377408476,401.0
719,1377408481,401.0
719,1377408486,397.0
719,1377408491,401.0
719,1377408496,402.0
719,1377408501,404.0
719,1377408506,397.0
719,1377408511,398.0
719,1377408516,403.0
719,1377408521,399.0
719,1377408526,406.0
719,1377408531,399.0
719,1377408536,401.0
719,1377408541,404.0
719,1377408546,397.0
719,1377408551,396.0
719,1377408556,392.0
719,1377408561,385.0
719,1377408566,385.0
719,1377408571,392.0
719,1377408576,392.0
719,1377408581,391.0
719,1377408586,401.0
719,1377408591,405.0
719,1377408596,406.0
719,1377408601,397.0
719,1377408606,401.0
719,1377408611,395.0
719,1377408616,398.0
719,1377408621,391.0
719,1377408626,393.0
719,1377408631,391.0
719,1377408636,390.0
719,1377408641,396.0
719,1377408646,391.0
719,1377408651,398.0
719,1377408656,403.0
719,1377408661,404.0
719,1377408666,406.0
719,1377408671,398.0
719,1377408676,398.0
719,1377408681,401.0
719,1377408686,398.0
719,1377408691,398.0
719,1377408696,401.0
719,1377408701,401.0
719,1377408706,400.0
719,1377408711,400.0
719,1377408716,401.0
719,1377408721,401.0
719,1377408726,399.0
719,1377408731,398.0
719,1377408736,395.0
719,1377408741,395.0
719,1377408746,393.0
719,1377408751,396.0
719,1377408757,396.0
719,1377408761,390.0
719,1377408766,391.0
719,1377408771,398.0
719,1377408776,398.0
719,1377408781,397.0
719,1377408786,398.0
719,1377408791,395.0
719,1377408796,396.0
719,1377408801,391.0
719,1377408806,398.0
719,1377408811,396.0
719,1377408816,400.0
719,1377408821,401.0
719,1377408826,401.0
719,1377408831,391.0
719,1377408836,396.0
719,1377408841,390.0
719,1377408846,393.0
719,1377408851,385.0
719,1377408856,382.0
719,1377408861,385.0
719,1377408866,382.0
719,1377408871,390.0
719,1377408876,393.0
719,1377408881,396.0
719,1377408886,397.0
719,1377408891,404.0
719,1377408896,399.0
719,1377408901,406.0
719,1377408906,403.0
719,1377408911,400.0
719,1377408916,392.0
719,1377408921,388.0
719,1377408926,383.0
719,1377408931,383.0
719,1377408936,390.0
719,1377408941,387.0
719,1377408946,393.0
719,1377408951,390.0
719,1377408956,395.0
719,1377408961,398.0
719,1377408966,398.0
719,1377408971,390.0
719,1377408976,395.0
719,1377408981,397.0
719,1377408986,399.0
719,1377408991,408.0
719,1377408996,406.0
719,1377409001,403.0
719,1377409006,403.0
719,1377409011,404.0
719,1377409016,404.0
719,1377409021,404.0
719,1377409026,403.0
719,1377409031,405.0
719,1377409036,401.0
719,1377409041,402.0
719,1377409046,403.0
719,1377409051,402.0
719,1377409056,401.0
719,1377409061,398.0
719,1377409066,398.0
719,1377409071,398.0
719,1377409076,391.0
719,1377409081,390.0
719,1377409086,390.0
719,1377409091,391.0
719,1377409096,393.0
719,1377409101,391.0
719,1377409106,399.0
719,1377409111,402.0
719,1377409116,414.0
719,1377409121,412.0
719,1377409126,408.0
719,1377409131,398.0
719,1377409136,393.0
719,1377409141,396.0
719,1377409146,390.0
719,1377409151,395.0
719,1377409156,390.0
719,1377409161,396.0
719,1377409166,397.0
719,1377409171,397.0
719,1377409176,400.0
719,1377409181,397.0
719,1377409186,396.0
719,1377409191,391.0
719,1377409196,391.0
719,1377409201,391.0
719,1377409206,392.0
719,1377409211,390.0
719,1377409216,398.0
719,1377409221,393.0
719,1377409226,388.0
719,1377409231,391.0
719,1377409236,388.0
719,1377409241,387.0
719,1377409246,388.0
719,1377409251,383.0
719,1377409256,387.0
719,1377409261,390.0
719,1377409266,392.0
719,1377409271,392.0
719,1377409276,395.0
719,1377409281,391.0
719,1377409286,392.0
719,1377409291,395.0
719,1377409296,404.0
719,1377409301,408.0
719,1377409306,409.0
719,1377409311,408.0
719,1377409316,404.0
719,1377409321,397.0
719,1377409326,398.0
719,1377409331,397.0
719,1377409336,403.0
719,1377409341,398.0
719,1377409346,397.0
719,1377409351,403.0
719,1377409356,398.0
719,1377409361,397.0
719,1377409366,401.0
719,1377409371,400.0
719,1377409376,399.0
719,1377409381,391.0
719,1377409386,397.0
719,1377409391,397.0
719,1377409396,397.0
719,1377409401,398.0
719,1377409406,396.0
719,1377409411,391.0
719,1377409416,396.0
719,1377409421,392.0
719,1377409426,396.0
719,1377409431,395.0
719,1377409436,391.0
719,1377409441,396.0
719,1377409446,396.0
719,1377409451,383.0
719,1377409456,395.0
719,1377409461,398.0
719,1377409466,398.0
719,1377409471,401.0
719,1377409476,398.0
719,1377409481,395.0
719,1377409486,398.0
719,1377409491,403.0
719,1377409496,403.0
719,1377409501,416.0
719,1377409506,408.0
719,1377409511,409.0
719,1377409516,403.0
719,1377409521,406.0
719,1377409526,398.0
719,1377409531,390.0
719,1377409536,392.0
719,1377409541,394.0
719,1377409546,388.0
719,1377409551,392.0
719,1377409556,387.0
719,1377409561,390.0
719,1377409566,392.0
719,1377409571,391.0
719,1377409576,393.0
719,1377409581,393.0
719,1377409586,391.0
719,1377409591,391.0
719,1377409596,396.0
719,1377409601,390.0
719,1377409606,392.0
719,1377409611,393.0
719,1377409616,396.0
719,1377409621,395.0
719,1377409626,401.0
719,1377409631,398.0
719,1377409636,392.0
719,1377409641,392.0
719,1377409646,393.0
719,1377409651,393.0
719,1377409656,391.0
719,1377409661,396.0
719,1377409666,391.0
719,1377409671,396.0
719,1377409676,393.0
719,1377409681,393.0
719,1377409686,400.0
719,1377409691,400.0
719,1377409696,396.0
719,1377409701,390.0
719,1377409706,396.0
719,1377409711,396.0
719,1377409716,382.0
719,1377409721,387.0
719,1377409726,385.0
719,1377409731,388.0
719,1377409736,383.0
719,1377409741,391.0
719,1377409746,398.0
719,1377409751,403.0
719,1377409756,403.0
719,1377409761,409.0
719,1377409766,409.0
719,1377409771,404.0
719,1377409776,403.0
719,1377409781,399.0
719,1377409786,401.0
719,1377409791,404.0
719,1377409796,403.0
719,1377409801,406.0
719,1377409806,412.0
719,1377409811,404.0
719,1377409816,401.0
719,1377409821,396.0
719,1377409826,393.0
719,1377409831,393.0
719,1377409836,401.0
719,1377409841,401.0
719,1377409846,403.0
719,1377409851,401.0
719,1377409856,398.0
719,1377409861,392.0
719,1377409866,391.0
719,1377409871,387.0
719,1377409876,391.0
719,1377409881,393.0
719,1377409886,399.0
719,1377409891,403.0
719,1377409896,406.0
719,1377409901,404.0
719,1377409906,403.0
719,1377409911,408.0
719,1377409916,412.0
719,1377409921,406.0
719,1377409926,398.0
719,1377409931,401.0
719,1377409936,395.0
719,1377409941,392.0
719,1377409946,390.0
719,1377409951,391.0
719,1377409956,393.0
719,1377409961,391.0
719,1377409966,401.0
719,1377409971,397.0
719,1377409976,398.0
719,1377409981,397.0
719,1377409986,391.0
719,1377409991,393.0
719,1377409996,392.0
719,1377410001,396.0
719,1377410006,388.0
719,1377410011,392.0
719,1377410016,392.0
719,1377410021,391.0
719,1377410026,399.0
719,1377410031,401.0
719,1377410036,408.0
719,1377410041,403.0
719,1377410046,399.0
719,1377410051,397.0
719,1377410056,404.0
719,1377410061,404.0
719,1377410066,404.0
719,1377410071,406.0
719,1377410076,403.0
719,1377410081,406.0
719,1377410086,406.0
719,1377410091,403.0
719,1377410096,404.0
719,1377410101,400.0
719,1377410106,398.0
719,1377410111,401.0
719,1377410116,403.0
719,1377410121,401.0
719,1377410126,398.0
719,1377410131,403.0
719,1377410136,403.0
719,1377410141,408.0
719,1377410146,407.0
719,1377410151,409.0
719,1377410156,407.0
719,1377410161,409.0
719,1377410166,401.0
719,1377410171,401.0
719,1377410176,391.0
719,1377410181,393.0
719,1377410186,401.0
719,1377410191,402.0
719,1377410196,403.0
719,1377410201,403.0
719,1377410206,404.0
719,1377410211,412.0
719,1377410216,412.0
719,1377410221,403.0
719,1377410226,397.0
719,1377410231,398.0
719,1377410236,403.0
719,1377410241,408.0
719,1377410246,409.0
719,1377410251,407.0
719,1377410256,402.0
719,1377410261,402.0
719,1377410266,400.0
719,1377410271,401.0
719,1377410276,400.0
719,1377410281,403.0
719,1377410286,398.0
719,1377410291,404.0
719,1377410296,404.0
719,1377410301,401.0
719,1377410306,398.0
719,1377410311,398.0
719,1377410316,395.0
719,1377410321,395.0
719,1377410326,393.0
719,1377410331,401.0
719,1377410336,398.0
719,1377410341,397.0
719,1377410346,401.0
719,1377410351,398.0
719,1377410356,399.0
719,1377410361,397.0
719,1377410366,401.0
719,1377410371,396.0
719,1377410376,401.0
719,1377410381,396.0
719,1377410386,401.0
719,1377410391,398.0
719,1377410396,398.0
719,1377410401,401.0
719,1377410406,401.0
719,1377410411,403.0
719,1377410416,403.0
719,1377410421,399.0
719,1377410426,403.0
719,1377410431,401.0
719,1377410436,395.0
719,1377410441,401.0
719,1377410446,403.0
719,1377410451,401.0
719,1377410456,409.0
719,1377410461,409.0
719,1377410466,404.0
719,1377410471,401.0
719,1377410476,391.0
719,1377410481,390.0
719,1377410486,390.0
719,1377410491,388.0
719,1377410496,392.0
719,1377410501,398.0
719,1377410506,403.0
719,1377410511,409.0
719,1377410516,397.0
719,1377410521,395.0
719,1377410526,393.0
719,1377410531,391.0
719,1377410536,393.0
719,1377410541,398.0
719,1377410546,396.0
719,1377410551,398.0
719,1377410556,396.0
719,1377410561,403.0
719,1377410566,408.0
719,1377410571,409.0
719,1377410576,406.0
719,1377410581,393.0
719,1377410586,390.0
719,1377410591,385.0
719,1377410596,385.0
719,1377410601,384.0
719,1377410606,385.0
719,1377410611,390.0
719,1377410616,393.0
719,1377410621,393.0
719,1377410626,399.0
719,1377410631,406.0
719,1377410636,409.0
719,1377410641,401.0
719,1377410646,397.0
719,1377410651,396.0
719,1377410656,392.0
719,1377410661,392.0
719,1377410666,388.0
719,1377410671,389.0
719,1377410676,390.0
719,1377410681,396.0
719,1377410686,398.0
719,1377410691,399.0
719,1377410696,393.0
719,1377410701,396.0
719,1377410706,396.0
719,1377410711,393.0
719,1377410716,401.0
719,1377410721,401.0
719,1377410726,398.0
719,1377410731,403.0
719,1377410736,408.0
719,1377410741,414.0
719,1377410746,406.0
719,1377410751,404.0
719,1377410756,395.0
719,1377410761,393.0
719,1377410766,387.0
719,1377410771,390.0
719,1377410776,388.0
719,1377410781,390.0
719,1377410786,398.0
719,1377410791,390.0
719,1377410796,398.0
719,1377410801,397.0
719,1377410806,406.0
719,1377410811,398.0
719,1377410816,397.0
719,1377410821,395.0
719,1377410826,395.0
719,1377410831,392.0
719,1377410836,392.0
719,1377410841,392.0
719,1377410846,396.0
719,1377410851,391.0
719,1377410856,400.0
719,1377410861,396.0
719,1377410866,396.0
719,1377410871,390.0
719,1377410876,390.0
719,1377410881,388.0
719,1377410886,396.0
719,1377410891,396.0
719,1377410896,398.0
719,1377410901,398.0
719,1377410906,397.0
719,1377410911,401.0
719,1377410916,401.0
719,1377410921,396.0
719,1377410926,391.0
719,1377410931,393.0
719,1377410936,391.0
719,1377410941,392.0
719,1377410946,393.0
719,1377410951,395.0
719,1377410956,395.0
719,1377410961,395.0
719,1377410966,398.0
719,1377410971,397.0
719,1377410976,401.0
719,1377410981,401.0
719,1377410986,398.0
719,1377410991,401.0
719,1377410996,398.0
719,1377411001,397.0
719,1377411006,398.0
719,1377411011,398.0
719,1377411016,397.0
719,1377411021,398.0
719,1377411026,403.0
719,1377411031,408.0
719,1377411036,411.0
719,1377411041,412.0
719,1377411046,407.0
719,1377411051,403.0
719,1377411056,398.0
719,1377411061,392.0
719,1377411066,390.0
719,1377411071,396.0
719,1377411076,403.0
719,1377411081,409.0
719,1377411086,409.0
719,1377411091,411.0
719,1377411096,420.0
719,1377411101,406.0
719,1377411106,412.0
719,1377411111,398.0
719,1377411116,398.0
719,1377411121,393.0
719,1377411126,390.0
719,1377411131,396.0
719,1377411136,397.0
719,1377411141,396.0
719,1377411146,398.0
719,1377411151,398.0
719,1377411156,398.0
719,1377411161,396.0
719,1377411166,391.0
719,1377411171,396.0
719,1377411176,397.0
719,1377411181,400.0
719,1377411186,401.0
719,1377411191,391.0
719,1377411196,396.0
719,1377411201,395.0
719,1377411206,402.0
719,1377411211,406.0
719,1377411216,409.0
719,1377411221,407.0
719,1377411226,404.0
719,1377411231,403.0
719,1377411236,401.0
719,1377411241,397.0
719,1377411246,395.0
719,1377411251,401.0
719,1377411256,402.0
719,1377411261,403.0
719,1377411266,403.0
719,1377411271,402.0
719,1377411276,397.0
719,1377411281,404.0
719,1377411286,404.0
719,1377411291,401.0
719,1377411296,397.0
719,1377411301,398.0
719,1377411306,396.0
719,1377411311,400.0
719,1377411316,401.0
719,1377411321,400.0
719,1377411326,396.0
719,1377411331,401.0
719,1377411336,398.0
719,1377411341,404.0
719,1377411346,401.0
719,1377411351,397.0
719,1377411356,400.0
719,1377411361,391.0
719,1377411366,395.0
719,1377411371,395.0
719,1377411376,396.0
719,1377411381,397.0
719,1377411386,404.0
719,1377411391,393.0
719,1377411396,391.0
719,1377411401,391.0
719,1377411406,382.0
719,1377411411,392.0
719,1377411416,392.0
719,1377411421,391.0
719,1377411426,393.0
719,1377411431,398.0
719,1377411436,396.0
719,1377411441,398.0
719,1377411446,396.0
719,1377411451,391.0
719,1377411456,401.0
719,1377411461,403.0
719,1377411466,403.0
719,1377411471,403.0
719,1377411476,401.0
719,1377411481,397.0
719,1377411486,407.0
719,1377411491,420.0
719,1377411496,412.0
719,1377411501,412.0
719,1377411506,406.0
719,1377411511,398.0
719,1377411516,397.0
719,1377411521,400.0
719,1377411526,398.0
719,1377411531,398.0
719,1377411536,390.0
719,1377411541,393.0
719,1377411546,393.0
719,1377411551,401.0
719,1377411556,397.0
719,1377411561,399.0
719,1377411566,406.0
719,1377411571,403.0
719,1377411576,402.0
719,1377411581,393.0
719,1377411586,393.0
719,1377411591,397.0
719,1377411596,406.0
719,1377411601,414.0
719,1377411606,411.0
719,1377411611,406.0
719,1377411616,414.0
719,1377411621,401.0
719,1377411626,406.0
719,1377411631,397.0
719,1377411636,397.0
719,1377411641,397.0
719,1377411646,401.0
719,1377411651,399.0
719,1377411656,401.0
719,1377411661,396.0
719,1377411666,395.0
719,1377411671,401.0
719,1377411676,402.0
719,1377411681,404.0
719,1377411686,404.0
719,1377411691,403.0
719,1377411696,401.0
719,1377411701,401.0
719,1377411706,401.0
719,1377411711,398.0
719,1377411716,396.0
719,1377411721,395.0
719,1377411726,396.0
719,1377411731,398.0
719,1377411736,390.0
719,1377411741,398.0
719,1377411746,398.0
719,1377411751,403.0
719,1377411756,403.0
719,1377411761,406.0
719,1377411766,401.0
719,1377411771,397.0
719,1377411776,406.0
719,1377411781,401.0
719,1377411786,406.0
719,1377411791,406.0
719,1377411796,412.0
719,1377411801,408.0
719,1377411806,403.0
719,1377411811,398.0
719,1377411816,400.0
719,1377411821,395.0
719,1377411826,395.0
719,1377411831,397.0
719,1377411836,412.0
719,1377411841,412.0
719,1377411846,409.0
719,1377411851,408.0
719,1377411856,408.0
719,1377411861,403.0
719,1377411866,408.0
719,1377411871,403.0
719,1377411876,403.0
719,1377411881,402.0
719,1377411886,397.0
719,1377411891,390.0
719,1377411896,390.0
719,1377411901,393.0
719,1377411906,390.0
719,1377411911,391.0
719,1377411916,391.0
719,1377411921,400.0
719,1377411926,402.0
719,1377411931,401.0
719,1377411936,403.0
719,1377411941,402.0
719,1377411946,401.0
719,1377411951,398.0
719,1377411956,398.0
719,1377411961,403.0
719,1377411966,399.0
719,1377411971,400.0
719,1377411976,393.0
719,1377411981,393.0
719,1377411986,393.0
719,1377411991,400.0
719,1377411996,398.0
719,1377412001,398.0
719,1377412006,398.0
719,1377412011,398.0
719,1377412016,396.0
719,1377412021,398.0
719,1377412026,398.0
719,1377412031,396.0
719,1377412036,401.0
719,1377412041,402.0
719,1377412046,401.0
719,1377412051,397.0
719,1377412056,398.0
719,1377412061,398.0
719,1377412066,395.0
719,1377412071,401.0
719,1377412076,402.0
719,1377412081,406.0
719,1377412086,397.0
719,1377412091,399.0
719,1377412096,400.0
719,1377412101,390.0
719,1377412106,395.0
719,1377412111,401.0
719,1377412116,401.0
719,1377412121,401.0
719,1377412126,401.0
719,1377412131,395.0
719,1377412136,398.0
719,1377412141,403.0
719,1377412146,401.0
719,1377412151,406.0
719,1377412156,407.0
719,1377412161,407.0
719,1377412166,416.0
719,1377412171,402.0
719,1377412176,401.0
719,1377412181,397.0
719,1377412186,396.0
719,1377412191,396.0
719,1377412196,387.0
719,1377412201,392.0
719,1377412206,393.0
719,1377412211,391.0
719,1377412216,398.0
719,1377412221,403.0
719,1377412226,398.0
719,1377412231,401.0
719,1377412236,403.0
719,1377412241,399.0
719,1377412246,398.0
719,1377412251,402.0
719,1377412256,399.0
719,1377412262,407.0
719,1377412266,412.0
719,1377412271,411.0
719,1377412276,412.0
719,1377412281,406.0
719,1377412286,404.0
719,1377412291,404.0
719,1377412296,406.0
719,1377412301,398.0
719,1377412306,399.0
719,1377412311,401.0
719,1377412316,400.0
719,1377412321,399.0
719,1377412326,398.0
719,1377412331,398.0
719,1377412336,400.0
719,1377412341,396.0
719,1377412346,398.0
719,1377412351,398.0
719,1377412356,406.0
719,1377412361,408.0
719,1377412366,412.0
719,1377412371,409.0
719,1377412376,408.0
719,1377412381,403.0
719,1377412386,406.0
719,1377412391,408.0
719,1377412396,407.0
719,1377412401,403.0
719,1377412406,410.0
719,1377412411,398.0
719,1377412416,397.0
719,1377412421,400.0
719,1377412426,401.0
719,1377412431,401.0
719,1377412436,402.0
719,1377412441,401.0
719,1377412446,408.0
719,1377412451,408.0
719,1377412456,399.0
719,1377412461,404.0
719,1377412466,401.0
719,1377412471,402.0
719,1377412476,401.0
719,1377412481,408.0
719,1377412486,406.0
719,1377412491,401.0
719,1377412496,398.0
719,1377412501,397.0
719,1377412506,396.0
719,1377412511,401.0
719,1377412516,406.0
719,1377412521,406.0
719,1377412526,406.0
719,1377412531,406.0
719,1377412536,406.0
719,1377412541,402.0
719,1377412546,398.0
719,1377412551,406.0
719,1377412556,404.0
719,1377412561,406.0
719,1377412566,397.0
719,1377412571,397.0
719,1377412576,398.0
719,1377412581,396.0
719,1377412586,390.0
719,1377412591,392.0
719,1377412596,390.0
719,1377412601,391.0
719,1377412606,398.0
719,1377412611,403.0
719,1377412616,406.0
719,1377412621,403.0
719,1377412626,403.0
719,1377412631,397.0
719,1377412636,398.0
719,1377412641,395.0
719,1377412646,399.0
719,1377412651,390.0
719,1377412656,392.0
719,1377412661,392.0
719,1377412666,388.0
719,1377412671,392.0
719,1377412676,393.0
719,1377412681,391.0
719,1377412686,391.0
719,1377412691,396.0
719,1377412696,392.0
719,1377412701,391.0
719,1377412706,396.0
719,1377412711,401.0
719,1377412716,404.0
719,1377412721,412.0
719,1377412726,408.0
719,1377412731,406.0
719,1377412736,396.0
719,1377412741,396.0
719,1377412746,391.0
719,1377412751,393.0
719,1377412756,391.0
719,1377412761,397.0
719,1377412766,397.0
719,1377412771,401.0
719,1377412776,401.0
719,1377412781,401.0
719,1377412786,398.0
719,1377412791,397.0
719,1377412796,395.0
719,1377412801,390.0
719,1377412806,390.0
719,1377412811,395.0
719,1377412816,397.0
719,1377412821,403.0
719,1377412826,398.0
719,1377412831,401.0
719,1377412836,398.0
719,1377412841,401.0
719,1377412846,400.0
719,1377412851,396.0
719,1377412856,395.0
719,1377412861,389.0
719,1377412866,388.0
719,1377412871,382.0
719,1377412876,387.0
719,1377412881,387.0
719,1377412886,390.0
719,1377412891,393.0
719,1377412896,398.0
719,1377412901,399.0
719,1377412906,402.0
719,1377412911,403.0
719,1377412916,404.0
719,1377412921,402.0
719,1377412926,402.0
719,1377412931,391.0
719,1377412936,390.0
719,1377412941,398.0
719,1377412946,398.0
719,1377412951,399.0
719,1377412956,403.0
719,1377412961,408.0
719,1377412966,407.0
719,1377412971,408.0
719,1377412976,411.0
719,1377412981,414.0
719,1377412986,411.0
719,1377412991,418.0
719,1377412996,420.0
719,1377413001,418.0
719,1377413006,412.0
719,1377413011,414.0
719,1377413016,399.0
719,1377413021,412.0
719,1377413026,398.0
719,1377413031,396.0
719,1377413036,396.0
719,1377413041,395.0
719,1377413046,398.0
719,1377413051,402.0
719,1377413056,401.0
719,1377413061,401.0
719,1377413066,401.0
719,1377413071,401.0
719,1377413076,391.0
719,1377413081,391.0
719,1377413086,392.0
719,1377413091,391.0
719,1377413096,391.0
719,1377413101,398.0
719,1377413106,400.0
719,1377413111,395.0
719,1377413116,393.0
719,1377413121,390.0
719,1377413126,396.0
719,1377413131,397.0
719,1377413136,403.0
719,1377413141,401.0
719,1377413146,408.0
719,1377413151,403.0
719,1377413156,406.0
719,1377413161,408.0
719,1377413166,408.0
719,1377413171,398.0
719,1377413176,404.0
719,1377413181,401.0
719,1377413186,403.0
719,1377413191,401.0
719,1377413196,401.0
719,1377413201,397.0
719,1377413206,401.0
719,1377413211,397.0
719,1377413216,406.0
719,1377413221,403.0
719,1377413226,408.0
719,1377413231,408.0
719,1377413236,402.0
719,1377413241,401.0
719,1377413246,398.0
719,1377413251,391.0
719,1377413256,398.0
719,1377413261,398.0
719,1377413266,400.0
719,1377413271,402.0
719,1377413276,398.0
719,1377413281,397.0
719,1377413286,396.0
719,1377413291,391.0
719,1377413296,393.0
719,1377413301,396.0
719,1377413306,395.0
719,1377413311,398.0
719,1377413316,398.0
719,1377413321,390.0
719,1377413326,396.0
719,1377413331,391.0
719,1377413336,396.0
719,1377413341,398.0
719,1377413346,398.0
719,1377413351,403.0
719,1377413356,403.0
719,1377413361,393.0
719,1377413366,390.0
719,1377413371,388.0
719,1377413376,385.0
719,1377413381,387.0
719,1377413386,391.0
719,1377413391,395.0
719,1377413396,391.0
719,1377413401,396.0
719,1377413406,390.0
719,1377413411,390.0
719,1377413416,390.0
719,1377413421,389.0
719,1377413426,385.0
719,1377413431,385.0
719,1377413436,382.0
719,1377413441,392.0
719,1377413446,398.0
719,1377413451,390.0
719,1377413456,393.0
719,1377413461,390.0
719,1377413466,398.0
719,1377413471,404.0
719,1377413476,406.0
719,1377413481,408.0
719,1377413486,402.0
719,1377413491,398.0
719,1377413496,390.0
719,1377413501,395.0
719,1377413506,401.0
719,1377413511,408.0
719,1377413516,403.0
719,1377413521,401.0
719,1377413526,396.0
719,1377413531,396.0
719,1377413536,396.0
719,1377413541,397.0
719,1377413546,401.0
719,1377413551,401.0
719,1377413556,401.0
719,1377413561,404.0
719,1377413566,399.0
719,1377413571,403.0
719,1377413576,401.0
719,1377413581,406.0
719,1377413586,404.0
719,1377413591,402.0
719,1377413596,398.0
719,1377413601,396.0
719,1377413606,396.0
719,1377413611,395.0
719,1377413616,396.0
719,1377413621,391.0
719,1377413626,397.0
719,1377413631,398.0
719,1377413636,398.0
719,1377413641,395.0
719,1377413646,400.0
719,1377413651,398.0
719,1377413656,401.0
719,1377413661,398.0
719,1377413666,401.0
719,1377413671,401.0
719,1377413676,401.0
719,1377413681,398.0
719,1377413686,397.0
719,1377413691,401.0
719,1377413696,398.0
719,1377413701,390.0
719,1377413706,393.0
719,1377413711,396.0
719,1377413716,401.0
719,1377413721,401.0
719,1377413726,402.0
719,1377413731,398.0
719,1377413736,398.0
719,1377413741,399.0
719,1377413746,395.0
719,1377413751,402.0
719,1377413756,396.0
719,1377413761,400.0
719,1377413766,396.0
719,1377413771,403.0
719,1377413776,409.0
719,1377413781,411.0
719,1377413786,412.0
719,1377413791,409.0
719,1377413796,409.0
719,1377413801,407.0
719,1377413806,407.0
719,1377413811,399.0
719,1377413816,407.0
719,1377413821,407.0
719,1377413826,403.0
719,1377413831,401.0
719,1377413836,397.0
719,1377413841,396.0
719,1377413846,396.0
719,1377413851,396.0
719,1377413856,398.0
719,1377413861,391.0
719,1377413866,403.0
719,1377413871,406.0
719,1377413876,409.0
719,1377413881,409.0
719,1377413886,412.0
719,1377413891,403.0
719,1377413896,403.0
719,1377413901,398.0
719,1377413906,390.0
719,1377413911,392.0
719,1377413916,390.0
719,1377413921,392.0
719,1377413926,392.0
719,1377413931,387.0
719,1377413936,392.0
719,1377413941,396.0
719,1377413946,401.0
719,1377413951,403.0
719,1377413956,401.0
719,1377413961,404.0
719,1377413966,406.0
719,1377413971,408.0
719,1377413976,406.0
719,1377413981,408.0
719,1377413986,401.0
719,1377413991,398.0
719,1377413996,398.0
719,1377414001,401.0
719,1377414006,397.0
719,1377414011,398.0
719,1377414016,397.0
719,1377414021,403.0
719,1377414026,396.0
719,1377414031,400.0
719,1377414036,396.0
719,1377414041,393.0
719,1377414046,392.0
719,1377414051,390.0
719,1377414056,392.0
719,1377414061,389.0
719,1377414066,390.0
719,1377414071,390.0
719,1377414076,392.0
719,1377414081,390.0
719,1377414086,398.0
719,1377414091,395.0
719,1377414096,402.0
719,1377414101,399.0
719,1377414106,408.0
719,1377414111,401.0
719,1377414116,395.0
719,1377414121,392.0
719,1377414126,393.0
719,1377414131,390.0
719,1377414136,397.0
719,1377414141,404.0
719,1377414146,408.0
719,1377414151,398.0
719,1377414156,401.0
719,1377414161,402.0
719,1377414166,395.0
719,1377414171,392.0
719,1377414176,387.0
719,1377414181,388.0
719,1377414186,387.0
719,1377414191,388.0
719,1377414196,393.0
719,1377414201,398.0
719,1377414206,403.0
719,1377414211,412.0
719,1377414216,411.0
719,1377414221,412.0
719,1377414226,409.0
719,1377414231,409.0
719,1377414236,398.0
719,1377414241,403.0
719,1377414246,397.0
719,1377414251,402.0
719,1377414256,398.0
719,1377414261,397.0
719,1377414266,392.0
719,1377414271,383.0
719,1377414276,390.0
719,1377414281,387.0
719,1377414286,397.0
719,1377414291,403.0
719,1377414296,408.0
719,1377414301,406.0
719,1377414306,406.0
719,1377414311,398.0
719,1377414316,412.0
719,1377414321,408.0
719,1377414326,403.0
719,1377414331,399.0
719,1377414336,406.0
719,1377414341,409.0
719,1377414346,407.0
719,1377414351,412.0
719,1377414356,398.0
719,1377414361,393.0
719,1377414366,388.0
719,1377414371,387.0
719,1377414376,392.0
719,1377414381,391.0
719,1377414386,400.0
719,1377414391,401.0
719,1377414396,401.0
719,1377414401,398.0
719,1377414406,396.0
719,1377414411,390.0
719,1377414416,391.0
719,1377414421,385.0
719,1377414426,385.0
719,1377414431,390.0
719,1377414436,398.0
719,1377414441,398.0
719,1377414446,402.0
719,1377414451,397.0
719,1377414456,401.0
719,1377414461,398.0
719,1377414466,398.0
719,1377414471,398.0
719,1377414476,391.0
719,1377414481,395.0
719,1377414486,391.0
719,1377414491,391.0
719,1377414496,390.0
719,1377414501,392.0
719,1377414506,391.0
719,1377414511,393.0
719,1377414516,390.0
719,1377414521,398.0
719,1377414526,397.0
719,1377414531,403.0
719,1377414536,407.0
719,1377414541,404.0
719,1377414546,398.0
719,1377414551,398.0
719,1377414556,406.0
719,1377414561,401.0
719,1377414566,400.0
719,1377414571,395.0
719,1377414576,397.0
719,1377414581,402.0
719,1377414586,398.0
719,1377414591,395.0
719,1377414596,401.0
719,1377414601,404.0
719,1377414606,403.0
719,1377414611,402.0
719,1377414616,401.0
719,1377414621,396.0
719,1377414626,390.0
719,1377414631,396.0
719,1377414636,393.0
719,1377414641,390.0
719,1377414646,395.0
719,1377414651,395.0
719,1377414656,393.0
719,1377414661,398.0
719,1377414666,397.0
719,1377414671,401.0
719,1377414676,404.0
719,1377414681,406.0
719,1377414686,407.0
719,1377414691,412.0
719,1377414696,412.0
719,1377414701,412.0
719,1377414706,403.0
719,1377414711,399.0
719,1377414716,399.0
719,1377414721,402.0
719,1377414726,403.0
719,1377414731,412.0
719,1377414736,406.0
719,1377414741,416.0
719,1377414746,407.0
719,1377414751,408.0
719,1377414756,402.0
719,1377414761,401.0
719,1377414766,401.0
719,1377414771,398.0
719,1377414776,396.0
719,1377414781,402.0
719,1377414786,393.0
719,1377414791,393.0
719,1377414796,403.0
719,1377414801,406.0
719,1377414806,407.0
719,1377414811,411.0
719,1377414816,409.0
719,1377414821,409.0
719,1377414826,406.0
719,1377414831,402.0
719,1377414836,402.0
719,1377414841,401.0
719,1377414846,402.0
719,1377414851,397.0
719,1377414856,402.0
719,1377414861,397.0
719,1377414866,402.0
719,1377414871,400.0
719,1377414876,398.0
719,1377414881,398.0
719,1377414886,398.0
719,1377414891,397.0
719,1377414896,412.0
719,1377414901,401.0
719,1377414906,403.0
719,1377414911,393.0
719,1377414916,393.0
719,1377414921,390.0
719,1377414926,393.0
719,1377414931,398.0
719,1377414936,412.0
719,1377414941,409.0
719,1377414946,406.0
719,1377414951,407.0
719,1377414956,412.0
719,1377414961,406.0
719,1377414966,408.0
719,1377414971,406.0
719,1377414976,398.0
719,1377414981,404.0
719,1377414986,397.0
719,1377414991,402.0
719,1377414996,401.0
719,1377415001,399.0
719,1377415006,398.0
719,1377415011,395.0
719,1377415016,396.0
719,1377415021,398.0
719,1377415026,396.0
719,1377415031,397.0
719,1377415036,391.0
719,1377415041,390.0
719,1377415046,398.0
719,1377415051,396.0
719,1377415056,398.0
719,1377415061,391.0
719,1377415066,396.0
719,1377415071,395.0
719,1377415076,398.0
719,1377415081,395.0
719,1377415086,391.0
719,1377415091,392.0
719,1377415096,390.0
719,1377415101,391.0
719,1377415106,395.0
719,1377415111,397.0
719,1377415116,408.0
719,1377415121,406.0
719,1377415126,408.0
719,1377415131,398.0
719,1377415136,401.0
719,1377415141,397.0
719,1377415146,397.0
719,1377415151,398.0
719,1377415156,404.0
719,1377415161,400.0
719,1377415166,397.0
719,1377415171,404.0
719,1377415176,403.0
719,1377415181,406.0
719,1377415186,406.0
719,1377415191,406.0
719,1377415196,398.0
719,1377415201,401.0
719,1377415206,402.0
719,1377415211,403.0
719,1377415216,401.0
719,1377415221,402.0
719,1377415226,395.0
719,1377415231,398.0
719,1377415236,398.0
719,1377415241,397.0
719,1377415246,397.0
719,1377415251,403.0
719,1377415256,401.0
719,1377415261,409.0
719,1377415266,403.0
719,1377415271,408.0
719,1377415276,403.0
719,1377415281,401.0
719,1377415286,401.0
719,1377415291,398.0
719,1377415296,406.0
719,1377415301,407.0
719,1377415306,408.0
719,1377415311,401.0
719,1377415316,400.0
719,1377415321,401.0
719,1377415326,399.0
719,1377415331,412.0
719,1377415336,407.0
719,1377415341,407.0
719,1377415346,407.0
719,1377415351,402.0
719,1377415356,402.0
719,1377415361,403.0
719,1377415366,412.0
719,1377415371,403.0
719,1377415376,407.0
719,1377415381,403.0
719,1377415386,406.0
719,1377415391,409.0
719,1377415396,411.0
719,1377415401,414.0
719,1377415406,412.0
719,1377415411,406.0
719,1377415416,398.0
719,1377415421,390.0
719,1377415426,395.0
719,1377415431,393.0
719,1377415436,398.0
719,1377415441,403.0
719,1377415446,406.0
719,1377415451,407.0
719,1377415456,409.0
719,1377415461,406.0
719,1377415466,403.0
719,1377415471,398.0
719,1377415476,400.0
719,1377415481,398.0
719,1377415486,397.0
719,1377415491,401.0
719,1377415496,401.0
719,1377415501,399.0
719,1377415506,411.0
719,1377415511,416.0
719,1377415516,412.0
719,1377415521,409.0
719,1377415526,401.0
719,1377415531,409.0
719,1377415536,402.0
719,1377415541,397.0
719,1377415546,403.0
719,1377415551,402.0
719,1377415556,404.0
719,1377415561,403.0
719,1377415566,404.0
719,1377415571,404.0
719,1377415576,399.0
719,1377415581,406.0
719,1377415586,407.0
719,1377415591,403.0
719,1377415596,403.0
719,1377415601,400.0
719,1377415606,397.0
719,1377415611,398.0
719,1377415616,398.0
719,1377415621,404.0
719,1377415626,408.0
719,1377415631,404.0
719,1377415636,403.0
719,1377415641,404.0
719,1377415646,408.0
719,1377415651,403.0
719,1377415656,403.0
719,1377415661,405.0
719,1377415666,412.0
719,1377415671,399.0
719,1377415676,412.0
719,1377415681,406.0
719,1377415686,404.0
719,1377415691,406.0
719,1377415696,404.0
719,1377415701,397.0
719,1377415706,397.0
719,1377415711,403.0
719,1377415716,406.0
719,1377415721,416.0
719,1377415726,412.0
719,1377415731,411.0
719,1377415736,407.0
719,1377415741,420.0
719,1377415746,409.0
719,1377415751,412.0
719,1377415756,407.0
719,1377415761,408.0
719,1377415766,403.0
719,1377415771,403.0
719,1377415776,403.0
719,1377415781,407.0
719,1377415786,403.0
719,1377415791,406.0
719,1377415796,401.0
719,1377415801,403.0
719,1377415806,401.0
719,1377415811,396.0
719,1377415816,390.0
719,1377415821,393.0
719,1377415826,393.0
719,1377415831,392.0
719,1377415836,388.0
719,1377415841,383.0
719,1377415846,390.0
719,1377415851,396.0
719,1377415856,393.0
719,1377415861,398.0
719,1377415866,395.0
719,1377415871,398.0
719,1377415876,404.0
719,1377415881,408.0
719,1377415886,412.0
719,1377415891,412.0
719,1377415896,409.0
719,1377415901,400.0
719,1377415906,404.0
719,1377415911,396.0
719,1377415916,396.0
719,1377415921,398.0
719,1377415926,399.0
719,1377415931,401.0
719,1377415936,406.0
719,1377415941,403.0
719,1377415946,403.0
719,1377415951,401.0
719,1377415956,401.0
719,1377415961,401.0
719,1377415966,401.0
719,1377415971,404.0
719,1377415976,404.0
719,1377415981,404.0
719,1377415986,399.0
719,1377415991,408.0
719,1377415996,391.0
719,1377416001,398.0
719,1377416006,398.0
719,1377416011,404.0
719,1377416016,397.0
719,1377416021,402.0
719,1377416026,396.0
719,1377416031,396.0
719,1377416036,395.0
719,1377416041,396.0
719,1377416046,398.0
719,1377416051,396.0
719,1377416056,395.0
719,1377416061,391.0
719,1377416066,387.0
719,1377416071,391.0
719,1377416076,396.0
719,1377416081,397.0
719,1377416086,397.0
719,1377416091,404.0
719,1377416096,412.0
719,1377416101,399.0
719,1377416106,398.0
719,1377416111,401.0
719,1377416116,403.0
719,1377416121,403.0
719,1377416126,398.0
719,1377416131,397.0
719,1377416136,403.0
719,1377416141,403.0
719,1377416146,409.0
719,1377416151,414.0
719,1377416156,413.0
719,1377416161,412.0
719,1377416166,408.0
719,1377416171,408.0
719,1377416176,403.0
719,1377416181,403.0
719,1377416186,402.0
719,1377416191,391.0
719,1377416196,387.0
719,1377416201,385.0
719,1377416206,392.0
719,1377416211,396.0
719,1377416216,397.0
719,1377416221,403.0
719,1377416226,409.0
719,1377416231,408.0
719,1377416236,406.0
719,1377416241,406.0
719,1377416246,408.0
719,1377416251,409.0
719,1377416256,409.0
719,1377416261,413.0
719,1377416266,416.0
719,1377416271,412.0
719,1377416276,409.0
719,1377416281,407.0
719,1377416286,403.0
719,1377416291,406.0
719,1377416296,404.0
719,1377416301,403.0
719,1377416306,401.0
719,1377416311,401.0
719,1377416316,403.0
719,1377416321,403.0
719,1377416326,395.0
719,1377416331,393.0
719,1377416336,392.0
719,1377416341,387.0
719,1377416346,392.0
719,1377416351,390.0
719,1377416356,396.0
719,1377416361,401.0
719,1377416366,408.0
719,1377416371,406.0
719,1377416376,408.0
719,1377416381,408.0
719,1377416386,409.0
719,1377416391,409.0
719,1377416396,409.0
719,1377416401,409.0
719,1377416406,407.0
719,1377416411,408.0
719,1377416416,404.0
719,1377416421,403.0
719,1377416426,409.0
719,1377416431,406.0
719,1377416436,408.0
719,1377416441,416.0
719,1377416446,408.0
719,1377416451,398.0
719,1377416456,403.0
719,1377416461,404.0
719,1377416466,403.0
719,1377416471,403.0
719,1377416476,401.0
719,1377416481,404.0
719,1377416486,406.0
719,1377416491,404.0
719,1377416496,397.0
719,1377416501,404.0
719,1377416506,399.0
719,1377416511,403.0
719,1377416516,397.0
719,1377416521,397.0
719,1377416526,393.0
719,1377416531,397.0
719,1377416536,395.0
719,1377416541,391.0
719,1377416546,390.0
719,1377416551,396.0
719,1377416556,398.0
719,1377416561,397.0
719,1377416566,402.0
719,1377416571,401.0
719,1377416576,397.0
719,1377416581,398.0
719,1377416586,401.0
719,1377416591,402.0
719,1377416596,403.0
719,1377416601,408.0
719,1377416606,406.0
719,1377416611,403.0
719,1377416616,401.0
719,1377416621,401.0
719,1377416626,401.0
719,1377416631,400.0
719,1377416636,406.0
719,1377416641,398.0
719,1377416646,397.0
719,1377416651,399.0
719,1377416656,403.0
719,1377416661,408.0
719,1377416666,407.0
719,1377416671,406.0
719,1377416676,406.0
719,1377416681,397.0
719,1377416686,401.0
719,1377416691,401.0
719,1377416696,416.0
719,1377416701,407.0
719,1377416706,407.0
719,1377416711,411.0
719,1377416716,399.0
719,1377416721,398.0
719,1377416726,396.0
719,1377416731,391.0
719,1377416736,392.0
719,1377416741,396.0
719,1377416746,398.0
719,1377416751,403.0
719,1377416756,398.0
719,1377416761,398.0
719,1377416766,401.0
719,1377416771,412.0
719,1377416776,404.0
719,1377416781,416.0
719,1377416786,401.0
719,1377416791,397.0
719,1377416796,397.0
719,1377416801,395.0
719,1377416806,393.0
719,1377416811,398.0
719,1377416816,401.0
719,1377416821,403.0
719,1377416826,404.0
719,1377416831,406.0
719,1377416836,407.0
719,1377416841,403.0
719,1377416846,408.0
719,1377416851,408.0
719,1377416856,404.0
719,1377416861,407.0
719,1377416866,409.0
719,1377416871,404.0
719,1377416876,401.0
719,1377416881,397.0
719,1377416886,398.0
719,1377416891,391.0
719,1377416896,396.0
719,1377416901,390.0
719,1377416906,396.0
719,1377416911,391.0
719,1377416916,400.0
719,1377416921,401.0
719,1377416926,398.0
719,1377416931,398.0
719,1377416936,403.0
719,1377416941,407.0
719,1377416946,411.0
719,1377416951,406.0
719,1377416956,401.0
719,1377416961,398.0
719,1377416966,391.0
719,1377416971,395.0
719,1377416976,395.0
719,1377416981,393.0
719,1377416986,398.0
719,1377416991,396.0
719,1377416996,391.0
719,1377417001,393.0
719,1377417006,396.0
719,1377417011,398.0
719,1377417016,396.0
719,1377417021,398.0
719,1377417026,401.0
719,1377417031,398.0
719,1377417036,403.0
719,1377417041,406.0
719,1377417046,399.0
719,1377417051,408.0
719,1377417056,408.0
719,1377417061,406.0
719,1377417066,406.0
719,1377417071,397.0
719,1377417076,397.0
719,1377417081,398.0
719,1377417086,402.0
719,1377417091,403.0
719,1377417096,409.0
719,1377417101,407.0
719,1377417106,406.0
719,1377417111,403.0
719,1377417116,401.0
719,1377417121,393.0
719,1377417126,397.0
719,1377417131,396.0
719,1377417136,396.0
719,1377417141,398.0
719,1377417146,398.0
719,1377417151,400.0
719,1377417156,397.0
719,1377417161,398.0
719,1377417166,401.0
719,1377417171,398.0
719,1377417176,393.0
719,1377417181,393.0
719,1377417186,392.0
719,1377417191,383.0
719,1377417196,387.0
719,1377417201,390.0
719,1377417206,393.0
719,1377417211,403.0
719,1377417216,412.0
719,1377417221,406.0
719,1377417226,407.0
719,1377417231,403.0
719,1377417236,398.0
719,1377417241,404.0
719,1377417246,401.0
719,1377417251,403.0
719,1377417256,406.0
719,1377417261,408.0
719,1377417266,403.0
719,1377417271,416.0
719,1377417276,406.0
719,1377417281,401.0
719,1377417286,391.0
719,1377417291,398.0
719,1377417296,390.0
719,1377417301,402.0
719,1377417306,409.0
719,1377417311,416.0
719,1377417316,409.0
719,1377417321,402.0
719,1377417326,401.0
719,1377417331,401.0
719,1377417336,401.0
719,1377417341,397.0
719,1377417346,403.0
719,1377417351,397.0
719,1377417356,404.0
719,1377417361,401.0
719,1377417366,401.0
719,1377417371,396.0
719,1377417376,398.0
719,1377417381,388.0
719,1377417386,387.0
719,1377417391,388.0
719,1377417396,393.0
719,1377417401,401.0
719,1377417406,404.0
719,1377417411,402.0
719,1377417416,404.0
719,1377417421,401.0
719,1377417426,401.0
719,1377417431,404.0
719,1377417436,401.0
719,1377417441,404.0
719,1377417446,396.0
719,1377417451,396.0
719,1377417456,393.0
719,1377417461,395.0
719,1377417466,404.0
719,1377417471,405.0
719,1377417476,408.0
719,1377417481,401.0
719,1377417486,401.0
719,1377417491,398.0
719,1377417496,398.0
719,1377417501,401.0
719,1377417506,397.0
719,1377417511,397.0
719,1377417516,395.0
719,1377417521,391.0
719,1377417526,393.0
719,1377417531,398.0
719,1377417536,396.0
719,1377417541,391.0
719,1377417546,385.0
719,1377417551,385.0
719,1377417556,387.0
719,1377417561,396.0
719,1377417566,396.0
719,1377417571,401.0
719,1377417576,403.0
719,1377417581,403.0
719,1377417586,398.0
719,1377417591,401.0
719,1377417596,395.0
719,1377417601,401.0
719,1377417606,401.0
719,1377417611,408.0
719,1377417616,407.0
719,1377417621,407.0
719,1377417626,407.0
719,1377417631,401.0
719,1377417636,397.0
719,1377417641,396.0
719,1377417646,391.0
719,1377417651,396.0
719,1377417656,397.0
719,1377417661,396.0
719,1377417666,398.0
719,1377417671,401.0
719,1377417676,402.0
719,1377417681,403.0
719,1377417686,409.0
719,1377417691,406.0
719,1377417696,409.0
719,1377417701,409.0
719,1377417706,412.0
719,1377417711,412.0
719,1377417716,401.0
719,1377417721,395.0
719,1377417726,396.0
719,1377417731,391.0
719,1377417736,401.0
719,1377417741,401.0
719,1377417746,393.0
719,1377417751,395.0
719,1377417756,390.0
719,1377417761,395.0
719,1377417766,401.0
719,1377417771,409.0
719,1377417776,406.0
719,1377417781,406.0
719,1377417786,398.0
719,1377417791,396.0
719,1377417796,396.0
719,1377417801,390.0
719,1377417806,397.0
719,1377417811,398.0
719,1377417816,398.0
719,1377417821,401.0
719,1377417826,397.0
719,1377417831,398.0
719,1377417836,402.0
719,1377417841,401.0
719,1377417846,401.0
719,1377417851,398.0
719,1377417856,393.0
719,1377417861,390.0
719,1377417866,396.0
719,1377417871,395.0
719,1377417876,395.0
719,1377417881,390.0
719,1377417886,390.0
719,1377417891,390.0
719,1377417896,393.0
719,1377417901,395.0
719,1377417906,397.0
719,1377417911,401.0
719,1377417916,403.0
719,1377417921,403.0
719,1377417926,403.0
719,1377417931,406.0
719,1377417936,408.0
719,1377417941,403.0
719,1377417946,403.0
719,1377417951,398.0
719,1377417956,402.0
719,1377417961,401.0
719,1377417966,401.0
719,1377417971,398.0
719,1377417976,399.0
719,1377417981,401.0
719,1377417986,397.0
719,1377417991,402.0
719,1377417996,402.0
719,1377418001,412.0
719,1377418006,397.0
719,1377418011,401.0
719,1377418016,395.0
719,1377418021,397.0
719,1377418026,395.0
719,1377418031,400.0
719,1377418036,391.0
719,1377418041,396.0
719,1377418046,395.0
719,1377418051,391.0
719,1377418056,391.0
719,1377418061,390.0
719,1377418066,398.0
719,1377418071,397.0
719,1377418076,402.0
719,1377418081,398.0
719,1377418086,397.0
719,1377418091,397.0
719,1377418096,395.0
719,1377418101,396.0
719,1377418106,391.0
719,1377418111,390.0
719,1377418116,398.0
719,1377418121,398.0
719,1377418126,398.0
719,1377418131,397.0
719,1377418136,401.0
719,1377418141,397.0
719,1377418146,398.0
719,1377418151,403.0
719,1377418156,404.0
719,1377418161,408.0
719,1377418166,399.0
719,1377418171,398.0
719,1377418176,401.0
719,1377418181,396.0
719,1377418186,392.0
719,1377418191,396.0
719,1377418196,391.0
719,1377418201,396.0
719,1377418206,395.0
719,1377418211,398.0
719,1377418216,398.0
719,1377418221,396.0
719,1377418226,393.0
719,1377418231,396.0
719,1377418236,398.0
719,1377418241,396.0
719,1377418246,393.0
719,1377418251,390.0
719,1377418256,388.0
719,1377418261,391.0
719,1377418266,398.0
719,1377418271,397.0
719,1377418276,391.0
719,1377418281,400.0
719,1377418286,396.0
719,1377418291,400.0
719,1377418296,397.0
719,1377418301,406.0
719,1377418307,412.0
719,1377418311,409.0
719,1377418316,403.0
719,1377418321,401.0
719,1377418326,397.0
719,1377418331,394.0
719,1377418336,392.0
719,1377418341,388.0
719,1377418346,393.0
719,1377418351,398.0
719,1377418356,401.0
719,1377418361,401.0
719,1377418366,397.0
719,1377418371,390.0
719,1377418376,396.0
719,1377418381,388.0
719,1377418386,392.0
719,1377418391,390.0
719,1377418396,392.0
719,1377418401,383.0
719,1377418406,391.0
719,1377418411,390.0
719,1377418416,395.0
719,1377418421,390.0
719,1377418426,398.0
719,1377418431,401.0
719,1377418436,401.0
719,1377418441,401.0
719,1377418446,398.0
719,1377418451,402.0
719,1377418456,402.0
719,1377418461,402.0
719,1377418466,402.0
719,1377418471,403.0
719,1377418476,398.0
719,1377418481,401.0
719,1377418486,398.0
719,1377418491,398.0
719,1377418496,398.0
719,1377418501,391.0
719,1377418506,393.0
719,1377418511,412.0
719,1377418516,406.0
719,1377418521,412.0
719,1377418526,408.0
719,1377418531,403.0
719,1377418536,398.0
719,1377418541,399.0
719,1377418546,398.0
719,1377418551,398.0
719,1377418556,401.0
719,1377418561,403.0
719,1377418566,408.0
719,1377418571,404.0
719,1377418576,403.0
719,1377418581,399.0
719,1377418586,402.0
719,1377418591,398.0
719,1377418596,390.0
719,1377418601,390.0
719,1377418606,396.0
719,1377418611,391.0
719,1377418616,398.0
719,1377418621,403.0
719,1377418626,406.0
719,1377418631,409.0
719,1377418636,407.0
719,1377418641,403.0
719,1377418646,402.0
719,1377418651,395.0
719,1377418656,402.0
719,1377418661,401.0
719,1377418666,397.0
719,1377418671,391.0
719,1377418676,395.0
719,1377418681,391.0
719,1377418686,401.0
719,1377418691,399.0
719,1377418696,404.0
719,1377418701,401.0
719,1377418706,400.0
719,1377418711,397.0
719,1377418716,401.0
719,1377418721,397.0
719,1377418726,397.0
719,1377418731,397.0
719,1377418736,396.0
719,1377418741,391.0
719,1377418746,395.0
719,1377418751,397.0
719,1377418756,395.0
719,1377418761,401.0
719,1377418766,407.0
719,1377418771,412.0
719,1377418776,407.0
719,1377418781,417.0
719,1377418786,411.0
719,1377418791,411.0
719,1377418796,411.0
719,1377418801,409.0
719,1377418806,409.0
719,1377418811,406.0
719,1377418816,406.0
719,1377418821,412.0
719,1377418826,412.0
719,1377418831,406.0
719,1377418836,398.0
719,1377418841,398.0
719,1377418846,393.0
719,1377418851,393.0
719,1377418856,402.0
719,1377418861,404.0
719,1377418866,409.0
719,1377418871,407.0
719,1377418876,414.0
719,1377418881,409.0
719,1377418886,416.0
719,1377418891,407.0
719,1377418896,406.0
719,1377418901,403.0
719,1377418906,405.0
719,1377418911,398.0
719,1377418916,398.0
719,1377418921,396.0
719,1377418926,398.0
719,1377418931,396.0
719,1377418936,398.0
719,1377418941,401.0
719,1377418946,403.0
719,1377418951,409.0
719,1377418956,412.0
719,1377418961,412.0
719,1377418966,409.0
719,1377418971,403.0
719,1377418976,403.0
719,1377418981,398.0
719,1377418986,396.0
719,1377418991,396.0
719,1377418996,396.0
719,1377419001,400.0
719,1377419006,401.0
719,1377419011,401.0
719,1377419016,398.0
719,1377419021,398.0
719,1377419026,402.0
719,1377419031,395.0
719,1377419036,392.0
719,1377419041,396.0
719,1377419046,388.0
719,1377419051,382.0
719,1377419056,392.0
719,1377419061,398.0
719,1377419066,402.0
719,1377419071,404.0
719,1377419076,408.0
719,1377419081,403.0
719,1377419086,403.0
719,1377419091,398.0
719,1377419096,393.0
719,1377419101,383.0
719,1377419106,387.0
719,1377419111,392.0
719,1377419116,391.0
719,1377419121,393.0
719,1377419126,393.0
719,1377419131,392.0
719,1377419137,390.0
719,1377419141,397.0
719,1377419146,403.0
719,1377419151,403.0
719,1377419156,409.0
719,1377419161,406.0
719,1377419166,406.0
719,1377419171,397.0
719,1377419176,406.0
719,1377419181,391.0
719,1377419186,393.0
719,1377419191,390.0
719,1377419196,396.0
719,1377419201,396.0
719,1377419206,398.0
719,1377419211,395.0
719,1377419216,401.0
719,1377419221,401.0
719,1377419226,402.0
719,1377419231,401.0
719,1377419236,401.0
719,1377419241,393.0
719,1377419246,398.0
719,1377419251,398.0
719,1377419256,401.0
719,1377419261,397.0
719,1377419266,396.0
719,1377419271,398.0
719,1377419276,397.0
719,1377419281,398.0
719,1377419286,397.0
719,1377419291,397.0
719,1377419296,396.0
719,1377419301,396.0
719,1377419306,383.0
719,1377419311,387.0
719,1377419316,382.0
719,1377419321,385.0
719,1377419326,392.0
719,1377419331,396.0
719,1377419336,395.0
719,1377419341,403.0
719,1377419346,402.0
719,1377419351,401.0
719,1377419356,399.0
719,1377419361,408.0
719,1377419366,406.0
719,1377419371,409.0
719,1377419376,408.0
719,1377419381,403.0
719,1377419386,404.0
719,1377419391,401.0
719,1377419396,403.0
719,1377419401,403.0
719,1377419406,406.0
719,1377419411,398.0
719,1377419416,395.0
719,1377419421,383.0
719,1377419426,395.0
719,1377419431,395.0
719,1377419436,401.0
719,1377419441,397.0
719,1377419446,404.0
719,1377419451,397.0
719,1377419456,400.0
719,1377419461,398.0
719,1377419466,391.0
719,1377419471,396.0
719,1377419476,395.0
719,1377419481,396.0
719,1377419486,401.0
719,1377419491,398.0
719,1377419496,406.0
719,1377419501,409.0
719,1377419506,406.0
719,1377419511,408.0
719,1377419516,401.0
719,1377419521,391.0
719,1377419526,396.0
719,1377419531,395.0
719,1377419536,396.0
719,1377419541,397.0
719,1377419546,398.0
719,1377419551,401.0
719,1377419556,408.0
719,1377419561,408.0
719,1377419566,403.0
719,1377419571,399.0
719,1377419576,402.0
719,1377419581,398.0
719,1377419586,390.0
719,1377419591,387.0
719,1377419596,382.0
719,1377419601,385.0
719,1377419606,382.0
719,1377419611,385.0
719,1377419616,385.0
719,1377419621,387.0
719,1377419626,393.0
719,1377419631,398.0
719,1377419636,401.0
719,1377419641,403.0
719,1377419646,412.0
719,1377419651,395.0
719,1377419656,397.0
719,1377419661,393.0
719,1377419666,395.0
719,1377419671,396.0
719,1377419676,391.0
719,1377419681,396.0
719,1377419686,391.0
719,1377419691,391.0
719,1377419696,391.0
719,1377419701,391.0
719,1377419706,393.0
719,1377419711,391.0
719,1377419716,396.0
719,1377419721,393.0
719,1377419726,392.0
719,1377419731,387.0
719,1377419736,390.0
719,1377419741,387.0
719,1377419746,390.0
719,1377419751,392.0
719,1377419756,393.0
719,1377419761,403.0
719,1377419766,402.0
719,1377419771,403.0
719,1377419776,400.0
719,1377419781,396.0
719,1377419786,396.0
719,1377419791,393.0
719,1377419796,393.0
719,1377419801,397.0
719,1377419806,401.0
719,1377419811,403.0
719,1377419816,401.0
719,1377419821,405.0
719,1377419826,398.0
719,1377419831,403.0
719,1377419836,403.0
719,1377419841,401.0
719,1377419846,395.0
719,1377419851,387.0
719,1377419856,392.0
719,1377419861,398.0
719,1377419866,401.0
719,1377419871,398.0
719,1377419876,398.0
719,1377419881,397.0
719,1377419886,404.0
719,1377419891,404.0
719,1377419896,409.0
719,1377419901,407.0
719,1377419906,406.0
719,1377419911,403.0
719,1377419916,398.0
719,1377419921,397.0
719,1377419926,401.0
719,1377419931,391.0
719,1377419936,396.0
719,1377419941,396.0
719,1377419946,387.0
719,1377419951,391.0
719,1377419956,391.0
719,1377419961,395.0
719,1377419966,401.0
719,1377419971,395.0
719,1377419976,391.0
719,1377419981,390.0
719,1377419986,385.0
719,1377419991,384.0
719,1377419996,385.0
719,1377420001,392.0
719,1377420006,401.0
719,1377420011,398.0
719,1377420016,398.0
719,1377420021,403.0
719,1377420026,398.0
719,1377420031,400.0
719,1377420036,391.0
719,1377420041,398.0
719,1377420046,396.0
719,1377420051,398.0
719,1377420056,390.0
719,1377420061,388.0
719,1377420066,390.0
719,1377420071,391.0
719,1377420076,395.0
719,1377420081,396.0
719,1377420086,400.0
719,1377420091,403.0
719,1377420096,408.0
719,1377420101,409.0
719,1377420106,413.0
719,1377420111,411.0
719,1377420116,407.0
719,1377420121,407.0
719,1377420126,409.0
719,1377420131,406.0
719,1377420136,398.0
719,1377420141,401.0
719,1377420146,398.0
719,1377420151,391.0
719,1377420156,390.0
719,1377420161,387.0
719,1377420166,390.0
719,1377420171,396.0
719,1377420176,390.0
719,1377420181,397.0
719,1377420186,395.0
719,1377420191,393.0
719,1377420196,391.0
719,1377420201,395.0
719,1377420206,393.0
719,1377420211,396.0
719,1377420216,396.0
719,1377420221,398.0
719,1377420226,396.0
719,1377420231,398.0
719,1377420236,390.0
719,1377420241,390.0
719,1377420246,390.0
719,1377420251,392.0
719,1377420256,390.0
719,1377420261,398.0
719,1377420266,398.0
719,1377420271,401.0
719,1377420276,397.0
719,1377420281,401.0
719,1377420286,395.0
719,1377420291,393.0
719,1377420296,387.0
719,1377420301,393.0
719,1377420306,390.0
719,1377420311,391.0
719,1377420316,398.0
719,1377420321,399.0
719,1377420326,391.0
719,1377420331,391.0
719,1377420336,391.0
719,1377420341,390.0
719,1377420346,387.0
719,1377420351,390.0
719,1377420356,392.0
719,1377420361,396.0
719,1377420366,396.0
719,1377420371,392.0
719,1377420376,392.0
719,1377420381,387.0
719,1377420386,392.0
719,1377420391,382.0
719,1377420396,390.0
719,1377420401,383.0
719,1377420406,392.0
719,1377420411,391.0
719,1377420416,395.0
719,1377420421,391.0
719,1377420426,401.0
719,1377420431,391.0
719,1377420436,391.0
719,1377420441,395.0
719,1377420446,396.0
719,1377420451,387.0
719,1377420456,393.0
719,1377420461,395.0
719,1377420466,395.0
719,1377420471,398.0
719,1377420476,408.0
719,1377420481,407.0
719,1377420486,406.0
719,1377420491,403.0
719,1377420496,396.0
719,1377420501,393.0
719,1377420506,395.0
719,1377420511,401.0
719,1377420516,402.0
719,1377420522,404.0
719,1377420526,401.0
719,1377420531,406.0
719,1377420536,409.0
719,1377420541,412.0
719,1377420546,399.0
719,1377420551,412.0
719,1377420556,401.0
719,1377420561,402.0
719,1377420566,398.0
719,1377420571,396.0
719,1377420576,391.0
719,1377420581,398.0
719,1377420586,393.0
719,1377420591,393.0
719,1377420596,393.0
719,1377420601,395.0
719,1377420606,397.0
719,1377420611,395.0
719,1377420616,391.0
719,1377420621,395.0
719,1377420626,391.0
719,1377420631,395.0
719,1377420636,402.0
719,1377420641,397.0
719,1377420646,404.0
719,1377420651,397.0
719,1377420656,400.0
719,1377420661,391.0
719,1377420666,391.0
719,1377420671,396.0
719,1377420676,394.0
719,1377420681,391.0
719,1377420686,391.0
719,1377420691,392.0
719,1377420696,392.0
719,1377420701,392.0
719,1377420706,392.0
719,1377420711,390.0
719,1377420716,387.0
719,1377420721,391.0
719,1377420726,396.0
719,1377420731,393.0
719,1377420736,391.0
719,1377420741,393.0
719,1377420746,401.0
719,1377420751,403.0
719,1377420756,408.0
719,1377420761,409.0
719,1377420766,403.0
719,1377420771,404.0
719,1377420776,403.0
719,1377420781,399.0
719,1377420786,396.0
719,1377420791,398.0
719,1377420796,396.0
719,1377420801,404.0
719,1377420806,396.0
719,1377420811,396.0
719,1377420816,395.0
719,1377420821,398.0
719,1377420826,403.0
719,1377420831,406.0
719,1377420836,407.0
719,1377420841,406.0
719,1377420846,395.0
719,1377420851,388.0
719,1377420856,379.0
719,1377420861,381.0
719,1377420866,377.0
719,1377420871,387.0
719,1377420876,391.0
719,1377420881,390.0
719,1377420886,395.0
719,1377420891,396.0
719,1377420896,397.0
719,1377420901,401.0
719,1377420906,401.0
719,1377420911,390.0
719,1377420916,392.0
719,1377420921,385.0
719,1377420926,385.0
719,1377420931,387.0
719,1377420936,393.0
719,1377420941,395.0
719,1377420946,398.0
719,1377420951,401.0
719,1377420956,401.0
719,1377420961,400.0
719,1377420966,398.0
719,1377420971,402.0
719,1377420976,412.0
719,1377420981,405.0
719,1377420986,403.0
719,1377420991,397.0
719,1377420996,391.0
719,1377421001,388.0
719,1377421006,392.0
719,1377421011,392.0
719,1377421016,390.0
719,1377421021,393.0
719,1377421026,390.0
719,1377421031,387.0
719,1377421036,390.0
719,1377421041,393.0
719,1377421046,391.0
719,1377421051,401.0
719,1377421056,403.0
719,1377421061,403.0
719,1377421066,403.0
719,1377421071,403.0
719,1377421076,401.0
719,1377421081,391.0
719,1377421086,390.0
719,1377421091,390.0
719,1377421096,390.0
719,1377421101,390.0
719,1377421106,392.0
719,1377421111,387.0
719,1377421116,393.0
719,1377421121,390.0
719,1377421126,390.0
719,1377421131,388.0
719,1377421136,391.0
719,1377421141,396.0
719,1377421146,396.0
719,1377421151,392.0
719,1377421156,395.0
719,1377421161,402.0
719,1377421166,403.0
719,1377421171,401.0
719,1377421176,396.0
719,1377421181,390.0
719,1377421186,393.0
719,1377421191,398.0
719,1377421196,401.0
719,1377421201,404.0
719,1377421206,403.0
719,1377421211,398.0
719,1377421216,391.0
719,1377421221,396.0
719,1377421226,387.0
719,1377421231,393.0
719,1377421236,395.0
719,1377421241,395.0
719,1377421246,401.0
719,1377421251,398.0
719,1377421256,402.0
719,1377421261,403.0
719,1377421266,406.0
719,1377421271,409.0
719,1377421276,401.0
719,1377421281,403.0
719,1377421287,398.0
719,1377421291,397.0
719,1377421296,402.0
719,1377421301,401.0
719,1377421306,396.0
719,1377421311,390.0
719,1377421316,392.0
719,1377421321,390.0
719,1377421326,390.0
719,1377421331,387.0
719,1377421336,392.0
719,1377421341,391.0
719,1377421346,390.0
719,1377421351,392.0
719,1377421356,392.0
719,1377421361,400.0
719,1377421366,401.0
719,1377421371,408.0
719,1377421376,406.0
719,1377421381,402.0
719,1377421386,401.0
719,1377421391,390.0
719,1377421396,396.0
719,1377421401,393.0
719,1377421406,398.0
719,1377421411,401.0
719,1377421416,402.0
719,1377421421,412.0
719,1377421426,416.0
719,1377421431,401.0
719,1377421436,398.0
719,1377421441,396.0
719,1377421446,391.0
719,1377421451,395.0
719,1377421456,393.0
719,1377421461,392.0
719,1377421466,388.0
719,1377421471,385.0
719,1377421476,385.0
719,1377421481,387.0
719,1377421486,390.0
719,1377421491,387.0
719,1377421496,393.0
719,1377421501,398.0
719,1377421506,398.0
719,1377421511,398.0
719,1377421516,397.0
719,1377421521,395.0
719,1377421526,396.0
719,1377421531,393.0
719,1377421536,393.0
719,1377421541,397.0
719,1377421546,402.0
719,1377421551,408.0
719,1377421556,403.0
719,1377421561,407.0
719,1377421566,403.0
719,1377421571,397.0
719,1377421576,390.0
719,1377421581,387.0
719,1377421586,392.0
719,1377421591,390.0
719,1377421596,396.0
719,1377421601,390.0
719,1377421606,391.0
719,1377421611,399.0
719,1377421616,404.0
719,1377421621,401.0
719,1377421626,397.0
719,1377421631,396.0
719,1377421636,387.0
719,1377421641,387.0
719,1377421646,388.0
719,1377421651,388.0
719,1377421656,390.0
719,1377421661,392.0
719,1377421666,396.0
719,1377421672,397.0
719,1377421676,406.0
719,1377421681,412.0
719,1377421686,419.0
719,1377421691,409.0
719,1377421696,404.0
719,1377421701,404.0
719,1377421706,399.0
719,1377421711,393.0
719,1377421716,391.0
719,1377421721,389.0
719,1377421726,387.0
719,1377421731,396.0
719,1377421736,395.0
719,1377421741,397.0
719,1377421746,397.0
719,1377421751,401.0
719,1377421756,398.0
719,1377421761,397.0
719,1377421766,390.0
719,1377421771,383.0
719,1377421776,383.0
719,1377421781,392.0
719,1377421786,396.0
719,1377421791,402.0
719,1377421796,403.0
719,1377421801,408.0
719,1377421806,404.0
719,1377421811,412.0
719,1377421816,404.0
719,1377421821,404.0
719,1377421826,401.0
719,1377421831,398.0
719,1377421836,395.0
719,1377421841,396.0
719,1377421846,397.0
719,1377421851,403.0
719,1377421856,408.0
719,1377421861,403.0
719,1377421866,402.0
719,1377421871,401.0
719,1377421876,400.0
719,1377421881,397.0
719,1377421886,397.0
719,1377421891,397.0
719,1377421896,401.0
719,1377421901,398.0
719,1377421906,401.0
719,1377421911,400.0
719,1377421916,398.0
719,1377421921,401.0
719,1377421926,398.0
719,1377421931,399.0
719,1377421936,406.0
719,1377421941,403.0
719,1377421946,398.0
719,1377421951,396.0
719,1377421956,391.0
719,1377421961,390.0
719,1377421966,393.0
719,1377421971,396.0
719,1377421976,395.0
719,1377421981,398.0
719,1377421986,391.0
719,1377421991,398.0
719,1377421996,393.0
719,1377422001,395.0
719,1377422006,398.0
719,1377422011,398.0
719,1377422016,395.0
719,1377422021,401.0
719,1377422026,400.0
719,1377422031,400.0
719,1377422036,392.0
719,1377422041,382.0
719,1377422046,387.0
719,1377422051,393.0
719,1377422056,398.0
719,1377422061,408.0
719,1377422066,403.0
719,1377422071,403.0
719,1377422076,399.0
719,1377422081,403.0
719,1377422086,406.0
719,1377422091,408.0
719,1377422096,408.0
719,1377422101,403.0
719,1377422106,401.0
719,1377422111,390.0
719,1377422116,393.0
719,1377422121,387.0
719,1377422126,387.0
719,1377422131,390.0
719,1377422136,383.0
719,1377422141,392.0
719,1377422146,388.0
719,1377422151,396.0
719,1377422156,400.0
719,1377422161,403.0
719,1377422166,408.0
719,1377422171,401.0
719,1377422176,403.0
719,1377422181,391.0
719,1377422186,390.0
719,1377422191,387.0
719,1377422196,392.0
719,1377422201,390.0
719,1377422206,395.0
719,1377422211,402.0
719,1377422216,397.0
719,1377422221,403.0
719,1377422226,404.0
719,1377422231,399.0
719,1377422236,402.0
719,1377422241,398.0
719,1377422246,391.0
719,1377422251,398.0
719,1377422256,406.0
719,1377422261,406.0
719,1377422266,407.0
719,1377422271,412.0
719,1377422276,402.0
719,1377422281,401.0
719,1377422286,390.0
719,1377422291,391.0
719,1377422296,393.0
719,1377422301,391.0
719,1377422306,397.0
719,1377422311,403.0
719,1377422316,397.0
719,1377422321,396.0
719,1377422326,390.0
719,1377422331,387.0
719,1377422336,385.0
719,1377422341,387.0
719,1377422346,383.0
719,1377422351,383.0
719,1377422356,385.0
719,1377422361,382.0
719,1377422366,384.0
719,1377422371,383.0
719,1377422377,387.0
719,1377422381,390.0
719,1377422386,390.0
719,1377422391,391.0
719,1377422396,390.0
719,1377422401,395.0
719,1377422406,390.0
719,1377422411,397.0
719,1377422416,397.0
719,1377422421,398.0
719,1377422426,403.0
719,1377422431,408.0
719,1377422436,412.0
719,1377422441,407.0
719,1377422446,406.0
719,1377422451,399.0
719,1377422456,401.0
719,1377422461,403.0
719,1377422466,404.0
719,1377422471,399.0
719,1377422476,405.0
719,1377422481,406.0
719,1377422486,408.0
719,1377422491,409.0
719,1377422496,412.0
719,1377422501,407.0
719,1377422506,411.0
719,1377422511,412.0
719,1377422516,412.0
719,1377422521,407.0
719,1377422526,403.0
719,1377422531,406.0
719,1377422536,403.0
719,1377422541,407.0
719,1377422546,398.0
719,1377422551,403.0
719,1377422556,398.0
719,1377422561,398.0
719,1377422566,390.0
719,1377422571,396.0
719,1377422576,390.0
719,1377422581,396.0
719,1377422586,396.0
719,1377422591,398.0
719,1377422596,396.0
719,1377422601,395.0
719,1377422606,397.0
719,1377422611,401.0
719,1377422616,400.0
719,1377422621,391.0
719,1377422626,393.0
719,1377422631,391.0
719,1377422636,390.0
719,1377422641,403.0
719,1377422646,412.0
719,1377422651,401.0
719,1377422656,398.0
719,1377422661,398.0
719,1377422666,395.0
719,1377422671,396.0
719,1377422676,404.0
719,1377422681,395.0
719,1377422686,402.0
719,1377422691,398.0
719,1377422696,398.0
719,1377422701,401.0
719,1377422706,404.0
719,1377422711,401.0
719,1377422716,400.0
719,1377422721,395.0
719,1377422726,398.0
719,1377422731,397.0
719,1377422736,402.0
719,1377422741,404.0
719,1377422746,402.0
719,1377422751,397.0
719,1377422756,395.0
719,1377422761,393.0
719,1377422766,398.0
719,1377422771,395.0
719,1377422776,398.0
719,1377422781,401.0
719,1377422786,393.0
719,1377422791,393.0
719,1377422796,388.0
719,1377422801,392.0
719,1377422806,382.0
719,1377422811,393.0
719,1377422816,391.0
719,1377422821,401.0
719,1377422826,397.0
719,1377422831,395.0
719,1377422836,396.0
719,1377422841,393.0
719,1377422846,396.0
719,1377422851,395.0
719,1377422856,402.0
719,1377422861,398.0
719,1377422866,403.0
719,1377422871,408.0
719,1377422876,404.0
719,1377422881,403.0
719,1377422886,412.0
719,1377422891,409.0
719,1377422896,420.0
719,1377422901,401.0
719,1377422906,393.0
719,1377422911,388.0
719,1377422916,382.0
719,1377422921,390.0
719,1377422926,393.0
719,1377422931,396.0
719,1377422936,401.0
719,1377422941,397.0
719,1377422946,401.0
719,1377422951,397.0
719,1377422956,399.0
719,1377422961,406.0
719,1377422966,404.0
719,1377422971,406.0
719,1377422976,403.0
719,1377422981,399.0
719,1377422986,397.0
719,1377422991,401.0
719,1377422996,401.0
719,1377423001,397.0
719,1377423006,396.0
719,1377423011,391.0
719,1377423016,387.0
719,1377423021,393.0
719,1377423026,396.0
719,1377423031,396.0
719,1377423036,395.0
719,1377423041,401.0
719,1377423046,398.0
719,1377423051,403.0
719,1377423056,400.0
719,1377423061,397.0
719,1377423066,400.0
719,1377423071,401.0
719,1377423076,406.0
719,1377423081,412.0
719,1377423086,414.0
719,1377423091,412.0
719,1377423096,406.0
719,1377423101,407.0
719,1377423106,399.0
719,1377423111,402.0
719,1377423116,397.0
719,1377423121,396.0
719,1377423126,401.0
719,1377423131,401.0
719,1377423136,401.0
719,1377423141,404.0
719,1377423146,403.0
719,1377423151,397.0
719,1377423156,401.0
719,1377423161,398.0
719,1377423166,406.0
719,1377423171,398.0
719,1377423176,399.0
719,1377423181,388.0
719,1377423186,385.0
719,1377423191,382.0
719,1377423196,377.0
719,1377423201,388.0
719,1377423206,388.0
719,1377423211,383.0
719,1377423216,387.0
719,1377423221,390.0
719,1377423226,396.0
719,1377423231,391.0
719,1377423236,398.0
719,1377423241,397.0
719,1377423246,396.0
719,1377423251,396.0
719,1377423256,395.0
719,1377423261,396.0
719,1377423266,391.0
719,1377423271,397.0
719,1377423276,391.0
719,1377423281,393.0
719,1377423286,383.0
719,1377423291,393.0
719,1377423296,396.0
719,1377423301,400.0
719,1377423306,401.0
719,1377423311,402.0
719,1377423316,401.0
719,1377423321,397.0
719,1377423326,401.0
719,1377423331,408.0
719,1377423336,398.0
719,1377423341,406.0
719,1377423346,401.0
719,1377423351,401.0
719,1377423356,397.0
719,1377423361,399.0
719,1377423366,403.0
719,1377423371,403.0
719,1377423376,401.0
719,1377423381,398.0
719,1377423386,404.0
719,1377423391,397.0
719,1377423396,397.0
719,1377423401,396.0
719,1377423406,393.0
719,1377423411,391.0
719,1377423416,395.0
719,1377423421,396.0
719,1377423426,396.0
719,1377423431,396.0
719,1377423436,391.0
719,1377423441,396.0
719,1377423446,397.0
719,1377423451,398.0
719,1377423456,403.0
719,1377423461,404.0
719,1377423466,406.0
719,1377423471,401.0
719,1377423476,397.0
719,1377423481,397.0
719,1377423486,401.0
719,1377423491,398.0
719,1377423496,402.0
719,1377423501,397.0
719,1377423506,398.0
719,1377423511,393.0
719,1377423516,393.0
719,1377423521,398.0
719,1377423526,397.0
719,1377423531,403.0
719,1377423536,403.0
719,1377423541,408.0
719,1377423546,404.0
719,1377423551,402.0
719,1377423556,397.0
719,1377423561,401.0
719,1377423566,398.0
719,1377423571,391.0
719,1377423576,390.0
719,1377423581,398.0
719,1377423586,403.0
719,1377423591,403.0
719,1377423596,408.0
719,1377423601,403.0
719,1377423606,403.0
719,1377423611,400.0
719,1377423616,398.0
719,1377423621,396.0
719,1377423626,401.0
719,1377423631,403.0
719,1377423636,406.0
719,1377423641,399.0
719,1377423646,403.0
719,1377423651,395.0
719,1377423656,390.0
719,1377423661,384.0
719,1377423666,385.0
719,1377423671,385.0
719,1377423676,383.0
719,1377423681,392.0
719,1377423686,396.0
719,1377423691,390.0
719,1377423696,397.0
719,1377423701,391.0
719,1377423706,396.0
719,1377423711,396.0
719,1377423716,398.0
719,1377423721,401.0
719,1377423726,401.0
719,1377423731,401.0
719,1377423736,395.0
719,1377423741,396.0
719,1377423746,395.0
719,1377423751,397.0
719,1377423756,398.0
719,1377423761,396.0
719,1377423766,393.0
719,1377423771,392.0
719,1377423776,387.0
719,1377423781,391.0
719,1377423786,401.0
719,1377423791,403.0
719,1377423796,401.0
719,1377423801,408.0
719,1377423806,403.0
719,1377423811,405.0
719,1377423816,393.0
719,1377423821,397.0
719,1377423826,387.0
719,1377423831,382.0
719,1377423836,387.0
719,1377423841,390.0
719,1377423846,396.0
719,1377423851,395.0
719,1377423856,396.0
719,1377423861,398.0
719,1377423866,387.0
719,1377423871,396.0
719,1377423876,387.0
719,1377423881,385.0
719,1377423886,385.0
719,1377423891,387.0
719,1377423896,387.0
719,1377423901,387.0
719,1377423906,391.0
719,1377423911,406.0
719,1377423916,409.0
719,1377423921,408.0
719,1377423926,409.0
719,1377423931,402.0
719,1377423936,412.0
719,1377423941,400.0
719,1377423946,403.0
719,1377423951,398.0
719,1377423956,401.0
719,1377423961,403.0
719,1377423966,403.0
719,1377423971,401.0
719,1377423976,398.0
719,1377423981,398.0
719,1377423986,401.0
719,1377423991,401.0
719,1377423996,395.0
719,1377424001,391.0
719,1377424006,392.0
719,1377424011,393.0
719,1377424016,393.0
719,1377424021,391.0
719,1377424026,391.0
719,1377424031,395.0
719,1377424036,396.0
719,1377424041,396.0
719,1377424046,396.0
719,1377424051,395.0
719,1377424056,401.0
719,1377424061,408.0
719,1377424066,399.0
719,1377424071,399.0
719,1377424076,396.0
719,1377424081,396.0
719,1377424086,387.0
719,1377424091,383.0
719,1377424096,393.0
719,1377424101,401.0
719,1377424106,406.0
719,1377424111,406.0
719,1377424116,406.0
719,1377424121,402.0
719,1377424126,398.0
719,1377424131,401.0
719,1377424136,393.0
719,1377424141,392.0
719,1377424146,390.0
719,1377424151,393.0
719,1377424156,393.0
719,1377424161,393.0
719,1377424166,401.0
719,1377424171,398.0
719,1377424176,399.0
719,1377424181,398.0
719,1377424186,398.0
719,1377424191,393.0
719,1377424196,395.0
719,1377424201,391.0
719,1377424206,391.0
719,1377424211,390.0
719,1377424216,392.0
719,1377424221,382.0
719,1377424226,387.0
719,1377424231,387.0
719,1377424236,385.0
719,1377424241,391.0
719,1377424246,395.0
719,1377424251,398.0
719,1377424256,400.0
719,1377424261,397.0
719,1377424266,401.0
719,1377424271,403.0
719,1377424276,401.0
719,1377424281,408.0
719,1377424286,401.0
719,1377424291,398.0
719,1377424296,391.0
719,1377424301,397.0
719,1377424306,383.0
719,1377424311,383.0
719,1377424316,387.0
719,1377424321,396.0
719,1377424326,395.0
719,1377424331,393.0
719,1377424336,396.0
719,1377424341,389.0
719,1377424346,389.0
719,1377424351,391.0
719,1377424356,400.0
719,1377424361,403.0
719,1377424366,409.0
719,1377424371,413.0
719,1377424376,407.0
719,1377424381,403.0
719,1377424386,402.0
719,1377424391,390.0
719,1377424396,398.0
719,1377424401,398.0
719,1377424406,396.0
719,1377424411,398.0
719,1377424416,401.0
719,1377424421,396.0
719,1377424426,402.0
719,1377424431,391.0
719,1377424436,398.0
719,1377424441,397.0
719,1377424446,401.0
719,1377424451,395.0
719,1377424456,393.0
719,1377424461,393.0
719,1377424466,392.0
719,1377424471,387.0
719,1377424476,392.0
719,1377424481,393.0
719,1377424486,393.0
719,1377424491,391.0
719,1377424496,396.0
719,1377424501,396.0
719,1377424506,396.0
719,1377424511,390.0
719,1377424516,391.0
719,1377424521,391.0
719,1377424526,395.0
719,1377424531,398.0
719,1377424536,400.0
719,1377424541,401.0
719,1377424546,401.0
719,1377424551,401.0
719,1377424556,398.0
719,1377424561,398.0
719,1377424566,396.0
719,1377424571,391.0
719,1377424576,388.0
719,1377424581,392.0
719,1377424586,396.0
719,1377424591,390.0
719,1377424596,395.0
719,1377424601,398.0
719,1377424606,393.0
719,1377424611,387.0
719,1377424616,387.0
719,1377424621,393.0
719,1377424626,391.0
719,1377424631,399.0
719,1377424636,401.0
719,1377424641,401.0
719,1377424646,400.0
719,1377424651,396.0
719,1377424656,393.0
719,1377424661,395.0
719,1377424666,398.0
719,1377424671,401.0
719,1377424676,401.0
719,1377424681,401.0
719,1377424686,403.0
719,1377424691,409.0
719,1377424696,411.0
719,1377424701,404.0
719,1377424706,404.0
719,1377424711,398.0
719,1377424716,390.0
719,1377424721,393.0
719,1377424726,390.0
719,1377424731,393.0
719,1377424736,391.0
719,1377424741,390.0
719,1377424746,397.0
719,1377424751,395.0
719,1377424756,396.0
719,1377424761,395.0
719,1377424766,400.0
719,1377424771,398.0
719,1377424776,404.0
719,1377424781,403.0
719,1377424786,397.0
719,1377424791,403.0
719,1377424796,406.0
719,1377424801,409.0
719,1377424806,411.0
719,1377424811,409.0
719,1377424816,406.0
719,1377424821,409.0
719,1377424826,406.0
719,1377424831,399.0
719,1377424836,405.0
719,1377424841,398.0
719,1377424846,397.0
719,1377424851,398.0
719,1377424856,400.0
719,1377424861,397.0
719,1377424866,412.0
719,1377424871,406.0
719,1377424876,406.0
719,1377424881,403.0
719,1377424886,403.0
719,1377424891,402.0
719,1377424896,403.0
719,1377424901,398.0
719,1377424906,402.0
719,1377424911,390.0
719,1377424916,390.0
719,1377424921,393.0
719,1377424926,393.0
719,1377424931,396.0
719,1377424936,390.0
719,1377424941,391.0
719,1377424946,401.0
719,1377424951,395.0
719,1377424956,396.0
719,1377424961,393.0
719,1377424966,395.0
719,1377424971,398.0
719,1377424976,398.0
719,1377424981,404.0
719,1377424986,397.0
719,1377424991,400.0
719,1377424996,395.0
719,1377425001,398.0
719,1377425006,397.0
719,1377425011,403.0
719,1377425016,395.0
719,1377425021,393.0
719,1377425026,387.0
719,1377425031,387.0
719,1377425036,392.0
719,1377425041,398.0
719,1377425047,409.0
719,1377425051,411.0
719,1377425056,413.0
719,1377425061,409.0
719,1377425066,404.0
719,1377425071,401.0
719,1377425076,390.0
719,1377425081,398.0
719,1377425086,393.0
719,1377425091,397.0
719,1377425096,391.0
719,1377425101,391.0
719,1377425106,396.0
719,1377425111,398.0
719,1377425116,397.0
719,1377425121,398.0
719,1377425126,396.0
719,1377425131,393.0
719,1377425136,391.0
719,1377425141,391.0
719,1377425146,397.0
719,1377425151,403.0
719,1377425156,402.0
719,1377425161,401.0
719,1377425166,404.0
719,1377425171,398.0
719,1377425176,397.0
719,1377425181,400.0
719,1377425186,402.0
719,1377425191,397.0
719,1377425196,397.0
719,1377425201,396.0
719,1377425206,396.0
719,1377425211,401.0
719,1377425216,408.0
719,1377425221,404.0
719,1377425226,408.0
719,1377425231,404.0
719,1377425236,395.0
719,1377425241,401.0
719,1377425246,397.0
719,1377425251,401.0
719,1377425256,401.0
719,1377425261,398.0
719,1377425266,392.0
719,1377425271,392.0
719,1377425276,387.0
719,1377425281,393.0
719,1377425286,393.0
719,1377425291,396.0
719,1377425296,401.0
719,1377425301,403.0
719,1377425306,402.0
719,1377425311,403.0
719,1377425316,408.0
719,1377425321,406.0
719,1377425326,407.0
719,1377425331,407.0
719,1377425336,409.0
719,1377425341,409.0
719,1377425346,407.0
719,1377425351,409.0
719,1377425356,406.0
719,1377425361,404.0
719,1377425366,401.0
719,1377425371,395.0
719,1377425376,401.0
719,1377425381,401.0
719,1377425386,404.0
719,1377425391,406.0
719,1377425396,411.0
719,1377425401,420.0
719,1377425406,406.0
719,1377425411,401.0
719,1377425416,398.0
719,1377425421,397.0
719,1377425426,398.0
719,1377425431,397.0
719,1377425436,397.0
719,1377425441,398.0
719,1377425446,398.0
719,1377425451,393.0
719,1377425456,390.0
719,1377425461,398.0
719,1377425466,401.0
719,1377425471,412.0
719,1377425476,404.0
719,1377425481,395.0
719,1377425486,396.0
719,1377425491,396.0
719,1377425496,395.0
719,1377425501,406.0
719,1377425506,406.0
719,1377425511,412.0
719,1377425516,399.0
719,1377425521,396.0
719,1377425526,396.0
719,1377425531,401.0
719,1377425536,409.0
719,1377425541,409.0
719,1377425546,407.0
719,1377425551,409.0
719,1377425556,404.0
719,1377425561,398.0
719,1377425566,398.0
719,1377425571,403.0
719,1377425576,401.0
719,1377425581,398.0
719,1377425586,390.0
719,1377425591,390.0
719,1377425596,387.0
719,1377425601,388.0
719,1377425606,392.0
719,1377425611,395.0
719,1377425616,401.0
719,1377425621,403.0
719,1377425626,403.0
719,1377425631,403.0
719,1377425636,401.0
719,1377425641,403.0
719,1377425646,395.0
719,1377425651,395.0
719,1377425656,391.0
719,1377425661,393.0
719,1377425666,396.0
719,1377425671,390.0
719,1377425676,395.0
719,1377425681,401.0
719,1377425686,402.0
719,1377425691,401.0
719,1377425696,397.0
719,1377425701,395.0
719,1377425706,398.0
719,1377425711,403.0
719,1377425716,406.0
719,1377425721,397.0
719,1377425726,397.0
719,1377425731,390.0
719,1377425736,396.0
719,1377425741,393.0
719,1377425746,402.0
719,1377425751,403.0
719,1377425756,408.0
719,1377425761,412.0
719,1377425766,406.0
719,1377425771,404.0
719,1377425776,403.0
719,1377425781,399.0
719,1377425786,404.0
719,1377425791,408.0
719,1377425796,405.0
719,1377425801,420.0
719,1377425806,412.0
719,1377425811,409.0
719,1377425816,404.0
719,1377425821,398.0
719,1377425826,390.0
719,1377425831,396.0
719,1377425836,391.0
719,1377425841,395.0
719,1377425846,396.0
719,1377425851,396.0
719,1377425856,391.0
719,1377425861,399.0
719,1377425866,399.0
719,1377425871,416.0
719,1377425876,417.0
719,1377425881,420.0
719,1377425886,406.0
719,1377425891,401.0
719,1377425896,398.0
719,1377425901,393.0
719,1377425908,393.0
719,1377425911,391.0
719,1377425916,398.0
719,1377425921,391.0
719,1377425926,398.0
719,1377425931,404.0
719,1377425936,412.0
719,1377425941,409.0
719,1377425946,406.0
719,1377425951,398.0
719,1377425956,398.0
719,1377425961,395.0
719,1377425966,391.0
719,1377425971,391.0
719,1377425976,393.0
719,1377425981,393.0
719,1377425986,392.0
719,1377425991,393.0
719,1377425996,395.0
719,1377426001,398.0
719,1377426006,401.0
719,1377426011,401.0
719,1377426016,401.0
719,1377426021,400.0
719,1377426026,395.0
719,1377426031,396.0
719,1377426036,391.0
719,1377426041,395.0
719,1377426046,398.0
719,1377426051,398.0
719,1377426056,397.0
719,1377426061,401.0
719,1377426066,403.0
719,1377426071,398.0
719,1377426076,406.0
719,1377426081,409.0
719,1377426086,406.0
719,1377426091,403.0
719,1377426096,401.0
719,1377426101,397.0
719,1377426106,395.0
719,1377426111,390.0
719,1377426116,395.0
719,1377426121,393.0
719,1377426126,392.0
719,1377426131,392.0
719,1377426136,396.0
719,1377426141,390.0
719,1377426146,393.0
719,1377426151,398.0
719,1377426156,398.0
719,1377426161,399.0
719,1377426166,406.0
719,1377426171,401.0
719,1377426176,398.0
719,1377426181,393.0
719,1377426186,400.0
719,1377426191,398.0
719,1377426196,398.0
719,1377426201,401.0
719,1377426206,408.0
719,1377426211,403.0
719,1377426216,409.0
719,1377426221,406.0
719,1377426226,402.0
719,1377426231,397.0
719,1377426236,400.0
719,1377426241,396.0
719,1377426246,396.0
719,1377426251,398.0
719,1377426256,400.0
719,1377426261,391.0
719,1377426266,393.0
719,1377426271,395.0
719,1377426276,396.0
719,1377426281,395.0
719,1377426286,398.0
719,1377426291,397.0
719,1377426296,398.0
719,1377426301,408.0
719,1377426306,412.0
719,1377426311,406.0
719,1377426316,408.0
719,1377426321,406.0
719,1377426326,404.0
719,1377426331,403.0
719,1377426336,402.0
719,1377426341,398.0
719,1377426346,406.0
719,1377426351,403.0
719,1377426356,401.0
719,1377426361,393.0
719,1377426366,392.0
719,1377426371,392.0
719,1377426376,390.0
719,1377426381,408.0
719,1377426386,406.0
719,1377426391,411.0
719,1377426396,418.0
719,1377426401,407.0
719,1377426406,406.0
719,1377426411,404.0
719,1377426416,407.0
719,1377426421,406.0
719,1377426426,399.0
719,1377426431,403.0
719,1377426436,401.0
719,1377426441,400.0
719,1377426446,403.0
719,1377426451,398.0
719,1377426456,412.0
719,1377426461,407.0
719,1377426466,412.0
719,1377426471,409.0
719,1377426476,407.0
719,1377426481,398.0
719,1377426486,400.0
719,1377426491,393.0
719,1377426496,396.0
719,1377426501,397.0
719,1377426506,406.0
719,1377426511,406.0
719,1377426516,409.0
719,1377426521,402.0
719,1377426526,391.0
719,1377426531,391.0
719,1377426536,395.0
719,1377426541,391.0
719,1377426546,397.0
719,1377426551,402.0
719,1377426556,403.0
719,1377426561,403.0
719,1377426566,404.0
719,1377426571,397.0
719,1377426576,393.0
719,1377426581,392.0
719,1377426586,385.0
719,1377426591,388.0
719,1377426596,392.0
719,1377426601,396.0
719,1377426606,391.0
719,1377426611,397.0
719,1377426616,401.0
719,1377426621,403.0
719,1377426626,398.0
719,1377426631,398.0
719,1377426636,391.0
719,1377426641,397.0
719,1377426646,398.0
719,1377426651,401.0
719,1377426656,397.0
719,1377426661,397.0
719,1377426666,401.0
719,1377426671,398.0
719,1377426676,391.0
719,1377426681,397.0
719,1377426686,398.0
719,1377426691,395.0
719,1377426696,398.0
719,1377426701,396.0
719,1377426706,398.0
719,1377426711,392.0
719,1377426716,393.0
719,1377426721,385.0
719,1377426726,385.0
719,1377426731,391.0
719,1377426736,395.0
719,1377426741,391.0
719,1377426746,391.0
719,1377426751,390.0
719,1377426756,387.0
719,1377426761,388.0
719,1377426766,387.0
719,1377426771,385.0
719,1377426776,393.0
719,1377426781,391.0
719,1377426786,393.0
719,1377426791,401.0
719,1377426796,398.0
719,1377426801,398.0
719,1377426806,391.0
719,1377426811,397.0
719,1377426816,393.0
719,1377426821,400.0
719,1377426826,398.0
719,1377426831,404.0
719,1377426836,399.0
719,1377426841,402.0
719,1377426846,396.0
719,1377426851,396.0
719,1377426856,396.0
719,1377426861,391.0
719,1377426866,391.0
719,1377426871,382.0
719,1377426876,382.0
719,1377426881,385.0
719,1377426886,388.0
719,1377426891,392.0
719,1377426896,390.0
719,1377426901,390.0
719,1377426906,393.0
719,1377426911,392.0
719,1377426916,393.0
719,1377426921,390.0
719,1377426926,398.0
719,1377426931,401.0
719,1377426936,397.0
719,1377426941,401.0
719,1377426946,397.0
719,1377426951,395.0
719,1377426956,397.0
719,1377426961,398.0
719,1377426966,400.0
719,1377426971,396.0
719,1377426976,390.0
719,1377426981,393.0
719,1377426986,390.0
719,1377426991,391.0
719,1377426996,395.0
719,1377427001,390.0
719,1377427006,396.0
719,1377427011,395.0
719,1377427016,397.0
719,1377427021,402.0
719,1377427026,401.0
719,1377427031,401.0
719,1377427036,398.0
719,1377427041,401.0
719,1377427046,401.0
719,1377427051,401.0
719,1377427056,397.0
719,1377427061,398.0
719,1377427066,396.0
719,1377427071,398.0
719,1377427076,391.0
719,1377427081,400.0
719,1377427086,401.0
719,1377427091,403.0
719,1377427096,401.0
719,1377427101,398.0
719,1377427106,391.0
719,1377427111,393.0
719,1377427116,390.0
719,1377427121,396.0
719,1377427126,395.0
719,1377427131,397.0
719,1377427136,397.0
719,1377427141,395.0
719,1377427146,393.0
719,1377427151,391.0
719,1377427156,396.0
719,1377427161,396.0
719,1377427166,391.0
719,1377427171,393.0
719,1377427176,397.0
719,1377427181,399.0
719,1377427186,401.0
719,1377427191,398.0
719,1377427196,401.0
719,1377427201,390.0
719,1377427206,395.0
719,1377427211,396.0
719,1377427216,391.0
719,1377427221,393.0
719,1377427226,396.0
719,1377427231,393.0
719,1377427236,400.0
719,1377427241,401.0
719,1377427246,400.0
719,1377427251,398.0
719,1377427256,393.0
719,1377427261,387.0
719,1377427266,379.0
719,1377427271,382.0
719,1377427276,385.0
719,1377427281,387.0
719,1377427286,391.0
719,1377427291,404.0
719,1377427296,409.0
719,1377427301,411.0
719,1377427306,414.0
719,1377427311,411.0
719,1377427316,409.0
719,1377427321,409.0
719,1377427326,412.0
719,1377427331,407.0
719,1377427336,403.0
719,1377427341,398.0
719,1377427346,396.0
719,1377427351,395.0
719,1377427356,395.0
719,1377427361,400.0
719,1377427366,400.0
719,1377427371,397.0
719,1377427376,397.0
719,1377427381,404.0
719,1377427386,406.0
719,1377427391,409.0
719,1377427396,409.0
719,1377427401,401.0
719,1377427406,398.0
719,1377427411,391.0
719,1377427416,390.0
719,1377427421,390.0
719,1377427426,398.0
719,1377427431,397.0
719,1377427436,401.0
719,1377427441,397.0
719,1377427446,396.0
719,1377427451,391.0
719,1377427456,397.0
719,1377427461,400.0
719,1377427466,402.0
719,1377427471,412.0
719,1377427476,404.0
719,1377427481,406.0
719,1377427486,406.0
719,1377427491,408.0
719,1377427496,409.0
719,1377427501,408.0
719,1377427506,401.0
719,1377427511,401.0
719,1377427516,396.0
719,1377427521,390.0
719,1377427526,396.0
719,1377427531,396.0
719,1377427536,396.0
719,1377427541,400.0
719,1377427546,397.0
719,1377427551,401.0
719,1377427556,404.0
719,1377427561,408.0
719,1377427566,404.0
719,1377427571,412.0
719,1377427576,399.0
719,1377427581,404.0
719,1377427586,397.0
719,1377427591,391.0
719,1377427596,390.0
719,1377427601,387.0
719,1377427606,382.0
719,1377427611,382.0
719,1377427616,384.0
719,1377427622,385.0
719,1377427626,392.0
719,1377427631,391.0
719,1377427636,391.0
719,1377427641,391.0
719,1377427646,393.0
719,1377427651,393.0
719,1377427656,395.0
719,1377427661,398.0
719,1377427666,396.0
719,1377427671,395.0
719,1377427676,398.0
719,1377427681,403.0
719,1377427686,402.0
719,1377427691,390.0
719,1377427696,390.0
719,1377427701,392.0
719,1377427706,393.0
719,1377427711,388.0
719,1377427716,393.0
719,1377427721,388.0
719,1377427726,382.0
719,1377427731,385.0
719,1377427736,388.0
719,1377427741,388.0
719,1377427746,391.0
719,1377427751,393.0
719,1377427756,396.0
719,1377427761,393.0
719,1377427766,390.0
719,1377427771,389.0
719,1377427776,379.0
719,1377427781,382.0
719,1377427786,387.0
719,1377427791,393.0
719,1377427796,393.0
719,1377427801,396.0
719,1377427806,392.0
719,1377427811,398.0
719,1377427816,396.0
719,1377427821,396.0
719,1377427826,396.0
719,1377427831,390.0
719,1377427836,383.0
719,1377427841,382.0
719,1377427846,382.0
719,1377427851,388.0
719,1377427856,383.0
719,1377427861,388.0
719,1377427866,390.0
719,1377427871,396.0
719,1377427876,398.0
719,1377427881,397.0
719,1377427886,400.0
719,1377427891,401.0
719,1377427896,397.0
719,1377427901,403.0
719,1377427906,397.0
719,1377427911,403.0
719,1377427916,401.0
719,1377427921,402.0
719,1377427926,403.0
719,1377427931,403.0
719,1377427936,399.0
719,1377427941,398.0
719,1377427946,391.0
719,1377427951,392.0
719,1377427956,387.0
719,1377427961,388.0
719,1377427966,396.0
719,1377427971,393.0
719,1377427976,390.0
719,1377427981,393.0
719,1377427986,391.0
719,1377427991,391.0
719,1377427996,390.0
719,1377428001,387.0
719,1377428006,382.0
719,1377428011,385.0
719,1377428016,387.0
719,1377428021,398.0
719,1377428026,397.0
719,1377428031,397.0
719,1377428036,396.0
719,1377428041,395.0
719,1377428046,395.0
719,1377428051,398.0
719,1377428056,401.0
719,1377428061,397.0
719,1377428066,393.0
719,1377428071,387.0
719,1377428076,388.0
719,1377428081,396.0
719,1377428086,396.0
719,1377428091,398.0
719,1377428096,398.0
719,1377428101,395.0
719,1377428106,390.0
719,1377428111,393.0
719,1377428116,396.0
719,1377428121,395.0
719,1377428126,395.0
719,1377428131,396.0
719,1377428136,396.0
719,1377428141,390.0
719,1377428146,393.0
719,1377428151,396.0
719,1377428156,391.0
719,1377428161,396.0
719,1377428166,391.0
719,1377428171,400.0
719,1377428176,401.0
719,1377428181,397.0
719,1377428186,402.0
719,1377428191,403.0
719,1377428196,399.0
719,1377428201,398.0
719,1377428206,396.0
719,1377428211,387.0
719,1377428216,396.0
719,1377428221,387.0
719,1377428226,388.0
719,1377428231,387.0
719,1377428236,387.0
719,1377428241,390.0
719,1377428246,390.0
719,1377428251,393.0
719,1377428256,390.0
719,1377428261,393.0
719,1377428266,396.0
719,1377428271,390.0
719,1377428276,393.0
719,1377428281,398.0
719,1377428286,396.0
719,1377428291,390.0
719,1377428296,387.0
719,1377428301,388.0
719,1377428306,388.0
719,1377428311,390.0
719,1377428316,393.0
719,1377428321,391.0
719,1377428326,395.0
719,1377428331,396.0
719,1377428336,392.0
719,1377428341,391.0
719,1377428346,392.0
719,1377428351,396.0
719,1377428356,401.0
719,1377428361,398.0
719,1377428366,401.0
719,1377428371,406.0
719,1377428376,409.0
719,1377428381,399.0
719,1377428386,408.0
719,1377428391,396.0
719,1377428396,393.0
719,1377428401,382.0
719,1377428406,388.0
719,1377428411,375.0
719,1377428416,380.0
719,1377428421,382.0
719,1377428426,388.0
719,1377428431,393.0
719,1377428436,390.0
719,1377428441,398.0
719,1377428446,395.0
719,1377428451,398.0
719,1377428456,395.0
719,1377428461,391.0
719,1377428466,401.0
719,1377428471,401.0
719,1377428476,397.0
719,1377428481,397.0
719,1377428486,401.0
719,1377428491,398.0
719,1377428496,395.0
719,1377428501,390.0
719,1377428506,390.0
719,1377428511,390.0
719,1377428516,393.0
719,1377428521,391.0
719,1377428526,397.0
719,1377428531,408.0
719,1377428536,409.0
719,1377428541,407.0
719,1377428546,409.0
719,1377428551,408.0
719,1377428556,397.0
719,1377428561,398.0
719,1377428566,398.0
719,1377428571,408.0
719,1377428576,395.0
719,1377428581,402.0
719,1377428586,391.0
719,1377428591,395.0
719,1377428596,392.0
719,1377428601,391.0
719,1377428606,393.0
719,1377428611,397.0
719,1377428616,401.0
719,1377428621,402.0
719,1377428626,401.0
719,1377428631,391.0
719,1377428636,393.0
719,1377428641,392.0
719,1377428646,387.0
719,1377428651,392.0
719,1377428656,392.0
719,1377428661,396.0
719,1377428666,397.0
719,1377428671,395.0
719,1377428676,390.0
719,1377428681,390.0
719,1377428686,392.0
719,1377428691,383.0
719,1377428696,393.0
719,1377428701,393.0
719,1377428706,390.0
719,1377428711,390.0
719,1377428716,391.0
719,1377428721,387.0
719,1377428726,389.0
719,1377428731,388.0
719,1377428736,385.0
719,1377428741,381.0
719,1377428746,382.0
719,1377428751,384.0
719,1377428756,388.0
719,1377428761,392.0
719,1377428766,390.0
719,1377428771,396.0
719,1377428776,390.0
719,1377428781,390.0
719,1377428786,383.0
719,1377428791,385.0
719,1377428796,382.0
719,1377428801,387.0
719,1377428806,390.0
719,1377428811,391.0
719,1377428816,393.0
719,1377428821,395.0
719,1377428826,391.0
719,1377428831,390.0
719,1377428836,387.0
719,1377428841,392.0
719,1377428846,385.0
719,1377428851,387.0
719,1377428856,390.0
719,1377428861,393.0
719,1377428866,391.0
719,1377428871,397.0
719,1377428876,401.0
719,1377428881,401.0
719,1377428886,406.0
719,1377428891,401.0
719,1377428896,404.0
719,1377428901,403.0
719,1377428906,403.0
719,1377428911,401.0
719,1377428916,401.0
719,1377428921,393.0
719,1377428926,390.0
719,1377428931,390.0
719,1377428936,391.0
719,1377428941,393.0
719,1377428946,398.0
719,1377428951,391.0
719,1377428956,391.0
719,1377428961,396.0
719,1377428966,395.0
719,1377428971,391.0
719,1377428976,396.0
719,1377428981,393.0
719,1377428986,396.0
719,1377428991,390.0
719,1377428996,392.0
719,1377429001,392.0
719,1377429006,387.0
719,1377429011,382.0
719,1377429016,382.0
719,1377429021,387.0
719,1377429026,390.0
719,1377429031,390.0
719,1377429036,390.0
719,1377429041,396.0
719,1377429046,396.0
719,1377429051,393.0
719,1377429056,396.0
719,1377429061,397.0
719,1377429066,397.0
719,1377429071,397.0
719,1377429076,396.0
719,1377429081,396.0
719,1377429086,387.0
719,1377429091,393.0
719,1377429096,387.0
719,1377429101,392.0
719,1377429106,390.0
719,1377429111,392.0
719,1377429116,391.0
719,1377429121,393.0
719,1377429126,398.0
719,1377429131,398.0
719,1377429136,398.0
719,1377429141,406.0
719,1377429146,406.0
719,1377429151,403.0
719,1377429156,403.0
719,1377429161,398.0
719,1377429166,395.0
719,1377429171,393.0
719,1377429176,396.0
719,1377429181,391.0
719,1377429186,401.0
719,1377429191,404.0
719,1377429196,404.0
719,1377429201,404.0
719,1377429206,399.0
719,1377429211,397.0
719,1377429216,401.0
719,1377429221,393.0
719,1377429226,395.0
719,1377429231,390.0
719,1377429236,398.0
719,1377429241,401.0
719,1377429246,397.0
719,1377429251,396.0
719,1377429256,390.0
719,1377429261,396.0
719,1377429266,392.0
719,1377429271,393.0
719,1377429276,387.0
719,1377429281,390.0
719,1377429286,387.0
719,1377429291,387.0
719,1377429296,392.0
719,1377429301,396.0
719,1377429306,393.0
719,1377429311,393.0
719,1377429316,391.0
719,1377429321,391.0
719,1377429326,393.0
719,1377429331,396.0
719,1377429336,396.0
719,1377429341,391.0
719,1377429346,390.0
719,1377429351,390.0
719,1377429356,396.0
719,1377429361,398.0
719,1377429366,404.0
719,1377429371,401.0
719,1377429376,399.0
719,1377429381,403.0
719,1377429386,397.0
719,1377429391,401.0
719,1377429396,395.0
719,1377429401,393.0
719,1377429406,393.0
719,1377429411,391.0
719,1377429416,392.0
719,1377429421,392.0
719,1377429426,390.0
719,1377429431,393.0
719,1377429436,390.0
719,1377429441,393.0
719,1377429446,396.0
719,1377429451,395.0
719,1377429456,396.0
719,1377429461,396.0
719,1377429466,397.0
719,1377429471,393.0
719,1377429476,396.0
719,1377429481,390.0
719,1377429486,393.0
719,1377429491,391.0
719,1377429496,392.0
719,1377429501,390.0
719,1377429506,393.0
719,1377429511,395.0
719,1377429516,393.0
719,1377429521,396.0
719,1377429526,390.0
719,1377429531,396.0
719,1377429536,390.0
719,1377429541,388.0
719,1377429546,390.0
719,1377429551,391.0
719,1377429556,404.0
719,1377429561,403.0
719,1377429566,403.0
719,1377429571,403.0
719,1377429576,404.0
719,1377429581,406.0
719,1377429586,404.0
719,1377429591,400.0
719,1377429596,391.0
719,1377429601,387.0
719,1377429606,388.0
719,1377429611,388.0
719,1377429616,390.0
719,1377429621,395.0
719,1377429626,402.0
719,1377429631,406.0
719,1377429636,404.0
719,1377429641,401.0
719,1377429646,391.0
719,1377429651,392.0
719,1377429656,392.0
719,1377429661,392.0
719,1377429666,392.0
719,1377429671,393.0
719,1377429676,396.0
719,1377429681,391.0
719,1377429686,395.0
719,1377429691,397.0
719,1377429696,398.0
719,1377429701,396.0
719,1377429706,399.0
719,1377429711,396.0
719,1377429716,395.0
719,1377429721,396.0
719,1377429726,391.0
719,1377429731,396.0
719,1377429736,393.0
719,1377429741,393.0
719,1377429746,390.0
719,1377429751,393.0
719,1377429756,395.0
719,1377429761,390.0
719,1377429766,387.0
719,1377429771,382.0
719,1377429776,382.0
719,1377429781,379.0
719,1377429786,382.0
719,1377429791,388.0
719,1377429796,390.0
719,1377429801,391.0
719,1377429806,401.0
719,1377429811,403.0
719,1377429816,399.0
719,1377429821,401.0
719,1377429826,400.0
719,1377429831,398.0
719,1377429836,390.0
719,1377429841,391.0
719,1377429846,393.0
719,1377429851,393.0
719,1377429856,393.0
719,1377429861,396.0
719,1377429866,393.0
719,1377429871,390.0
719,1377429876,387.0
719,1377429881,387.0
719,1377429886,387.0
719,1377429891,390.0
719,1377429896,391.0
719,1377429901,396.0
719,1377429906,396.0
719,1377429911,392.0
719,1377429916,392.0
719,1377429921,393.0
719,1377429926,391.0
719,1377429931,393.0
719,1377429936,390.0
719,1377429941,392.0
719,1377429946,390.0
719,1377429951,393.0
719,1377429956,396.0
719,1377429961,398.0
719,1377429966,397.0
719,1377429971,396.0
719,1377429976,392.0
719,1377429981,396.0
719,1377429986,396.0
719,1377429991,402.0
719,1377429996,402.0
719,1377430001,403.0
719,1377430006,408.0
719,1377430011,408.0
719,1377430016,399.0
719,1377430021,397.0
719,1377430026,398.0
719,1377430031,391.0
719,1377430036,396.0
719,1377430041,395.0
719,1377430046,397.0
719,1377430051,402.0
719,1377430056,398.0
719,1377430061,398.0
719,1377430066,395.0
719,1377430071,396.0
719,1377430076,395.0
719,1377430081,396.0
719,1377430086,396.0
719,1377430091,390.0
719,1377430096,393.0
719,1377430101,390.0
719,1377430106,393.0
719,1377430111,391.0
719,1377430116,401.0
719,1377430121,398.0
719,1377430126,399.0
719,1377430131,396.0
719,1377430136,397.0
719,1377430141,393.0
719,1377430146,393.0
719,1377430151,393.0
719,1377430156,396.0
719,1377430161,391.0
719,1377430166,393.0
719,1377430171,388.0
719,1377430176,387.0
719,1377430181,382.0
719,1377430186,390.0
719,1377430191,396.0
719,1377430196,400.0
719,1377430201,397.0
719,1377430206,401.0
719,1377430211,396.0
719,1377430216,397.0
719,1377430221,398.0
719,1377430226,395.0
719,1377430231,397.0
719,1377430238,397.0
719,1377430241,401.0
719,1377430246,402.0
719,1377430251,402.0
719,1377430256,402.0
719,1377430261,397.0
719,1377430266,393.0
719,1377430271,392.0
719,1377430276,384.0
719,1377430281,375.0
719,1377430286,379.0
719,1377430291,379.0
719,1377430296,385.0
719,1377430301,388.0
719,1377430306,387.0
719,1377430311,393.0
719,1377430316,395.0
719,1377430321,403.0
719,1377430326,406.0
719,1377430331,406.0
719,1377430336,409.0
719,1377430341,412.0
719,1377430346,401.0
719,1377430351,406.0
719,1377430356,404.0
719,1377430361,402.0
719,1377430366,401.0
719,1377430371,397.0
719,1377430376,401.0
719,1377430381,395.0
719,1377430386,390.0
719,1377430391,387.0
719,1377430396,381.0
719,1377430401,388.0
719,1377430406,396.0
719,1377430411,391.0
719,1377430416,391.0
719,1377430421,392.0
719,1377430426,388.0
719,1377430431,387.0
719,1377430436,389.0
719,1377430441,392.0
719,1377430446,396.0
719,1377430451,396.0
719,1377430456,401.0
719,1377430461,401.0
719,1377430466,398.0
719,1377430471,393.0
719,1377430476,396.0
719,1377430481,392.0
719,1377430486,392.0
719,1377430491,392.0
719,1377430496,392.0
719,1377430501,387.0
719,1377430506,392.0
719,1377430511,392.0
719,1377430516,392.0
719,1377430521,393.0
719,1377430526,390.0
719,1377430531,397.0
719,1377430536,391.0
719,1377430541,395.0
719,1377430546,396.0
719,1377430551,395.0
719,1377430556,391.0
719,1377430561,397.0
719,1377430566,393.0
719,1377430571,398.0
719,1377430576,398.0
719,1377430581,391.0
719,1377430586,393.0
719,1377430591,391.0
719,1377430596,391.0
719,1377430601,398.0
719,1377430606,398.0
719,1377430611,401.0
719,1377430616,402.0
719,1377430621,398.0
719,1377430626,395.0
719,1377430631,393.0
719,1377430636,393.0
719,1377430641,392.0
719,1377430646,387.0
719,1377430651,382.0
719,1377430656,385.0
719,1377430661,375.0
719,1377430666,385.0
719,1377430671,385.0
719,1377430676,390.0
719,1377430681,396.0
719,1377430686,397.0
719,1377430691,395.0
719,1377430696,398.0
719,1377430701,392.0
719,1377430706,392.0
719,1377430711,396.0
719,1377430716,395.0
719,1377430721,391.0
719,1377430726,401.0
719,1377430731,393.0
719,1377430736,391.0
719,1377430741,396.0
719,1377430746,397.0
719,1377430751,399.0
719,1377430756,401.0
719,1377430761,398.0
719,1377430766,401.0
719,1377430771,401.0
719,1377430776,400.0
719,1377430781,398.0
719,1377430786,398.0
719,1377430791,398.0
719,1377430796,402.0
719,1377430801,402.0
719,1377430806,401.0
719,1377430811,408.0
719,1377430816,408.0
719,1377430821,407.0
719,1377430826,408.0
719,1377430831,416.0
719,1377430836,420.0
719,1377430841,420.0
719,1377430846,412.0
719,1377430851,409.0
719,1377430856,401.0
719,1377430861,395.0
719,1377430866,398.0
719,1377430871,396.0
719,1377430876,400.0
719,1377430881,397.0
719,1377430886,395.0
719,1377430891,396.0
719,1377430896,395.0
719,1377430901,390.0
719,1377430906,396.0
719,1377430911,396.0
719,1377430916,393.0
719,1377430921,390.0
719,1377430926,396.0
719,1377430931,396.0
719,1377430936,396.0
719,1377430941,396.0
719,1377430946,393.0
719,1377430951,390.0
719,1377430956,395.0
719,1377430961,398.0
719,1377430966,396.0
719,1377430971,401.0
719,1377430976,402.0
719,1377430981,396.0
719,1377430986,390.0
719,1377430991,390.0
719,1377430996,396.0
719,1377431001,393.0
719,1377431006,393.0
719,1377431011,398.0
719,1377431016,401.0
719,1377431021,402.0
719,1377431026,403.0
719,1377431031,405.0
719,1377431036,398.0
719,1377431041,402.0
719,1377431046,402.0
719,1377431051,401.0
719,1377431056,400.0
719,1377431061,401.0
719,1377431066,398.0
719,1377431071,402.0
719,1377431076,397.0
719,1377431081,397.0
719,1377431086,397.0
719,1377431091,404.0
719,1377431098,401.0
719,1377431101,406.0
719,1377431106,403.0
719,1377431111,401.0
719,1377431116,397.0
719,1377431121,396.0
719,1377431126,390.0
719,1377431131,395.0
719,1377431136,397.0
719,1377431141,390.0
719,1377431146,393.0
719,1377431151,390.0
719,1377431156,393.0
719,1377431161,390.0
719,1377431166,387.0
719,1377431171,388.0
719,1377431176,390.0
719,1377431181,392.0
719,1377431186,390.0
719,1377431191,393.0
719,1377431196,390.0
719,1377431201,393.0
719,1377431206,395.0
719,1377431211,390.0
719,1377431216,391.0
719,1377431221,390.0
719,1377431226,393.0
719,1377431231,388.0
719,1377431236,393.0
719,1377431241,393.0
719,1377431246,393.0
719,1377431251,393.0
719,1377431256,383.0
719,1377431261,388.0
719,1377431266,381.0
719,1377431271,382.0
719,1377431276,384.0
719,1377431281,382.0
719,1377431286,388.0
719,1377431291,385.0
719,1377431296,385.0
719,1377431301,385.0
719,1377431306,388.0
719,1377431311,393.0
719,1377431316,396.0
719,1377431321,398.0
719,1377431326,404.0
719,1377431331,397.0
719,1377431336,396.0
719,1377431341,390.0
719,1377431346,391.0
719,1377431351,397.0
719,1377431356,398.0
719,1377431361,396.0
719,1377431366,391.0
719,1377431371,396.0
719,1377431376,396.0
719,1377431381,396.0
719,1377431386,391.0
719,1377431391,391.0
719,1377431396,396.0
719,1377431401,396.0
719,1377431406,390.0
719,1377431411,393.0
719,1377431416,397.0
719,1377431421,398.0
719,1377431426,395.0
719,1377431431,395.0
719,1377431436,395.0
719,1377431441,396.0
719,1377431446,395.0
719,1377431451,393.0
719,1377431456,396.0
719,1377431461,387.0
719,1377431466,392.0
719,1377431471,390.0
719,1377431476,391.0
719,1377431481,390.0
719,1377431486,391.0
719,1377431491,396.0
719,1377431496,396.0
719,1377431501,393.0
719,1377431506,393.0
719,1377431511,396.0
719,1377431516,395.0
719,1377431521,393.0
719,1377431526,396.0
719,1377431531,400.0
719,1377431536,397.0
719,1377431541,398.0
719,1377431546,393.0
719,1377431551,387.0
719,1377431556,385.0
719,1377431561,387.0
719,1377431566,382.0
719,1377431571,390.0
719,1377431576,393.0
719,1377431581,391.0
719,1377431586,395.0
719,1377431591,398.0
719,1377431596,397.0
719,1377431601,401.0
719,1377431606,396.0
719,1377431611,393.0
719,1377431616,393.0
719,1377431621,390.0
719,1377431626,392.0
719,1377431631,390.0
719,1377431636,396.0
719,1377431641,391.0
719,1377431646,397.0
719,1377431651,401.0
719,1377431656,403.0
719,1377431661,397.0
719,1377431666,398.0
719,1377431671,391.0
719,1377431676,387.0
719,1377431681,383.0
719,1377431686,383.0
719,1377431691,387.0
719,1377431696,391.0
719,1377431701,396.0
719,1377431706,400.0
719,1377431711,397.0
719,1377431716,395.0
719,1377431721,395.0
719,1377431726,390.0
719,1377431731,388.0
719,1377431736,392.0
719,1377431741,387.0
719,1377431746,393.0
719,1377431751,396.0
719,1377431756,391.0
719,1377431761,393.0
719,1377431766,390.0
719,1377431771,392.0
719,1377431776,392.0
719,1377431781,389.0
719,1377431786,390.0
719,1377431791,392.0
719,1377431796,388.0
719,1377431801,382.0
719,1377431806,388.0
719,1377431811,392.0
719,1377431816,391.0
719,1377431821,396.0
719,1377431826,397.0
719,1377431831,403.0
719,1377431836,402.0
719,1377431841,404.0
719,1377431846,398.0
719,1377431851,396.0
719,1377431856,390.0
719,1377431861,392.0
719,1377431866,391.0
719,1377431871,398.0
719,1377431876,397.0
719,1377431881,396.0
719,1377431886,392.0
719,1377431891,387.0
719,1377431896,382.0
719,1377431901,388.0
719,1377431906,387.0
719,1377431911,382.0
719,1377431916,382.0
719,1377431921,385.0
719,1377431926,382.0
719,1377431931,390.0
719,1377431936,397.0
719,1377431941,390.0
719,1377431946,393.0
719,1377431951,392.0
719,1377431956,388.0
719,1377431961,385.0
719,1377431966,382.0
719,1377431971,382.0
719,1377431976,387.0
719,1377431981,396.0
719,1377431986,393.0
719,1377431991,393.0
719,1377431996,397.0
719,1377432001,390.0
719,1377432006,396.0
719,1377432011,393.0
719,1377432016,396.0
719,1377432021,391.0
719,1377432026,393.0
719,1377432031,392.0
719,1377432036,392.0
719,1377432041,392.0
719,1377432046,382.0
719,1377432051,385.0
719,1377432056,382.0
719,1377432061,393.0
719,1377432066,396.0
719,1377432071,395.0
719,1377432076,390.0
719,1377432081,391.0
719,1377432086,398.0
719,1377432091,395.0
719,1377432096,395.0
719,1377432101,396.0
719,1377432106,396.0
719,1377432111,396.0
719,1377432116,393.0
719,1377432121,393.0
719,1377432126,390.0
719,1377432131,396.0
719,1377432136,395.0
719,1377432141,397.0
719,1377432146,395.0
719,1377432151,401.0
719,1377432156,397.0
719,1377432161,398.0
719,1377432166,396.0
719,1377432171,391.0
719,1377432176,392.0
719,1377432181,390.0
719,1377432186,393.0
719,1377432191,390.0
719,1377432196,395.0
719,1377432201,397.0
719,1377432206,397.0
719,1377432211,396.0
719,1377432216,395.0
719,1377432221,390.0
719,1377432226,396.0
719,1377432231,393.0
719,1377432236,396.0
719,1377432241,390.0
719,1377432246,396.0
719,1377432251,391.0
719,1377432256,396.0
719,1377432261,393.0
719,1377432266,392.0
719,1377432271,391.0
719,1377432276,391.0
719,1377432281,396.0
719,1377432286,400.0
719,1377432291,396.0
719,1377432296,396.0
719,1377432301,390.0
719,1377432306,383.0
719,1377432311,382.0
719,1377432316,388.0
719,1377432321,387.0
719,1377432326,392.0
719,1377432331,396.0
719,1377432336,392.0
719,1377432341,393.0
719,1377432346,395.0
719,1377432351,397.0
719,1377432356,397.0
719,1377432361,397.0
719,1377432366,393.0
719,1377432371,391.0
719,1377432376,387.0
719,1377432381,382.0
719,1377432386,383.0
719,1377432391,393.0
719,1377432396,390.0
719,1377432401,398.0
719,1377432406,395.0
719,1377432411,395.0
719,1377432416,390.0
719,1377432421,382.0
719,1377432426,385.0
719,1377432431,388.0
719,1377432436,393.0
719,1377432441,391.0
719,1377432446,395.0
719,1377432451,395.0
719,1377432456,400.0
719,1377432461,390.0
719,1377432466,395.0
719,1377432471,398.0
719,1377432476,397.0
719,1377432481,398.0
719,1377432486,404.0
719,1377432491,396.0
719,1377432496,393.0
719,1377432501,393.0
719,1377432506,396.0
719,1377432511,391.0
719,1377432516,393.0
719,1377432521,396.0
719,1377432526,390.0
719,1377432531,393.0
719,1377432536,400.0
719,1377432541,398.0
719,1377432546,397.0
719,1377432551,402.0
719,1377432556,396.0
719,1377432561,391.0
719,1377432566,393.0
719,1377432571,390.0
719,1377432576,396.0
719,1377432581,393.0
719,1377432586,382.0
719,1377432591,387.0
719,1377432596,390.0
719,1377432601,393.0
719,1377432606,395.0
719,1377432611,403.0
719,1377432616,397.0
719,1377432621,402.0
719,1377432626,401.0
719,1377432631,403.0
719,1377432636,400.0
719,1377432641,393.0
719,1377432646,396.0
719,1377432651,396.0
719,1377432656,393.0
719,1377432661,396.0
719,1377432666,395.0
719,1377432671,396.0
719,1377432676,392.0
719,1377432681,398.0
719,1377432686,400.0
719,1377432691,402.0
719,1377432696,406.0
719,1377432701,403.0
719,1377432706,409.0
719,1377432711,406.0
719,1377432716,414.0
719,1377432721,409.0
719,1377432726,407.0
719,1377432731,401.0
719,1377432736,403.0
719,1377432741,396.0
719,1377432746,387.0
719,1377432751,387.0
719,1377432756,387.0
719,1377432761,391.0
719,1377432766,391.0
719,1377432771,390.0
719,1377432776,395.0
719,1377432781,398.0
719,1377432786,398.0
719,1377432791,399.0
719,1377432796,395.0
719,1377432801,391.0
719,1377432806,396.0
719,1377432811,396.0
719,1377432816,393.0
719,1377432821,400.0
719,1377432826,401.0
719,1377432831,398.0
719,1377432836,401.0
719,1377432841,403.0
719,1377432846,397.0
719,1377432851,401.0
719,1377432856,395.0
719,1377432861,404.0
719,1377432866,396.0
719,1377432871,396.0
719,1377432876,397.0
719,1377432881,395.0
719,1377432886,398.0
719,1377432891,396.0
719,1377432896,392.0
719,1377432901,387.0
719,1377432906,391.0
719,1377432911,396.0
719,1377432916,393.0
719,1377432921,382.0
719,1377432926,387.0
719,1377432931,382.0
719,1377432936,390.0
719,1377432941,395.0
719,1377432946,398.0
719,1377432951,395.0
719,1377432956,391.0
719,1377432961,385.0
719,1377432966,383.0
719,1377432971,392.0
719,1377432976,391.0
719,1377432981,398.0
719,1377432986,408.0
719,1377432991,406.0
719,1377432996,403.0
719,1377433001,401.0
719,1377433006,396.0
719,1377433011,392.0
719,1377433016,388.0
719,1377433021,392.0
719,1377433026,396.0
719,1377433031,395.0
719,1377433036,396.0
719,1377433041,398.0
719,1377433046,391.0
719,1377433051,393.0
719,1377433056,398.0
719,1377433061,395.0
719,1377433066,395.0
719,1377433071,396.0
719,1377433076,392.0
719,1377433081,393.0
719,1377433086,387.0
719,1377433091,387.0
719,1377433096,390.0
719,1377433101,393.0
719,1377433106,390.0
719,1377433111,397.0
719,1377433116,398.0
719,1377433121,401.0
719,1377433126,401.0
719,1377433131,398.0
719,1377433136,399.0
719,1377433141,406.0
719,1377433146,404.0
719,1377433151,403.0
719,1377433156,398.0
719,1377433161,393.0
719,1377433166,392.0
719,1377433171,389.0
719,1377433176,382.0
719,1377433181,390.0
719,1377433186,389.0
719,1377433191,390.0
719,1377433196,393.0
719,1377433201,392.0
719,1377433206,393.0
719,1377433211,393.0
719,1377433216,393.0
719,1377433221,391.0
719,1377433226,391.0
719,1377433231,382.0
719,1377433236,384.0
719,1377433241,382.0
719,1377433246,382.0
719,1377433251,396.0
719,1377433256,390.0
719,1377433261,393.0
719,1377433266,393.0
719,1377433271,391.0
719,1377433276,391.0
719,1377433281,391.0
719,1377433286,398.0
719,1377433291,397.0
719,1377433296,412.0
719,1377433301,409.0
719,1377433306,406.0
719,1377433311,397.0
719,1377433316,396.0
719,1377433321,400.0
719,1377433326,401.0
719,1377433331,403.0
719,1377433336,398.0
719,1377433341,397.0
719,1377433346,391.0
719,1377433351,398.0
719,1377433356,398.0
719,1377433361,406.0
719,1377433366,404.0
719,1377433371,391.0
719,1377433376,396.0
719,1377433381,393.0
719,1377433386,393.0
719,1377433391,393.0
719,1377433396,392.0
719,1377433401,392.0
719,1377433406,383.0
719,1377433411,392.0
719,1377433416,393.0
719,1377433421,393.0
719,1377433426,392.0
719,1377433431,390.0
719,1377433436,390.0
719,1377433441,387.0
719,1377433446,390.0
719,1377433451,393.0
719,1377433456,395.0
719,1377433461,396.0
719,1377433466,395.0
719,1377433471,388.0
719,1377433476,388.0
719,1377433481,387.0
719,1377433486,387.0
719,1377433491,396.0
719,1377433496,387.0
719,1377433501,396.0
719,1377433506,383.0
719,1377433511,396.0
719,1377433516,390.0
719,1377433521,392.0
719,1377433526,388.0
719,1377433531,383.0
719,1377433536,396.0
719,1377433541,388.0
719,1377433546,387.0
719,1377433551,387.0
719,1377433556,390.0
719,1377433561,390.0
719,1377433566,401.0
719,1377433571,403.0
719,1377433576,409.0
719,1377433581,406.0
719,1377433586,401.0
719,1377433591,398.0
719,1377433596,390.0
719,1377433601,388.0
719,1377433606,385.0
719,1377433611,383.0
719,1377433616,387.0
719,1377433621,390.0
719,1377433628,396.0
719,1377433631,393.0
719,1377433636,391.0
719,1377433641,388.0
719,1377433646,388.0
719,1377433651,387.0
719,1377433656,382.0
719,1377433661,390.0
719,1377433666,390.0
719,1377433671,395.0
719,1377433676,391.0
719,1377433681,397.0
719,1377433686,396.0
719,1377433691,398.0
719,1377433696,398.0
719,1377433701,396.0
719,1377433706,398.0
719,1377433711,396.0
719,1377433716,401.0
719,1377433721,398.0
719,1377433726,402.0
719,1377433731,401.0
719,1377433736,404.0
719,1377433741,403.0
719,1377433746,406.0
719,1377433751,406.0
719,1377433756,398.0
719,1377433761,395.0
719,1377433766,390.0
719,1377433771,387.0
719,1377433776,396.0
719,1377433781,390.0
719,1377433786,395.0
719,1377433791,390.0
719,1377433796,393.0
719,1377433801,396.0
719,1377433806,398.0
719,1377433811,401.0
719,1377433816,396.0
719,1377433821,401.0
719,1377433826,395.0
719,1377433831,401.0
719,1377433836,400.0
719,1377433841,399.0
719,1377433846,401.0
719,1377433851,397.0
719,1377433856,391.0
719,1377433861,391.0
719,1377433866,390.0
719,1377433871,391.0
719,1377433876,401.0
719,1377433881,401.0
719,1377433886,398.0
719,1377433891,402.0
719,1377433896,397.0
719,1377433901,398.0
719,1377433906,401.0
719,1377433911,397.0
719,1377433916,391.0
719,1377433921,395.0
719,1377433926,391.0
719,1377433931,395.0
719,1377433936,391.0
719,1377433941,391.0
719,1377433946,403.0
719,1377433951,397.0
719,1377433956,401.0
719,1377433961,397.0
719,1377433966,395.0
719,1377433971,395.0
719,1377433976,391.0
719,1377433981,395.0
719,1377433986,397.0
719,1377433991,393.0
719,1377433996,393.0
719,1377434001,390.0
719,1377434006,392.0
719,1377434011,391.0
719,1377434016,391.0
719,1377434021,391.0
719,1377434026,396.0
719,1377434031,393.0
719,1377434036,393.0
719,1377434041,392.0
719,1377434046,390.0
719,1377434051,392.0
719,1377434056,387.0
719,1377434061,382.0
719,1377434066,382.0
719,1377434071,383.0
719,1377434076,387.0
719,1377434081,395.0
719,1377434086,390.0
719,1377434091,401.0
719,1377434096,391.0
719,1377434101,390.0
719,1377434106,390.0
719,1377434111,387.0
719,1377434116,385.0
719,1377434121,384.0
719,1377434126,382.0
719,1377434131,388.0
719,1377434136,383.0
719,1377434141,393.0
719,1377434146,396.0
719,1377434151,396.0
719,1377434156,395.0
719,1377434161,391.0
719,1377434166,391.0
719,1377434171,398.0
719,1377434176,393.0
719,1377434181,391.0
719,1377434186,392.0
719,1377434191,392.0
719,1377434196,393.0
719,1377434201,397.0
719,1377434206,396.0
719,1377434211,390.0
719,1377434216,393.0
719,1377434221,387.0
719,1377434226,391.0
719,1377434231,396.0
719,1377434236,390.0
719,1377434241,382.0
719,1377434246,382.0
719,1377434251,385.0
719,1377434256,383.0
719,1377434261,390.0
719,1377434266,387.0
719,1377434271,396.0
719,1377434276,396.0
719,1377434281,398.0
719,1377434286,397.0
719,1377434291,396.0
719,1377434296,396.0
719,1377434301,392.0
719,1377434306,385.0
719,1377434311,385.0
719,1377434316,382.0
719,1377434321,387.0
719,1377434326,389.0
719,1377434331,391.0
719,1377434336,387.0
719,1377434341,382.0
719,1377434346,385.0
719,1377434351,385.0
719,1377434356,385.0
719,1377434361,388.0
719,1377434366,392.0
719,1377434371,391.0
719,1377434376,393.0
719,1377434381,390.0
719,1377434386,390.0
719,1377434391,387.0
719,1377434396,382.0
719,1377434401,382.0
719,1377434406,387.0
719,1377434411,390.0
719,1377434416,390.0
719,1377434421,396.0
719,1377434426,391.0
719,1377434431,390.0
719,1377434436,392.0
719,1377434441,391.0
719,1377434446,390.0
719,1377434451,396.0
719,1377434456,397.0
719,1377434461,408.0
719,1377434466,403.0
719,1377434471,398.0
719,1377434476,408.0
719,1377434481,395.0
719,1377434486,395.0
719,1377434491,392.0
719,1377434496,390.0
719,1377434501,382.0
719,1377434506,392.0
719,1377434511,393.0
719,1377434516,391.0
719,1377434521,395.0
719,1377434526,397.0
719,1377434531,400.0
719,1377434536,398.0
719,1377434541,396.0
719,1377434546,387.0
719,1377434551,387.0
719,1377434556,387.0
719,1377434561,387.0
719,1377434566,382.0
719,1377434571,388.0
719,1377434576,381.0
719,1377434581,382.0
719,1377434586,382.0
719,1377434591,388.0
719,1377434596,383.0
719,1377434601,382.0
719,1377434606,382.0
719,1377434611,382.0
719,1377434616,390.0
719,1377434621,396.0
719,1377434626,395.0
719,1377434631,395.0
719,1377434636,391.0
719,1377434641,392.0
719,1377434646,393.0
719,1377434651,392.0
719,1377434656,383.0
719,1377434661,383.0
719,1377434666,385.0
719,1377434671,385.0
719,1377434676,385.0
719,1377434681,390.0
719,1377434686,391.0
719,1377434691,397.0
719,1377434696,398.0
719,1377434701,398.0
719,1377434706,395.0
719,1377434711,391.0
719,1377434716,396.0
719,1377434721,390.0
719,1377434726,398.0
719,1377434731,391.0
719,1377434736,395.0
719,1377434741,390.0
719,1377434746,391.0
719,1377434751,382.0
719,1377434756,385.0
719,1377434761,387.0
719,1377434766,390.0
719,1377434771,398.0
719,1377434776,397.0
719,1377434781,400.0
719,1377434786,391.0
719,1377434791,391.0
719,1377434796,387.0
719,1377434801,383.0
719,1377434806,382.0
719,1377434811,377.0
719,1377434816,384.0
719,1377434821,382.0
719,1377434826,384.0
719,1377434831,385.0
719,1377434836,384.0
719,1377434841,383.0
719,1377434846,385.0
719,1377434851,393.0
719,1377434856,390.0
719,1377434861,393.0
719,1377434866,387.0
719,1377434871,393.0
719,1377434876,382.0
719,1377434881,382.0
719,1377434886,387.0
719,1377434891,389.0
719,1377434896,387.0
719,1377434901,385.0
719,1377434906,390.0
719,1377434911,390.0
719,1377434916,393.0
719,1377434921,390.0
719,1377434926,391.0
719,1377434931,392.0
719,1377434936,383.0
719,1377434941,387.0
719,1377434946,390.0
719,1377434951,393.0
719,1377434956,395.0
719,1377434961,395.0
719,1377434966,398.0
719,1377434971,398.0
719,1377434976,403.0
719,1377434981,404.0
719,1377434986,406.0
719,1377434991,404.0
719,1377434996,406.0
719,1377435001,391.0
719,1377435006,393.0
719,1377435011,396.0
719,1377435016,396.0
719,1377435021,395.0
719,1377435026,390.0
719,1377435031,390.0
719,1377435036,387.0
719,1377435041,392.0
719,1377435046,382.0
719,1377435051,388.0
719,1377435056,396.0
719,1377435061,396.0
719,1377435066,391.0
719,1377435071,396.0
719,1377435076,396.0
719,1377435081,397.0
719,1377435086,397.0
719,1377435091,403.0
719,1377435096,401.0
719,1377435101,398.0
719,1377435106,389.0
719,1377435111,382.0
719,1377435116,382.0
719,1377435121,388.0
719,1377435126,383.0
719,1377435131,393.0
719,1377435136,395.0
719,1377435141,395.0
719,1377435146,398.0
719,1377435151,391.0
719,1377435156,395.0
719,1377435161,393.0
719,1377435166,396.0
719,1377435171,396.0
719,1377435176,396.0
719,1377435181,392.0
719,1377435186,390.0
719,1377435191,393.0
719,1377435196,390.0
719,1377435201,396.0
719,1377435206,398.0
719,1377435211,398.0
719,1377435216,396.0
719,1377435221,397.0
719,1377435226,404.0
719,1377435231,401.0
719,1377435236,406.0
719,1377435241,404.0
719,1377435246,408.0
719,1377435251,397.0
719,1377435256,398.0
719,1377435261,403.0
719,1377435266,403.0
719,1377435271,399.0
719,1377435276,398.0
719,1377435281,393.0
719,1377435286,393.0
719,1377435291,392.0
719,1377435296,393.0
719,1377435301,396.0
719,1377435306,391.0
719,1377435311,396.0
719,1377435316,383.0
719,1377435321,383.0
719,1377435326,392.0
719,1377435331,391.0
719,1377435336,393.0
719,1377435341,396.0
719,1377435346,396.0
719,1377435351,396.0
719,1377435356,393.0
719,1377435361,391.0
719,1377435366,391.0
719,1377435371,391.0
719,1377435376,391.0
719,1377435381,396.0
719,1377435386,391.0
719,1377435391,391.0
719,1377435396,390.0
719,1377435401,395.0
719,1377435406,396.0
719,1377435411,393.0
719,1377435416,390.0
719,1377435421,390.0
719,1377435426,390.0
719,1377435431,396.0
719,1377435436,396.0
719,1377435441,396.0
719,1377435446,398.0
719,1377435451,396.0
719,1377435456,398.0
719,1377435461,396.0
719,1377435466,391.0
719,1377435471,391.0
719,1377435476,396.0
719,1377435481,391.0
719,1377435486,399.0
719,1377435491,392.0
719,1377435496,393.0
719,1377435501,387.0
719,1377435506,387.0
719,1377435511,387.0
719,1377435516,393.0
719,1377435521,390.0
719,1377435526,396.0
719,1377435531,391.0
719,1377435536,404.0
719,1377435541,398.0
719,1377435546,406.0
719,1377435551,404.0
719,1377435556,401.0
719,1377435561,396.0
719,1377435566,398.0
719,1377435571,396.0
719,1377435576,396.0
719,1377435581,396.0
719,1377435586,396.0
719,1377435591,393.0
719,1377435596,391.0
719,1377435601,395.0
719,1377435606,391.0
719,1377435611,395.0
719,1377435616,391.0
719,1377435621,393.0
719,1377435626,398.0
719,1377435631,391.0
719,1377435636,391.0
719,1377435641,393.0
719,1377435646,390.0
719,1377435651,392.0
719,1377435656,388.0
719,1377435661,392.0
719,1377435666,393.0
719,1377435671,391.0
719,1377435676,401.0
719,1377435681,399.0
719,1377435686,403.0
719,1377435691,401.0
719,1377435696,395.0
719,1377435701,401.0
719,1377435706,406.0
719,1377435711,398.0
719,1377435716,398.0
719,1377435721,393.0
719,1377435726,393.0
719,1377435731,387.0
719,1377435736,391.0
719,1377435741,382.0
719,1377435746,388.0
719,1377435751,388.0
719,1377435756,390.0
719,1377435761,397.0
719,1377435766,408.0
719,1377435771,406.0
719,1377435776,404.0
719,1377435781,401.0
719,1377435786,401.0
719,1377435791,401.0
719,1377435796,401.0
719,1377435801,401.0
719,1377435806,400.0
719,1377435811,400.0
719,1377435816,396.0
719,1377435821,398.0
719,1377435826,395.0
719,1377435831,400.0
719,1377435836,396.0
719,1377435841,401.0
719,1377435846,397.0
719,1377435851,402.0
719,1377435856,398.0
719,1377435861,401.0
719,1377435866,390.0
719,1377435871,397.0
719,1377435876,382.0
719,1377435881,388.0
719,1377435886,388.0
719,1377435891,385.0
719,1377435896,388.0
719,1377435901,388.0
719,1377435906,388.0
719,1377435911,388.0
719,1377435916,382.0
719,1377435921,392.0
719,1377435926,395.0
719,1377435931,400.0
719,1377435936,400.0
719,1377435941,398.0
719,1377435946,397.0
719,1377435951,396.0
719,1377435956,396.0
719,1377435961,392.0
719,1377435966,393.0
719,1377435971,388.0
719,1377435976,393.0
719,1377435981,391.0
719,1377435986,396.0
719,1377435991,404.0
719,1377435996,400.0
719,1377436001,393.0
719,1377436006,390.0
719,1377436011,383.0
719,1377436016,388.0
719,1377436021,384.0
719,1377436026,388.0
719,1377436031,388.0
719,1377436036,390.0
719,1377436041,393.0
719,1377436046,390.0
719,1377436051,392.0
719,1377436056,387.0
719,1377436061,396.0
719,1377436066,392.0
719,1377436071,392.0
719,1377436076,395.0
719,1377436083,398.0
719,1377436086,401.0
719,1377436091,402.0
719,1377436096,402.0
719,1377436101,403.0
719,1377436106,401.0
719,1377436111,406.0
719,1377436116,398.0
719,1377436121,401.0
719,1377436126,395.0
719,1377436131,390.0
719,1377436136,393.0
719,1377436141,395.0
719,1377436146,403.0
719,1377436151,403.0
719,1377436156,399.0
719,1377436161,406.0
719,1377436166,404.0
719,1377436171,395.0
719,1377436176,395.0
719,1377436181,396.0
719,1377436186,395.0
719,1377436191,390.0
719,1377436196,387.0
719,1377436201,390.0
719,1377436206,396.0
719,1377436211,390.0
719,1377436216,396.0
719,1377436221,391.0
719,1377436226,401.0
719,1377436231,401.0
719,1377436236,398.0
719,1377436241,398.0
719,1377436246,395.0
719,1377436251,396.0
719,1377436256,387.0
719,1377436261,385.0
719,1377436266,387.0
719,1377436271,391.0
719,1377436276,397.0
719,1377436281,402.0
719,1377436286,403.0
719,1377436291,398.0
719,1377436296,391.0
719,1377436301,390.0
719,1377436306,391.0
719,1377436311,391.0
719,1377436316,397.0
719,1377436321,398.0
719,1377436326,398.0
719,1377436331,398.0
719,1377436336,396.0
719,1377436341,391.0
719,1377436346,382.0
719,1377436351,382.0
719,1377436356,387.0
719,1377436361,396.0
719,1377436366,404.0
719,1377436371,399.0
719,1377436376,408.0
719,1377436381,401.0
719,1377436386,396.0
719,1377436391,391.0
719,1377436396,391.0
719,1377436401,400.0
719,1377436406,398.0
719,1377436411,391.0
719,1377436416,397.0
719,1377436421,397.0
719,1377436426,398.0
719,1377436431,391.0
719,1377436436,396.0
719,1377436441,398.0
719,1377436446,397.0
719,1377436451,401.0
719,1377436456,403.0
719,1377436461,403.0
719,1377436466,404.0
719,1377436471,403.0
719,1377436476,403.0
719,1377436481,400.0
719,1377436486,404.0
719,1377436491,397.0
719,1377436496,397.0
719,1377436501,404.0
719,1377436506,409.0
719,1377436511,406.0
719,1377436516,408.0
719,1377436521,403.0
719,1377436526,404.0
719,1377436531,403.0
719,1377436536,401.0
719,1377436541,403.0
719,1377436546,403.0
719,1377436551,398.0
719,1377436556,390.0
719,1377436561,395.0
719,1377436566,401.0
719,1377436571,401.0
719,1377436576,404.0
719,1377436581,403.0
719,1377436586,398.0
719,1377436591,391.0
719,1377436596,391.0
719,1377436601,393.0
719,1377436606,387.0
719,1377436611,392.0
719,1377436616,385.0
719,1377436621,388.0
719,1377436626,392.0
719,1377436631,388.0
719,1377436636,388.0
719,1377436641,382.0
719,1377436646,388.0
719,1377436651,388.0
719,1377436656,392.0
719,1377436661,393.0
719,1377436666,390.0
719,1377436671,385.0
719,1377436676,388.0
719,1377436681,383.0
719,1377436686,381.0
719,1377436691,385.0
719,1377436696,388.0
719,1377436701,388.0
719,1377436706,382.0
719,1377436711,384.0
719,1377436716,382.0
719,1377436721,385.0
719,1377436726,387.0
719,1377436731,382.0
719,1377436736,388.0
719,1377436741,384.0
719,1377436746,385.0
719,1377436751,383.0
719,1377436756,392.0
719,1377436761,393.0
719,1377436766,397.0
719,1377436771,398.0
719,1377436776,397.0
719,1377436781,400.0
719,1377436786,393.0
719,1377436791,396.0
719,1377436796,390.0
719,1377436801,390.0
719,1377436806,388.0
719,1377436811,390.0
719,1377436816,392.0
719,1377436821,387.0
719,1377436826,388.0
719,1377436831,387.0
719,1377436836,382.0
719,1377436841,388.0
719,1377436846,387.0
719,1377436851,397.0
719,1377436856,383.0
719,1377436861,391.0
719,1377436866,387.0
719,1377436871,383.0
719,1377436876,391.0
719,1377436881,391.0
719,1377436886,398.0
719,1377436891,398.0
719,1377436898,396.0
719,1377436901,395.0
719,1377436906,396.0
719,1377436911,395.0
719,1377436916,396.0
719,1377436921,390.0
719,1377436926,392.0
719,1377436931,387.0
719,1377436936,390.0
719,1377436941,388.0
719,1377436946,382.0
719,1377436951,384.0
719,1377436956,384.0
719,1377436961,384.0
719,1377436966,385.0
719,1377436971,387.0
719,1377436976,390.0
719,1377436981,395.0
719,1377436986,399.0
719,1377436991,399.0
719,1377436996,401.0
719,1377437001,391.0
719,1377437006,401.0
719,1377437011,391.0
719,1377437016,395.0
719,1377437021,395.0
719,1377437026,401.0
719,1377437031,393.0
719,1377437036,393.0
719,1377437041,388.0
719,1377437046,387.0
719,1377437051,382.0
719,1377437056,382.0
719,1377437061,388.0
719,1377437066,396.0
719,1377437071,391.0
719,1377437076,398.0
719,1377437081,395.0
719,1377437086,393.0
719,1377437091,396.0
719,1377437096,391.0
719,1377437101,393.0
719,1377437106,396.0
719,1377437111,398.0
719,1377437116,401.0
719,1377437121,403.0
719,1377437126,398.0
719,1377437131,408.0
719,1377437136,396.0
719,1377437141,396.0
719,1377437146,392.0
719,1377437151,390.0
719,1377437156,390.0
719,1377437161,393.0
719,1377437166,396.0
719,1377437171,401.0
719,1377437176,395.0
719,1377437181,396.0
719,1377437186,395.0
719,1377437191,391.0
719,1377437196,397.0
719,1377437201,401.0
719,1377437206,398.0
719,1377437211,397.0
719,1377437216,398.0
719,1377437221,383.0
719,1377437226,382.0
719,1377437231,388.0
719,1377437236,387.0
719,1377437241,390.0
719,1377437246,398.0
719,1377437251,398.0
719,1377437256,401.0
719,1377437261,403.0
719,1377437266,403.0
719,1377437271,401.0
719,1377437276,395.0
719,1377437281,392.0
719,1377437286,390.0
719,1377437291,393.0
719,1377437296,395.0
719,1377437301,399.0
719,1377437306,395.0
719,1377437311,395.0
719,1377437316,396.0
719,1377437321,390.0
719,1377437326,397.0
719,1377437331,403.0
719,1377437336,401.0
719,1377437341,406.0
719,1377437346,408.0
719,1377437351,403.0
719,1377437356,406.0
719,1377437361,408.0
719,1377437366,401.0
719,1377437371,403.0
719,1377437376,395.0
719,1377437381,398.0
719,1377437386,389.0
719,1377437391,387.0
719,1377437396,383.0
719,1377437401,379.0
719,1377437406,384.0
719,1377437411,385.0
719,1377437416,383.0
719,1377437421,390.0
719,1377437426,391.0
719,1377437431,396.0
719,1377437436,396.0
719,1377437441,397.0
719,1377437446,398.0
719,1377437451,408.0
719,1377437456,403.0
719,1377437461,403.0
719,1377437466,398.0
719,1377437471,392.0
719,1377437476,383.0
719,1377437481,385.0
719,1377437486,382.0
719,1377437491,384.0
719,1377437496,382.0
719,1377437501,385.0
719,1377437506,390.0
719,1377437511,395.0
719,1377437516,403.0
719,1377437521,404.0
719,1377437526,402.0
719,1377437531,399.0
719,1377437536,396.0
719,1377437541,390.0
719,1377437546,393.0
719,1377437551,390.0
719,1377437556,392.0
719,1377437561,390.0
719,1377437566,401.0
719,1377437571,398.0
719,1377437576,395.0
719,1377437581,393.0
719,1377437586,385.0
719,1377437591,387.0
719,1377437596,388.0
719,1377437601,391.0
719,1377437606,397.0
719,1377437611,401.0
719,1377437616,391.0
719,1377437621,400.0
719,1377437626,391.0
719,1377437631,391.0
719,1377437636,387.0
719,1377437641,390.0
719,1377437646,387.0
719,1377437651,396.0
719,1377437656,393.0
719,1377437661,396.0
719,1377437666,393.0
719,1377437671,396.0
719,1377437676,387.0
719,1377437681,383.0
719,1377437686,385.0
719,1377437691,387.0
719,1377437696,390.0
719,1377437701,396.0
719,1377437706,391.0
719,1377437711,395.0
719,1377437716,401.0
719,1377437721,398.0
719,1377437726,402.0
719,1377437731,403.0
719,1377437736,404.0
719,1377437741,401.0
719,1377437746,401.0
719,1377437751,398.0
719,1377437756,401.0
719,1377437761,396.0
719,1377437766,393.0
719,1377437771,390.0
719,1377437776,396.0
719,1377437781,400.0
719,1377437786,402.0
719,1377437791,404.0
719,1377437796,397.0
719,1377437801,397.0
719,1377437806,398.0
719,1377437811,398.0
719,1377437816,393.0
719,1377437821,392.0
719,1377437826,388.0
719,1377437831,387.0
719,1377437836,396.0
719,1377437841,390.0
719,1377437846,397.0
719,1377437851,400.0
719,1377437856,395.0
719,1377437861,393.0
719,1377437866,390.0
719,1377437871,387.0
719,1377437876,382.0
719,1377437881,382.0
719,1377437886,382.0
719,1377437891,388.0
719,1377437896,391.0
719,1377437901,396.0
719,1377437906,396.0
719,1377437911,401.0
719,1377437916,400.0
719,1377437921,398.0
719,1377437926,398.0
719,1377437931,396.0
719,1377437936,388.0
719,1377437941,383.0
719,1377437946,385.0
719,1377437951,387.0
719,1377437956,391.0
719,1377437961,396.0
719,1377437966,398.0
719,1377437971,403.0
719,1377437976,403.0
719,1377437981,404.0
719,1377437986,403.0
719,1377437991,398.0
719,1377437996,398.0
719,1377438001,391.0
719,1377438006,396.0
719,1377438011,400.0
719,1377438016,391.0
719,1377438021,396.0
719,1377438026,396.0
719,1377438031,390.0
719,1377438036,387.0
719,1377438041,390.0
719,1377438046,392.0
719,1377438051,391.0
719,1377438056,395.0
719,1377438061,396.0
719,1377438066,395.0
719,1377438071,390.0
719,1377438076,396.0
719,1377438081,398.0
719,1377438086,393.0
719,1377438091,397.0
719,1377438096,398.0
719,1377438101,401.0
719,1377438106,395.0
719,1377438111,395.0
719,1377438116,392.0
719,1377438121,387.0
719,1377438126,380.0
719,1377438131,382.0
719,1377438136,384.0
719,1377438141,385.0
719,1377438146,387.0
719,1377438151,390.0
719,1377438156,396.0
719,1377438161,400.0
719,1377438166,401.0
719,1377438171,404.0
719,1377438176,401.0
719,1377438181,398.0
719,1377438186,401.0
719,1377438191,402.0
719,1377438196,397.0
719,1377438201,396.0
719,1377438206,390.0
719,1377438211,390.0
719,1377438216,392.0
719,1377438221,391.0
719,1377438226,408.0
719,1377438231,403.0
719,1377438236,406.0
719,1377438241,398.0
719,1377438246,391.0
719,1377438251,392.0
719,1377438256,387.0
719,1377438261,381.0
719,1377438266,375.0
719,1377438271,380.0
719,1377438276,384.0
719,1377438281,383.0
719,1377438286,391.0
719,1377438291,397.0
719,1377438296,403.0
719,1377438301,406.0
719,1377438306,401.0
719,1377438311,397.0
719,1377438316,396.0
719,1377438321,388.0
719,1377438326,382.0
719,1377438331,385.0
719,1377438336,392.0
719,1377438341,393.0
719,1377438346,393.0
719,1377438351,391.0
719,1377438356,393.0
719,1377438361,393.0
719,1377438366,393.0
719,1377438371,400.0
719,1377438376,396.0
719,1377438381,397.0
719,1377438386,398.0
719,1377438391,391.0
719,1377438396,390.0
719,1377438401,383.0
719,1377438406,382.0
719,1377438411,387.0
719,1377438416,392.0
719,1377438421,393.0
719,1377438426,398.0
719,1377438431,398.0
719,1377438436,395.0
719,1377438441,390.0
719,1377438446,398.0
719,1377438451,393.0
719,1377438456,393.0
719,1377438461,393.0
719,1377438466,401.0
719,1377438471,401.0
719,1377438476,412.0
719,1377438481,403.0
719,1377438486,402.0
719,1377438491,393.0
719,1377438496,393.0
719,1377438501,390.0
719,1377438506,401.0
719,1377438511,397.0
719,1377438516,395.0
719,1377438521,391.0
719,1377438526,393.0
719,1377438531,393.0
719,1377438536,398.0
719,1377438542,398.0
719,1377438546,408.0
719,1377438551,406.0
719,1377438556,397.0
719,1377438561,398.0
719,1377438566,392.0
719,1377438571,392.0
719,1377438576,390.0
719,1377438581,390.0
719,1377438586,397.0
719,1377438591,398.0
719,1377438596,397.0
719,1377438601,398.0
719,1377438606,391.0
719,1377438611,395.0
719,1377438616,398.0
719,1377438621,397.0
719,1377438626,391.0
719,1377438631,395.0
719,1377438636,398.0
719,1377438641,397.0
719,1377438646,395.0
719,1377438651,396.0
719,1377438656,393.0
719,1377438661,396.0
719,1377438666,401.0
719,1377438671,401.0
719,1377438676,400.0
719,1377438681,391.0
719,1377438686,388.0
719,1377438691,383.0
719,1377438696,385.0
719,1377438701,382.0
719,1377438706,383.0
719,1377438711,392.0
719,1377438716,396.0
719,1377438721,396.0
719,1377438726,398.0
719,1377438731,396.0
719,1377438736,401.0
719,1377438741,396.0
719,1377438746,401.0
719,1377438751,393.0
719,1377438756,391.0
719,1377438761,385.0
719,1377438766,383.0
719,1377438771,390.0
719,1377438776,391.0
719,1377438781,396.0
719,1377438786,398.0
719,1377438791,398.0
719,1377438796,402.0
719,1377438801,403.0
719,1377438806,408.0
719,1377438811,403.0
719,1377438816,401.0
719,1377438821,398.0
719,1377438826,398.0
719,1377438831,398.0
719,1377438836,397.0
719,1377438841,412.0
719,1377438846,397.0
719,1377438851,404.0
719,1377438856,395.0
719,1377438861,401.0
719,1377438866,403.0
719,1377438871,403.0
719,1377438876,401.0
719,1377438881,408.0
719,1377438886,404.0
719,1377438891,402.0
719,1377438896,401.0
719,1377438901,404.0
719,1377438906,403.0
719,1377438911,404.0
719,1377438916,412.0
719,1377438921,406.0
719,1377438926,401.0
719,1377438931,396.0
719,1377438936,396.0
719,1377438941,397.0
719,1377438946,401.0
719,1377438951,398.0
719,1377438956,398.0
719,1377438961,392.0
719,1377438966,387.0
719,1377438971,384.0
719,1377438976,382.0
719,1377438981,382.0
719,1377438986,393.0
719,1377438991,396.0
719,1377438996,391.0
719,1377439001,401.0
719,1377439006,403.0
719,1377439011,403.0
719,1377439016,409.0
719,1377439021,408.0
719,1377439026,406.0
719,1377439031,401.0
719,1377439036,397.0
719,1377439041,393.0
719,1377439046,395.0
719,1377439051,391.0
719,1377439056,397.0
719,1377439061,401.0
719,1377439066,403.0
719,1377439071,402.0
719,1377439076,396.0
719,1377439081,392.0
719,1377439086,388.0
719,1377439091,388.0
719,1377439096,390.0
719,1377439101,397.0
719,1377439106,393.0
719,1377439111,399.0
719,1377439116,395.0
719,1377439121,397.0
719,1377439126,395.0
719,1377439131,398.0
719,1377439136,399.0
719,1377439141,405.0
719,1377439146,397.0
719,1377439151,395.0
719,1377439156,390.0
719,1377439161,388.0
719,1377439166,390.0
719,1377439171,391.0
719,1377439176,393.0
719,1377439181,391.0
719,1377439186,392.0
719,1377439191,390.0
719,1377439196,393.0
719,1377439201,392.0
719,1377439206,396.0
719,1377439211,392.0
719,1377439216,390.0
719,1377439221,392.0
719,1377439226,393.0
719,1377439231,390.0
719,1377439236,392.0
719,1377439241,396.0
719,1377439246,390.0
719,1377439251,390.0
719,1377439256,388.0
719,1377439261,387.0
719,1377439266,390.0
719,1377439271,391.0
719,1377439276,390.0
719,1377439281,392.0
719,1377439286,396.0
719,1377439291,393.0
719,1377439296,393.0
719,1377439301,393.0
719,1377439306,395.0
719,1377439311,391.0
719,1377439316,395.0
719,1377439322,402.0
719,1377439326,397.0
719,1377439331,399.0
719,1377439336,400.0
719,1377439341,391.0
719,1377439346,390.0
719,1377439351,390.0
719,1377439356,387.0
719,1377439361,387.0
719,1377439366,392.0
719,1377439371,392.0
719,1377439376,393.0
719,1377439381,395.0
719,1377439386,398.0
719,1377439391,409.0
719,1377439396,401.0
719,1377439401,404.0
719,1377439406,397.0
719,1377439411,399.0
719,1377439416,403.0
719,1377439421,397.0
719,1377439426,401.0
719,1377439431,400.0
719,1377439436,396.0
719,1377439441,395.0
719,1377439446,391.0
719,1377439451,393.0
719,1377439456,392.0
719,1377439461,390.0
719,1377439466,396.0
719,1377439471,397.0
719,1377439476,406.0
719,1377439481,414.0
719,1377439486,416.0
719,1377439491,409.0
719,1377439496,407.0
719,1377439501,404.0
719,1377439506,412.0
719,1377439511,398.0
719,1377439516,408.0
719,1377439521,401.0
719,1377439526,397.0
719,1377439531,397.0
719,1377439536,393.0
719,1377439541,396.0
719,1377439546,391.0
719,1377439551,387.0
719,1377439556,382.0
719,1377439561,385.0
719,1377439566,390.0
719,1377439571,393.0
719,1377439576,398.0
719,1377439581,404.0
719,1377439586,404.0
719,1377439591,401.0
719,1377439596,404.0
719,1377439601,406.0
719,1377439606,408.0
719,1377439611,406.0
719,1377439616,403.0
719,1377439621,404.0
719,1377439626,401.0
719,1377439631,404.0
719,1377439636,403.0
719,1377439641,399.0
719,1377439646,396.0
719,1377439651,396.0
719,1377439656,401.0
719,1377439661,401.0
719,1377439666,406.0
719,1377439671,406.0
719,1377439676,408.0
719,1377439681,398.0
719,1377439686,403.0
719,1377439691,404.0
719,1377439696,403.0
719,1377439701,402.0
719,1377439706,401.0
719,1377439711,401.0
719,1377439716,395.0
719,1377439721,392.0
719,1377439726,387.0
719,1377439731,390.0
719,1377439736,390.0
719,1377439741,401.0
719,1377439746,401.0
719,1377439751,408.0
719,1377439756,401.0
719,1377439761,400.0
719,1377439766,397.0
719,1377439771,392.0
719,1377439776,392.0
719,1377439781,387.0
719,1377439786,382.0
719,1377439791,382.0
719,1377439796,388.0
719,1377439801,387.0
719,1377439806,385.0
719,1377439811,387.0
719,1377439816,390.0
719,1377439821,393.0
719,1377439826,398.0
719,1377439831,391.0
719,1377439836,390.0
719,1377439841,390.0
719,1377439846,398.0
719,1377439851,408.0
719,1377439856,398.0
719,1377439861,402.0
719,1377439866,402.0
719,1377439871,403.0
719,1377439876,398.0
719,1377439881,397.0
719,1377439886,393.0
719,1377439891,392.0
719,1377439896,387.0
719,1377439901,392.0
719,1377439906,397.0
719,1377439911,395.0
719,1377439916,401.0
719,1377439921,401.0
719,1377439926,397.0
719,1377439931,398.0
719,1377439936,391.0
719,1377439941,390.0
719,1377439946,390.0
719,1377439951,392.0
719,1377439956,392.0
719,1377439961,390.0
719,1377439966,391.0
719,1377439971,397.0
719,1377439976,412.0
719,1377439981,398.0
719,1377439986,395.0
719,1377439991,396.0
719,1377439996,390.0
719,1377440001,387.0
719,1377440006,393.0
719,1377440011,390.0
719,1377440016,397.0
719,1377440021,393.0
719,1377440026,395.0
719,1377440031,396.0
719,1377440036,390.0
719,1377440041,393.0
719,1377440046,390.0
719,1377440051,387.0
719,1377440056,387.0
719,1377440061,387.0
719,1377440066,387.0
719,1377440071,390.0
719,1377440076,396.0
719,1377440081,391.0
719,1377440086,401.0
719,1377440091,403.0
719,1377440096,401.0
719,1377440101,404.0
719,1377440106,399.0
719,1377440111,396.0
719,1377440116,393.0
719,1377440121,396.0
719,1377440126,391.0
719,1377440131,397.0
719,1377440136,395.0
719,1377440141,397.0
719,1377440146,401.0
719,1377440151,401.0
719,1377440156,398.0
719,1377440161,397.0
719,1377440168,401.0
719,1377440171,395.0
719,1377440176,393.0
719,1377440181,393.0
719,1377440186,391.0
719,1377440191,395.0
719,1377440196,396.0
719,1377440201,397.0
719,1377440206,398.0
719,1377440211,401.0
719,1377440216,401.0
719,1377440221,401.0
719,1377440226,402.0
719,1377440231,393.0
719,1377440236,395.0
719,1377440241,393.0
719,1377440246,396.0
719,1377440251,397.0
719,1377440256,402.0
719,1377440261,397.0
719,1377440266,401.0
719,1377440271,393.0
719,1377440276,387.0
719,1377440281,387.0
719,1377440286,387.0
719,1377440291,392.0
719,1377440296,395.0
719,1377440301,391.0
719,1377440306,400.0
719,1377440311,397.0
719,1377440316,398.0
719,1377440321,400.0
719,1377440326,393.0
719,1377440331,393.0
719,1377440336,395.0
719,1377440341,395.0
719,1377440346,396.0
719,1377440351,398.0
719,1377440356,398.0
719,1377440361,398.0
719,1377440366,395.0
719,1377440371,401.0
719,1377440376,397.0
719,1377440381,396.0
719,1377440386,396.0
719,1377440391,396.0
719,1377440396,396.0
719,1377440401,396.0
719,1377440406,396.0
719,1377440411,392.0
719,1377440416,393.0
719,1377440421,398.0
719,1377440426,404.0
719,1377440431,416.0
719,1377440436,406.0
719,1377440441,403.0
719,1377440446,397.0
719,1377440451,391.0
719,1377440456,391.0
719,1377440461,393.0
719,1377440466,393.0
719,1377440471,396.0
719,1377440476,404.0
719,1377440481,404.0
719,1377440486,400.0
719,1377440491,393.0
719,1377440496,391.0
719,1377440501,391.0
719,1377440506,396.0
719,1377440511,388.0
719,1377440516,392.0
719,1377440521,382.0
719,1377440526,379.0
719,1377440531,374.0
719,1377440536,374.0
719,1377440541,382.0
719,1377440546,382.0
719,1377440551,392.0
719,1377440556,395.0
719,1377440561,395.0
719,1377440566,404.0
719,1377440571,401.0
719,1377440576,397.0
719,1377440581,401.0
719,1377440586,398.0
719,1377440591,401.0
719,1377440596,402.0
719,1377440601,398.0
719,1377440606,401.0
719,1377440611,403.0
719,1377440616,402.0
719,1377440621,402.0
719,1377440626,403.0
719,1377440631,408.0
719,1377440636,404.0
719,1377440641,408.0
719,1377440646,408.0
719,1377440651,404.0
719,1377440656,404.0
719,1377440661,399.0
719,1377440666,403.0
719,1377440671,403.0
719,1377440676,398.0
719,1377440681,393.0
719,1377440686,390.0
719,1377440691,390.0
719,1377440696,391.0
719,1377440701,393.0
719,1377440706,395.0
719,1377440711,398.0
719,1377440716,393.0
719,1377440721,390.0
719,1377440726,393.0
719,1377440731,385.0
719,1377440736,382.0
719,1377440741,384.0
719,1377440746,387.0
719,1377440751,382.0
719,1377440756,399.0
719,1377440761,397.0
719,1377440766,398.0
719,1377440771,402.0
719,1377440776,404.0
719,1377440781,402.0
719,1377440786,397.0
719,1377440791,403.0
719,1377440796,408.0
719,1377440801,406.0
719,1377440806,412.0
719,1377440811,401.0
719,1377440816,398.0
719,1377440821,388.0
719,1377440826,383.0
719,1377440831,392.0
719,1377440836,393.0
719,1377440841,390.0
719,1377440846,400.0
719,1377440851,397.0
719,1377440856,393.0
719,1377440861,393.0
719,1377440866,392.0
719,1377440871,396.0
719,1377440876,397.0
719,1377440881,404.0
719,1377440886,401.0
719,1377440891,402.0
719,1377440896,397.0
719,1377440901,398.0
719,1377440906,397.0
719,1377440911,401.0
719,1377440916,397.0
719,1377440921,396.0
719,1377440926,395.0
719,1377440931,397.0
719,1377440936,397.0
719,1377440941,401.0
719,1377440946,400.0
719,1377440951,390.0
719,1377440956,391.0
719,1377440961,387.0
719,1377440966,388.0
719,1377440971,382.0
719,1377440976,390.0
719,1377440981,395.0
719,1377440986,400.0
719,1377440991,395.0
719,1377440996,401.0
719,1377441001,393.0
719,1377441008,397.0
719,1377441011,398.0
719,1377441016,397.0
719,1377441021,397.0
719,1377441026,396.0
719,1377441031,387.0
719,1377441036,383.0
719,1377441041,384.0
719,1377441046,388.0
719,1377441051,388.0
719,1377441056,393.0
719,1377441061,390.0
719,1377441066,392.0
719,1377441071,392.0
719,1377441076,387.0
719,1377441081,392.0
719,1377441086,393.0
719,1377441091,393.0
719,1377441096,395.0
719,1377441101,398.0
719,1377441106,400.0
719,1377441111,402.0
719,1377441116,397.0
719,1377441121,401.0
719,1377441126,393.0
719,1377441131,396.0
719,1377441136,396.0
719,1377441141,395.0
719,1377441146,397.0
719,1377441151,403.0
719,1377441156,402.0
719,1377441161,402.0
719,1377441166,397.0
719,1377441171,397.0
719,1377441176,395.0
719,1377441181,390.0
719,1377441186,392.0
719,1377441191,393.0
719,1377441196,402.0
719,1377441201,408.0
719,1377441206,404.0
719,1377441211,398.0
719,1377441216,401.0
719,1377441221,396.0
719,1377441226,396.0
719,1377441231,391.0
719,1377441236,390.0
719,1377441241,391.0
719,1377441246,393.0
719,1377441251,396.0
719,1377441256,396.0
719,1377441261,401.0
719,1377441266,403.0
719,1377441271,404.0
719,1377441276,403.0
719,1377441281,403.0
719,1377441286,408.0
719,1377441291,403.0
719,1377441296,398.0
719,1377441301,402.0
719,1377441306,401.0
719,1377441311,404.0
719,1377441316,398.0
719,1377441321,395.0
719,1377441326,396.0
719,1377441331,396.0
719,1377441336,390.0
719,1377441341,393.0
719,1377441346,391.0
719,1377441351,401.0
719,1377441356,396.0
719,1377441361,395.0
719,1377441366,387.0
719,1377441371,387.0
719,1377441376,388.0
719,1377441381,382.0
719,1377441386,385.0
719,1377441391,387.0
719,1377441396,392.0
719,1377441401,399.0
719,1377441406,397.0
719,1377441411,395.0
719,1377441416,391.0
719,1377441421,387.0
719,1377441426,385.0
719,1377441431,382.0
719,1377441436,387.0
719,1377441441,392.0
719,1377441446,392.0
719,1377441451,393.0
719,1377441456,396.0
719,1377441461,395.0
719,1377441466,396.0
719,1377441471,400.0
719,1377441476,400.0
719,1377441481,397.0
719,1377441486,400.0
719,1377441491,391.0
719,1377441496,393.0
719,1377441501,390.0
719,1377441506,404.0
719,1377441511,397.0
719,1377441516,400.0
719,1377441521,396.0
719,1377441526,398.0
719,1377441531,398.0
719,1377441536,397.0
719,1377441541,398.0
719,1377441546,399.0
719,1377441551,401.0
719,1377441556,398.0
719,1377441561,404.0
719,1377441566,398.0
719,1377441571,393.0
719,1377441576,393.0
719,1377441581,390.0
719,1377441586,393.0
719,1377441591,391.0
719,1377441596,391.0
719,1377441601,391.0
719,1377441606,397.0
719,1377441611,402.0
719,1377441616,397.0
719,1377441621,400.0
719,1377441626,391.0
719,1377441631,393.0
719,1377441636,385.0
719,1377441641,387.0
719,1377441646,388.0
719,1377441651,395.0
719,1377441656,395.0
719,1377441661,398.0
719,1377441666,398.0
719,1377441671,403.0
719,1377441676,397.0
719,1377441681,395.0
719,1377441686,398.0
719,1377441691,391.0
719,1377441696,393.0
719,1377441701,390.0
719,1377441706,393.0
719,1377441711,396.0
719,1377441716,390.0
719,1377441721,391.0
719,1377441726,390.0
719,1377441731,395.0
719,1377441736,391.0
719,1377441741,390.0
719,1377441746,391.0
719,1377441751,393.0
719,1377441756,396.0
719,1377441761,392.0
719,1377441766,391.0
719,1377441771,393.0
719,1377441776,393.0
719,1377441781,390.0
719,1377441786,390.0
719,1377441791,387.0
719,1377441796,383.0
719,1377441801,392.0
719,1377441806,391.0
719,1377441811,391.0
719,1377441816,390.0
719,1377441821,393.0
719,1377441826,390.0
719,1377441831,390.0
719,1377441836,391.0
719,1377441841,398.0
719,1377441846,391.0
719,1377441851,395.0
719,1377441856,390.0
719,1377441861,395.0
719,1377441866,390.0
719,1377441871,393.0
719,1377441876,382.0
719,1377441881,392.0
719,1377441886,387.0
719,1377441891,395.0
719,1377441896,395.0
719,1377441901,412.0
719,1377441906,397.0
719,1377441911,398.0
719,1377441916,396.0
719,1377441921,393.0
719,1377441926,390.0
719,1377441931,388.0
719,1377441936,387.0
719,1377441941,382.0
719,1377441946,383.0
719,1377441951,391.0
719,1377441956,390.0
719,1377441961,401.0
719,1377441966,397.0
719,1377441971,401.0
719,1377441976,398.0
719,1377441981,401.0
719,1377441986,400.0
719,1377441991,396.0
719,1377441996,397.0
719,1377442001,388.0
719,1377442006,382.0
719,1377442011,387.0
719,1377442016,391.0
719,1377442021,387.0
719,1377442026,383.0
719,1377442031,385.0
719,1377442036,383.0
719,1377442041,390.0
719,1377442046,393.0
719,1377442051,396.0
719,1377442056,393.0
719,1377442061,396.0
719,1377442066,393.0
719,1377442071,391.0
719,1377442076,398.0
719,1377442081,390.0
719,1377442086,391.0
719,1377442091,382.0
719,1377442096,390.0
719,1377442101,390.0
719,1377442106,393.0
719,1377442111,396.0
719,1377442116,395.0
719,1377442121,398.0
719,1377442126,398.0
719,1377442131,408.0
719,1377442136,404.0
719,1377442141,403.0
719,1377442146,398.0
719,1377442151,396.0
719,1377442156,396.0
719,1377442161,388.0
719,1377442166,388.0
719,1377442171,383.0
719,1377442176,391.0
719,1377442181,398.0
719,1377442186,401.0
719,1377442191,400.0
719,1377442196,393.0
719,1377442201,387.0
719,1377442206,384.0
719,1377442211,388.0
719,1377442216,385.0
719,1377442221,388.0
719,1377442226,388.0
719,1377442231,382.0
719,1377442236,392.0
719,1377442241,390.0
719,1377442246,396.0
719,1377442251,396.0
719,1377442256,391.0
719,1377442261,396.0
719,1377442266,395.0
719,1377442271,396.0
719,1377442276,393.0
719,1377442281,390.0
719,1377442286,385.0
719,1377442291,393.0
719,1377442296,393.0
719,1377442301,390.0
719,1377442306,396.0
719,1377442311,395.0
719,1377442316,393.0
719,1377442321,391.0
719,1377442326,390.0
719,1377442331,393.0
719,1377442336,390.0
719,1377442341,391.0
719,1377442346,393.0
719,1377442351,393.0
719,1377442356,395.0
719,1377442361,391.0
719,1377442366,387.0
719,1377442371,387.0
719,1377442376,384.0
719,1377442381,382.0
719,1377442386,388.0
719,1377442391,385.0
719,1377442396,392.0
719,1377442401,398.0
719,1377442406,396.0
719,1377442411,401.0
719,1377442416,398.0
719,1377442421,391.0
719,1377442426,390.0
719,1377442431,388.0
719,1377442436,388.0
719,1377442441,382.0
719,1377442446,388.0
719,1377442451,396.0
719,1377442456,396.0
719,1377442461,391.0
719,1377442466,391.0
719,1377442471,396.0
719,1377442476,390.0
719,1377442481,393.0
719,1377442486,393.0
719,1377442491,391.0
719,1377442496,393.0
719,1377442501,390.0
719,1377442506,396.0
719,1377442511,393.0
719,1377442516,390.0
719,1377442521,395.0
719,1377442526,401.0
719,1377442531,398.0
719,1377442536,401.0
719,1377442541,398.0
719,1377442546,396.0
719,1377442551,395.0
719,1377442556,391.0
719,1377442561,390.0
719,1377442566,388.0
719,1377442571,385.0
719,1377442576,390.0
719,1377442581,393.0
719,1377442586,391.0
719,1377442591,396.0
719,1377442596,390.0
719,1377442601,385.0
719,1377442606,381.0
719,1377442611,388.0
719,1377442616,380.0
719,1377442621,387.0
719,1377442626,393.0
719,1377442631,397.0
719,1377442636,398.0
719,1377442641,404.0
719,1377442646,397.0
719,1377442651,396.0
719,1377442656,396.0
719,1377442661,393.0
719,1377442666,390.0
719,1377442671,393.0
719,1377442676,396.0
719,1377442681,392.0
719,1377442688,390.0
719,1377442691,393.0
719,1377442696,395.0
719,1377442701,397.0
719,1377442706,397.0
719,1377442711,395.0
719,1377442716,393.0
719,1377442721,392.0
719,1377442726,383.0
719,1377442731,385.0
719,1377442736,387.0
719,1377442741,387.0
719,1377442746,392.0
719,1377442751,393.0
719,1377442756,396.0
719,1377442761,390.0
719,1377442766,404.0
719,1377442771,397.0
719,1377442776,400.0
719,1377442781,397.0
719,1377442786,396.0
719,1377442791,396.0
719,1377442796,393.0
719,1377442801,393.0
719,1377442806,390.0
719,1377442811,391.0
719,1377442816,391.0
719,1377442821,392.0
719,1377442826,390.0
719,1377442831,396.0
719,1377442836,393.0
719,1377442841,393.0
719,1377442846,392.0
719,1377442851,383.0
719,1377442856,387.0
719,1377442861,383.0
719,1377442866,388.0
719,1377442871,390.0
719,1377442876,383.0
719,1377442881,396.0
719,1377442886,392.0
719,1377442891,396.0
719,1377442896,390.0
719,1377442901,393.0
719,1377442906,391.0
719,1377442911,390.0
719,1377442916,395.0
719,1377442921,393.0
719,1377442926,390.0
719,1377442931,387.0
719,1377442936,392.0
719,1377442941,392.0
719,1377442946,392.0
719,1377442951,390.0
719,1377442956,396.0
719,1377442961,395.0
719,1377442966,403.0
719,1377442971,398.0
719,1377442976,401.0
719,1377442981,396.0
719,1377442986,391.0
719,1377442991,387.0
719,1377442996,385.0
719,1377443001,387.0
719,1377443006,388.0
719,1377443011,387.0
719,1377443016,393.0
719,1377443021,396.0
719,1377443026,396.0
719,1377443031,396.0
719,1377443036,388.0
719,1377443041,392.0
719,1377443046,392.0
719,1377443051,396.0
719,1377443056,395.0
719,1377443061,397.0
719,1377443066,401.0
719,1377443071,401.0
719,1377443076,402.0
719,1377443081,401.0
719,1377443086,392.0
719,1377443091,382.0
719,1377443096,393.0
719,1377443101,390.0
719,1377443106,393.0
719,1377443111,392.0
719,1377443116,384.0
719,1377443121,375.0
719,1377443126,380.0
719,1377443131,379.0
719,1377443136,385.0
719,1377443141,392.0
719,1377443146,391.0
719,1377443151,390.0
719,1377443156,390.0
719,1377443161,396.0
719,1377443166,390.0
719,1377443171,398.0
719,1377443176,403.0
719,1377443181,398.0
719,1377443186,404.0
719,1377443191,393.0
719,1377443196,393.0
719,1377443201,392.0
719,1377443206,391.0
719,1377443211,393.0
719,1377443216,392.0
719,1377443221,391.0
719,1377443226,392.0
719,1377443231,391.0
719,1377443236,404.0
719,1377443241,400.0
719,1377443246,398.0
719,1377443251,396.0
719,1377443256,395.0
719,1377443261,398.0
719,1377443266,398.0
719,1377443271,395.0
719,1377443276,396.0
719,1377443281,388.0
719,1377443286,388.0
719,1377443291,387.0
719,1377443296,396.0
719,1377443301,393.0
719,1377443306,393.0
719,1377443311,393.0
719,1377443316,396.0
719,1377443321,393.0
719,1377443326,401.0
719,1377443331,401.0
719,1377443336,398.0
719,1377443341,404.0
719,1377443346,397.0
719,1377443351,398.0
719,1377443356,395.0
719,1377443361,395.0
719,1377443366,393.0
719,1377443371,392.0
719,1377443376,387.0
719,1377443381,392.0
719,1377443386,387.0
719,1377443391,389.0
719,1377443396,392.0
719,1377443401,395.0
719,1377443406,391.0
719,1377443411,391.0
719,1377443416,390.0
719,1377443421,393.0
719,1377443426,396.0
719,1377443431,390.0
719,1377443436,396.0
719,1377443441,391.0
719,1377443446,393.0
719,1377443451,391.0
719,1377443456,391.0
719,1377443461,402.0
719,1377443466,397.0
719,1377443471,398.0
719,1377443476,401.0
719,1377443481,390.0
719,1377443486,393.0
719,1377443491,393.0
719,1377443496,396.0
719,1377443501,396.0
719,1377443506,393.0
719,1377443511,392.0
719,1377443516,389.0
719,1377443522,388.0
719,1377443526,391.0
719,1377443531,396.0
719,1377443536,396.0
719,1377443541,392.0
719,1377443546,390.0
719,1377443551,382.0
719,1377443556,388.0
719,1377443561,391.0
719,1377443566,390.0
719,1377443571,390.0
719,1377443576,392.0
719,1377443581,393.0
719,1377443586,391.0
719,1377443591,393.0
719,1377443596,401.0
719,1377443601,401.0
719,1377443606,396.0
719,1377443611,396.0
719,1377443616,392.0
719,1377443621,392.0
719,1377443626,390.0
719,1377443631,383.0
719,1377443636,393.0
719,1377443641,396.0
719,1377443646,396.0
719,1377443651,393.0
719,1377443656,388.0
719,1377443661,392.0
719,1377443666,387.0
719,1377443671,392.0
719,1377443676,397.0
719,1377443681,398.0
719,1377443686,397.0
719,1377443691,398.0
719,1377443696,398.0
719,1377443701,395.0
719,1377443706,393.0
719,1377443711,396.0
719,1377443716,396.0
719,1377443721,396.0
719,1377443726,396.0
719,1377443731,393.0
719,1377443736,391.0
719,1377443741,390.0
719,1377443746,397.0
719,1377443751,393.0
719,1377443756,391.0
719,1377443761,398.0
719,1377443766,401.0
719,1377443771,398.0
719,1377443776,396.0
719,1377443781,393.0
719,1377443786,398.0
719,1377443791,391.0
719,1377443796,396.0
719,1377443801,390.0
719,1377443806,390.0
719,1377443811,391.0
719,1377443816,396.0
719,1377443821,393.0
719,1377443826,390.0
719,1377443831,392.0
719,1377443836,385.0
719,1377443841,387.0
719,1377443846,387.0
719,1377443851,390.0
719,1377443856,392.0
719,1377443861,392.0
719,1377443866,396.0
719,1377443871,393.0
719,1377443876,391.0
719,1377443881,396.0
719,1377443886,385.0
719,1377443891,388.0
719,1377443896,392.0
719,1377443901,390.0
719,1377443906,393.0
719,1377443911,401.0
719,1377443916,398.0
719,1377443921,398.0
719,1377443926,406.0
719,1377443931,409.0
719,1377443936,409.0
719,1377443941,408.0
719,1377443946,403.0
719,1377443951,401.0
719,1377443956,395.0
719,1377443961,390.0
719,1377443966,396.0
719,1377443971,391.0
719,1377443976,393.0
719,1377443981,387.0
719,1377443986,388.0
719,1377443991,385.0
719,1377443996,387.0
719,1377444001,388.0
719,1377444006,390.0
719,1377444011,392.0
719,1377444016,390.0
719,1377444021,396.0
719,1377444026,398.0
719,1377444031,403.0
719,1377444036,403.0
719,1377444041,401.0
719,1377444046,398.0
719,1377444051,398.0
719,1377444056,391.0
719,1377444061,400.0
719,1377444066,398.0
719,1377444071,396.0
719,1377444076,393.0
719,1377444081,391.0
719,1377444086,387.0
719,1377444091,390.0
719,1377444096,388.0
719,1377444101,382.0
719,1377444106,390.0
719,1377444111,390.0
719,1377444116,390.0
719,1377444121,387.0
719,1377444126,387.0
719,1377444131,382.0
719,1377444136,375.0
719,1377444141,384.0
719,1377444146,381.0
719,1377444151,382.0
719,1377444156,387.0
719,1377444161,391.0
719,1377444166,393.0
719,1377444171,395.0
719,1377444176,387.0
719,1377444181,391.0
719,1377444186,391.0
719,1377444191,392.0
719,1377444196,392.0
719,1377444201,382.0
719,1377444206,385.0
719,1377444211,381.0
719,1377444216,385.0
719,1377444221,385.0
719,1377444226,382.0
719,1377444231,385.0
719,1377444236,383.0
719,1377444241,383.0
719,1377444246,387.0
719,1377444251,390.0
719,1377444256,390.0
719,1377444261,391.0
719,1377444266,395.0
719,1377444271,398.0
719,1377444276,398.0
719,1377444281,398.0
719,1377444286,395.0
719,1377444291,393.0
719,1377444296,392.0
719,1377444301,390.0
719,1377444306,395.0
719,1377444311,390.0
719,1377444316,396.0
719,1377444321,390.0
719,1377444326,391.0
719,1377444331,390.0
719,1377444336,392.0
719,1377444341,390.0
719,1377444346,388.0
719,1377444351,387.0
719,1377444358,379.0
719,1377444361,382.0
719,1377444366,380.0
719,1377444371,384.0
719,1377444376,385.0
719,1377444381,390.0
719,1377444386,387.0
719,1377444391,391.0
719,1377444396,393.0
719,1377444401,395.0
719,1377444406,390.0
719,1377444411,395.0
719,1377444416,391.0
719,1377444421,397.0
719,1377444426,390.0
719,1377444431,391.0
719,1377444436,391.0
719,1377444441,391.0
719,1377444446,391.0
719,1377444451,391.0
719,1377444456,388.0
719,1377444461,387.0
719,1377444466,383.0
719,1377444471,385.0
719,1377444476,388.0
719,1377444481,385.0
719,1377444486,385.0
719,1377444491,382.0
719,1377444496,393.0
719,1377444501,391.0
719,1377444506,398.0
719,1377444511,395.0
719,1377444516,395.0
719,1377444521,383.0
719,1377444526,382.0
719,1377444531,382.0
719,1377444536,385.0
719,1377444541,382.0
719,1377444546,388.0
719,1377444551,387.0
719,1377444556,392.0
719,1377444561,388.0
719,1377444566,383.0
719,1377444571,387.0
719,1377444576,393.0
719,1377444581,396.0
719,1377444586,402.0
719,1377444591,401.0
719,1377444596,393.0
719,1377444601,392.0
719,1377444606,385.0
719,1377444611,390.0
719,1377444616,396.0
719,1377444621,398.0
719,1377444626,402.0
719,1377444631,403.0
719,1377444636,398.0
719,1377444641,396.0
719,1377444646,392.0
719,1377444651,390.0
719,1377444656,390.0
719,1377444661,393.0
719,1377444666,387.0
719,1377444671,388.0
719,1377444676,385.0
719,1377444681,382.0
719,1377444686,384.0
719,1377444691,385.0
719,1377444696,383.0
719,1377444701,387.0
719,1377444706,390.0
719,1377444711,392.0
719,1377444716,387.0
719,1377444721,392.0
719,1377444726,391.0
719,1377444731,392.0
719,1377444736,392.0
719,1377444741,390.0
719,1377444746,398.0
719,1377444751,396.0
719,1377444756,391.0
719,1377444761,396.0
719,1377444766,398.0
719,1377444771,392.0
719,1377444776,392.0
719,1377444781,382.0
719,1377444786,388.0
719,1377444791,382.0
719,1377444796,387.0
719,1377444801,393.0
719,1377444806,396.0
719,1377444811,390.0
719,1377444816,383.0
719,1377444821,388.0
719,1377444826,388.0
719,1377444831,382.0
719,1377444836,387.0
719,1377444841,388.0
719,1377444846,391.0
719,1377444851,393.0
719,1377444856,393.0
719,1377444861,387.0
719,1377444866,382.0
719,1377444871,385.0
719,1377444876,383.0
719,1377444881,389.0
719,1377444886,393.0
719,1377444891,391.0
719,1377444896,395.0
719,1377444901,391.0
719,1377444906,392.0
719,1377444911,393.0
719,1377444916,395.0
719,1377444921,396.0
719,1377444926,398.0
719,1377444931,396.0
719,1377444936,390.0
719,1377444941,391.0
719,1377444946,392.0
719,1377444951,383.0
719,1377444956,387.0
719,1377444961,393.0
719,1377444966,396.0
719,1377444971,401.0
719,1377444976,402.0
719,1377444981,397.0
719,1377444986,397.0
719,1377444991,403.0
719,1377444996,398.0
719,1377445001,403.0
719,1377445006,398.0
719,1377445011,401.0
719,1377445016,403.0
719,1377445021,397.0
719,1377445026,400.0
719,1377445031,393.0
719,1377445036,393.0
719,1377445041,396.0
719,1377445046,387.0
719,1377445051,393.0
719,1377445056,393.0
719,1377445061,396.0
719,1377445066,395.0
719,1377445071,395.0
719,1377445076,391.0
719,1377445081,399.0
719,1377445086,398.0
719,1377445091,398.0
719,1377445096,396.0
719,1377445101,390.0
719,1377445106,391.0
719,1377445111,398.0
719,1377445116,393.0
719,1377445121,401.0
719,1377445126,398.0
719,1377445131,406.0
719,1377445136,404.0
719,1377445141,403.0
719,1377445146,401.0
719,1377445151,397.0
719,1377445156,390.0
719,1377445161,398.0
719,1377445166,393.0
719,1377445171,395.0
719,1377445176,396.0
719,1377445181,398.0
719,1377445186,393.0
719,1377445191,398.0
719,1377445196,396.0
719,1377445201,396.0
719,1377445206,390.0
719,1377445211,385.0
719,1377445216,384.0
719,1377445221,385.0
719,1377445226,391.0
719,1377445231,393.0
719,1377445236,398.0
719,1377445241,395.0
719,1377445246,396.0
719,1377445251,390.0
719,1377445256,391.0
719,1377445261,392.0
719,1377445266,390.0
719,1377445271,385.0
719,1377445276,381.0
719,1377445281,380.0
719,1377445286,385.0
719,1377445291,385.0
719,1377445296,388.0
719,1377445301,392.0
719,1377445306,387.0
719,1377445311,392.0
719,1377445316,387.0
719,1377445321,387.0
719,1377445326,385.0
719,1377445331,385.0
719,1377445336,387.0
719,1377445341,393.0
719,1377445346,393.0
719,1377445351,401.0
719,1377445356,401.0
719,1377445361,401.0
719,1377445366,403.0
719,1377445371,397.0
719,1377445376,391.0
719,1377445381,391.0
719,1377445386,385.0
719,1377445391,392.0
719,1377445396,388.0
719,1377445401,395.0
719,1377445406,393.0
719,1377445411,397.0
719,1377445416,396.0
719,1377445421,392.0
719,1377445426,393.0
719,1377445431,392.0
719,1377445436,387.0
719,1377445441,387.0
719,1377445446,391.0
719,1377445451,396.0
719,1377445456,401.0
719,1377445461,398.0
719,1377445466,395.0
719,1377445471,396.0
719,1377445476,391.0
719,1377445481,393.0
719,1377445486,398.0
719,1377445491,400.0
719,1377445496,396.0
719,1377445501,396.0
719,1377445506,395.0
719,1377445511,398.0
719,1377445516,401.0
719,1377445521,395.0
719,1377445526,390.0
719,1377445531,391.0
719,1377445536,393.0
719,1377445541,391.0
719,1377445546,398.0
719,1377445551,395.0
719,1377445556,395.0
719,1377445561,395.0
719,1377445566,393.0
719,1377445571,388.0
719,1377445576,385.0
719,1377445581,382.0
719,1377445586,385.0
719,1377445591,385.0
719,1377445596,390.0
719,1377445601,387.0
719,1377445606,390.0
719,1377445611,383.0
719,1377445616,383.0
719,1377445621,391.0
719,1377445626,390.0
719,1377445631,396.0
719,1377445636,392.0
719,1377445641,393.0
719,1377445646,392.0
719,1377445651,393.0
719,1377445656,396.0
719,1377445661,404.0
719,1377445666,401.0
719,1377445671,398.0
719,1377445676,396.0
719,1377445681,399.0
719,1377445686,398.0
719,1377445691,398.0
719,1377445696,395.0
719,1377445701,393.0
719,1377445706,391.0
719,1377445711,391.0
719,1377445716,396.0
719,1377445721,390.0
719,1377445726,391.0
719,1377445731,392.0
719,1377445736,383.0
719,1377445741,385.0
719,1377445746,387.0
719,1377445751,390.0
719,1377445756,395.0
719,1377445761,395.0
719,1377445766,396.0
719,1377445771,396.0
719,1377445776,401.0
719,1377445781,401.0
719,1377445786,402.0
719,1377445791,391.0
719,1377445796,393.0
719,1377445801,392.0
719,1377445806,390.0
719,1377445811,392.0
719,1377445816,387.0
719,1377445821,393.0
719,1377445826,396.0
719,1377445831,390.0
719,1377445836,388.0
719,1377445841,383.0
719,1377445846,390.0
719,1377445851,392.0
719,1377445856,387.0
719,1377445861,393.0
719,1377445866,390.0
719,1377445871,398.0
719,1377445876,398.0
719,1377445881,403.0
719,1377445886,399.0
719,1377445891,404.0
719,1377445896,401.0
719,1377445901,398.0
719,1377445906,395.0
719,1377445911,391.0
719,1377445916,396.0
719,1377445921,395.0
719,1377445926,385.0
719,1377445931,384.0
719,1377445936,382.0
719,1377445941,382.0
719,1377445946,389.0
719,1377445951,393.0
719,1377445956,401.0
719,1377445961,401.0
719,1377445966,396.0
719,1377445971,391.0
719,1377445976,392.0
719,1377445981,391.0
719,1377445986,390.0
719,1377445991,392.0
719,1377445996,383.0
719,1377446001,390.0
719,1377446006,387.0
719,1377446011,388.0
719,1377446016,382.0
719,1377446023,377.0
719,1377446026,384.0
719,1377446031,380.0
719,1377446036,384.0
719,1377446041,385.0
719,1377446046,383.0
719,1377446051,390.0
719,1377446056,396.0
719,1377446061,398.0
719,1377446066,404.0
719,1377446071,404.0
719,1377446076,397.0
719,1377446081,396.0
719,1377446086,393.0
719,1377446091,390.0
719,1377446096,392.0
719,1377446101,396.0
719,1377446106,390.0
719,1377446111,391.0
719,1377446116,393.0
719,1377446121,391.0
719,1377446126,393.0
719,1377446131,390.0
719,1377446136,393.0
719,1377446141,391.0
719,1377446146,397.0
719,1377446151,403.0
719,1377446156,408.0
719,1377446161,412.0
719,1377446166,404.0
719,1377446171,408.0
719,1377446176,404.0
719,1377446181,401.0
719,1377446186,398.0
719,1377446191,393.0
719,1377446196,389.0
719,1377446201,385.0
719,1377446206,382.0
719,1377446211,382.0
719,1377446216,382.0
719,1377446221,385.0
719,1377446226,382.0
719,1377446231,390.0
719,1377446236,396.0
719,1377446241,398.0
719,1377446246,403.0
719,1377446251,404.0
719,1377446256,398.0
719,1377446261,388.0
719,1377446266,382.0
719,1377446271,383.0
719,1377446276,384.0
719,1377446281,382.0
719,1377446286,384.0
719,1377446291,388.0
719,1377446296,391.0
719,1377446301,391.0
719,1377446306,393.0
719,1377446311,390.0
719,1377446316,388.0
719,1377446321,387.0
719,1377446326,385.0
719,1377446331,382.0
719,1377446336,387.0
719,1377446341,389.0
719,1377446346,387.0
719,1377446351,387.0
719,1377446356,390.0
719,1377446361,393.0
719,1377446366,391.0
719,1377446371,398.0
719,1377446376,400.0
719,1377446381,398.0
719,1377446386,393.0
719,1377446391,394.0
719,1377446396,396.0
719,1377446401,397.0
719,1377446406,397.0
719,1377446411,403.0
719,1377446416,397.0
719,1377446421,391.0
719,1377446426,382.0
719,1377446431,385.0
719,1377446436,385.0
719,1377446441,387.0
719,1377446446,392.0
719,1377446451,390.0
719,1377446456,393.0
719,1377446461,390.0
719,1377446466,396.0
719,1377446471,397.0
719,1377446476,396.0
719,1377446481,393.0
719,1377446486,392.0
719,1377446491,383.0
719,1377446496,382.0
719,1377446501,382.0
719,1377446506,395.0
719,1377446511,404.0
719,1377446516,407.0
719,1377446521,406.0
719,1377446526,412.0
719,1377446531,404.0
719,1377446536,401.0
719,1377446541,392.0
719,1377446546,390.0
719,1377446551,396.0
719,1377446556,395.0
719,1377446561,403.0
719,1377446566,407.0
719,1377446571,407.0
719,1377446576,406.0
719,1377446581,406.0
719,1377446586,403.0
719,1377446591,401.0
719,1377446596,398.0
719,1377446601,397.0
719,1377446606,398.0
719,1377446611,391.0
719,1377446616,393.0
719,1377446621,393.0
719,1377446626,393.0
719,1377446631,391.0
719,1377446636,393.0
719,1377446641,395.0
719,1377446646,395.0
719,1377446651,397.0
719,1377446656,390.0
719,1377446661,397.0
719,1377446666,396.0
719,1377446671,401.0
719,1377446676,395.0
719,1377446681,396.0
719,1377446686,395.0
719,1377446691,390.0
719,1377446696,387.0
719,1377446701,387.0
719,1377446706,382.0
719,1377446711,383.0
719,1377446716,390.0
719,1377446721,383.0
719,1377446726,388.0
719,1377446731,383.0
719,1377446736,387.0
719,1377446741,390.0
719,1377446746,390.0
719,1377446751,398.0
719,1377446756,397.0
719,1377446761,398.0
719,1377446766,400.0
719,1377446771,391.0
719,1377446776,398.0
719,1377446781,395.0
719,1377446786,399.0
719,1377446791,398.0
719,1377446796,398.0
719,1377446801,396.0
719,1377446806,390.0
719,1377446811,390.0
719,1377446816,390.0
719,1377446821,396.0
719,1377446826,395.0
719,1377446831,395.0
719,1377446836,401.0
719,1377446841,398.0
719,1377446846,398.0
719,1377446852,391.0
719,1377446856,391.0
719,1377446861,393.0
719,1377446866,391.0
719,1377446871,393.0
719,1377446876,391.0
719,1377446881,398.0
719,1377446886,395.0
719,1377446891,398.0
719,1377446896,401.0
719,1377446901,403.0
719,1377446906,401.0
719,1377446911,398.0
719,1377446916,393.0
719,1377446921,395.0
719,1377446926,393.0
719,1377446931,390.0
719,1377446936,392.0
719,1377446941,392.0
719,1377446946,387.0
719,1377446951,393.0
719,1377446956,390.0
719,1377446961,390.0
719,1377446966,395.0
719,1377446971,401.0
719,1377446976,404.0
719,1377446981,397.0
719,1377446986,398.0
719,1377446991,396.0
719,1377446996,393.0
719,1377447001,390.0
719,1377447006,398.0
719,1377447011,402.0
719,1377447016,404.0
719,1377447021,399.0
719,1377447026,403.0
719,1377447031,397.0
719,1377447036,395.0
719,1377447041,390.0
719,1377447046,387.0
719,1377447051,387.0
719,1377447056,390.0
719,1377447061,391.0
719,1377447066,393.0
719,1377447071,391.0
719,1377447076,387.0
719,1377447081,392.0
719,1377447086,396.0
719,1377447091,396.0
719,1377447096,393.0
719,1377447101,396.0
719,1377447106,396.0
719,1377447111,396.0
719,1377447116,390.0
719,1377447121,391.0
719,1377447126,390.0
719,1377447131,396.0
719,1377447136,391.0
719,1377447141,395.0
719,1377447146,396.0
719,1377447151,396.0
719,1377447156,395.0
719,1377447161,401.0
719,1377447166,397.0
719,1377447171,407.0
719,1377447176,412.0
719,1377447181,406.0
719,1377447186,406.0
719,1377447191,398.0
719,1377447196,393.0
719,1377447201,387.0
719,1377447206,390.0
719,1377447211,392.0
719,1377447216,393.0
719,1377447221,396.0
719,1377447226,395.0
719,1377447231,398.0
719,1377447236,390.0
719,1377447241,396.0
719,1377447246,391.0
719,1377447251,392.0
719,1377447256,392.0
719,1377447261,392.0
719,1377447266,393.0
719,1377447271,393.0
719,1377447276,401.0
719,1377447281,397.0
719,1377447286,401.0
719,1377447291,397.0
719,1377447296,400.0
719,1377447301,396.0
719,1377447306,391.0
719,1377447311,392.0
719,1377447316,387.0
719,1377447321,390.0
719,1377447326,391.0
719,1377447331,398.0
719,1377447336,398.0
719,1377447341,398.0
719,1377447346,395.0
719,1377447351,397.0
719,1377447356,396.0
719,1377447361,390.0
719,1377447366,387.0
719,1377447371,388.0
719,1377447376,391.0
719,1377447381,391.0
719,1377447386,393.0
719,1377447391,397.0
719,1377447396,397.0
719,1377447401,404.0
719,1377447406,398.0
719,1377447411,396.0
719,1377447416,398.0
719,1377447421,395.0
719,1377447426,396.0
719,1377447431,398.0
719,1377447436,403.0
719,1377447441,401.0
719,1377447446,403.0
719,1377447451,400.0
719,1377447456,396.0
719,1377447461,391.0
719,1377447466,393.0
719,1377447471,396.0
719,1377447476,395.0
719,1377447481,400.0
719,1377447486,395.0
719,1377447491,397.0
719,1377447496,398.0
719,1377447501,391.0
719,1377447506,396.0
719,1377447511,398.0
719,1377447516,401.0
719,1377447521,391.0
719,1377447526,387.0
719,1377447531,392.0
719,1377447536,390.0
719,1377447541,396.0
719,1377447546,401.0
719,1377447551,401.0
719,1377447556,403.0
719,1377447561,398.0
719,1377447566,401.0
719,1377447571,398.0
719,1377447576,393.0
719,1377447581,392.0
719,1377447586,387.0
719,1377447591,385.0
719,1377447596,383.0
719,1377447601,383.0
719,1377447606,393.0
719,1377447611,401.0
719,1377447616,401.0
719,1377447621,403.0
719,1377447626,400.0
719,1377447631,400.0
719,1377447636,395.0
719,1377447641,396.0
719,1377447646,393.0
719,1377447651,391.0
719,1377447656,395.0
719,1377447661,402.0
719,1377447666,397.0
719,1377447671,401.0
719,1377447676,397.0
719,1377447681,398.0
719,1377447686,396.0
719,1377447691,395.0
719,1377447696,390.0
719,1377447701,392.0
719,1377447706,392.0
719,1377447711,396.0
719,1377447716,390.0
719,1377447721,393.0
719,1377447726,393.0
719,1377447731,388.0
719,1377447736,383.0
719,1377447741,387.0
719,1377447746,387.0
719,1377447751,395.0
719,1377447756,399.0
719,1377447761,406.0
719,1377447766,403.0
719,1377447771,402.0
719,1377447776,399.0
719,1377447781,401.0
719,1377447786,397.0
719,1377447791,395.0
719,1377447796,398.0
719,1377447801,397.0
719,1377447806,398.0
719,1377447811,398.0
719,1377447816,395.0
719,1377447821,392.0
719,1377447826,387.0
719,1377447831,390.0
719,1377447836,391.0
719,1377447841,395.0
719,1377447846,401.0
719,1377447851,401.0
719,1377447856,401.0
719,1377447861,395.0
719,1377447866,391.0
719,1377447871,393.0
719,1377447876,388.0
719,1377447881,393.0
719,1377447886,402.0
719,1377447891,403.0
719,1377447896,401.0
719,1377447901,397.0
719,1377447906,392.0
719,1377447911,382.0
719,1377447916,384.0
719,1377447921,388.0
719,1377447926,385.0
719,1377447931,382.0
719,1377447936,390.0
719,1377447941,382.0
719,1377447946,388.0
719,1377447951,388.0
719,1377447956,382.0
719,1377447961,388.0
719,1377447966,382.0
719,1377447971,388.0
719,1377447976,385.0
719,1377447981,385.0
719,1377447986,387.0
719,1377447991,382.0
719,1377447996,387.0
719,1377448001,390.0
719,1377448006,396.0
719,1377448011,398.0
719,1377448016,395.0
719,1377448021,392.0
719,1377448026,390.0
719,1377448031,395.0
719,1377448036,401.0
719,1377448041,401.0
719,1377448046,402.0
719,1377448051,396.0
719,1377448056,390.0
719,1377448061,391.0
719,1377448066,390.0
719,1377448071,390.0
719,1377448076,387.0
719,1377448081,383.0
719,1377448086,387.0
719,1377448091,393.0
719,1377448096,396.0
719,1377448101,401.0
719,1377448106,401.0
719,1377448111,398.0
719,1377448116,396.0
719,1377448121,393.0
719,1377448126,391.0
719,1377448131,392.0
719,1377448136,382.0
719,1377448141,385.0
719,1377448146,384.0
719,1377448151,388.0
719,1377448156,387.0
719,1377448161,392.0
719,1377448166,390.0
719,1377448171,395.0
719,1377448176,390.0
719,1377448181,400.0
719,1377448186,387.0
719,1377448191,382.0
719,1377448196,390.0
719,1377448201,391.0
719,1377448206,398.0
719,1377448211,398.0
719,1377448216,401.0
719,1377448221,393.0
719,1377448226,397.0
719,1377448231,398.0
719,1377448236,401.0
719,1377448241,402.0
719,1377448246,409.0
719,1377448251,412.0
719,1377448256,408.0
719,1377448261,397.0
719,1377448266,398.0
719,1377448271,391.0
719,1377448276,395.0
719,1377448281,401.0
719,1377448286,401.0
719,1377448291,398.0
719,1377448296,390.0
719,1377448301,390.0
719,1377448306,390.0
719,1377448311,390.0
719,1377448316,390.0
719,1377448321,396.0
719,1377448326,396.0
719,1377448331,401.0
719,1377448336,404.0
719,1377448341,397.0
719,1377448346,397.0
719,1377448351,401.0
719,1377448356,397.0
719,1377448361,395.0
719,1377448366,395.0
719,1377448371,395.0
719,1377448376,396.0
719,1377448381,400.0
719,1377448386,404.0
719,1377448391,402.0
719,1377448396,396.0
719,1377448401,395.0
719,1377448406,396.0
719,1377448411,398.0
719,1377448416,395.0
719,1377448421,400.0
719,1377448426,391.0
719,1377448431,390.0
719,1377448436,387.0
719,1377448441,384.0
719,1377448446,387.0
719,1377448451,383.0
719,1377448456,385.0
719,1377448461,385.0
719,1377448466,387.0
719,1377448471,383.0
719,1377448476,385.0
719,1377448481,392.0
719,1377448486,391.0
719,1377448491,395.0
719,1377448496,402.0
719,1377448501,403.0
719,1377448506,395.0
719,1377448511,396.0
719,1377448516,391.0
719,1377448521,393.0
719,1377448526,397.0
719,1377448531,393.0
719,1377448536,391.0
719,1377448541,390.0
719,1377448548,392.0
719,1377448551,388.0
719,1377448556,393.0
719,1377448561,391.0
719,1377448566,395.0
719,1377448571,396.0
719,1377448576,399.0
719,1377448581,391.0
719,1377448586,392.0
719,1377448591,388.0
719,1377448596,382.0
719,1377448601,388.0
719,1377448606,392.0
719,1377448611,393.0
719,1377448616,396.0
719,1377448621,395.0
719,1377448626,398.0
719,1377448631,401.0
719,1377448636,397.0
719,1377448641,399.0
719,1377448646,391.0
719,1377448651,397.0
719,1377448656,397.0
719,1377448661,395.0
719,1377448666,391.0
719,1377448671,398.0
719,1377448676,396.0
719,1377448681,397.0
719,1377448686,393.0
719,1377448691,391.0
719,1377448696,401.0
719,1377448701,401.0
719,1377448706,401.0
719,1377448711,401.0
719,1377448716,397.0
719,1377448721,391.0
719,1377448726,391.0
719,1377448731,393.0
719,1377448736,391.0
719,1377448741,396.0
719,1377448746,396.0
719,1377448751,395.0
719,1377448756,396.0
719,1377448761,391.0
719,1377448766,390.0
719,1377448771,398.0
719,1377448776,391.0
719,1377448781,397.0
719,1377448786,397.0
719,1377448791,396.0
719,1377448796,396.0
719,1377448801,393.0
719,1377448806,395.0
719,1377448811,396.0
719,1377448816,396.0
719,1377448821,390.0
719,1377448826,391.0
719,1377448831,393.0
719,1377448836,396.0
719,1377448841,390.0
719,1377448846,396.0
719,1377448851,390.0
719,1377448856,391.0
719,1377448861,395.0
719,1377448866,396.0
719,1377448871,391.0
719,1377448876,383.0
719,1377448881,388.0
719,1377448886,382.0
719,1377448891,393.0
719,1377448896,390.0
719,1377448901,390.0
719,1377448906,396.0
719,1377448911,391.0
719,1377448916,393.0
719,1377448921,395.0
719,1377448926,395.0
719,1377448931,391.0
719,1377448936,398.0
719,1377448941,390.0
719,1377448946,382.0
719,1377448951,387.0
719,1377448956,390.0
719,1377448961,390.0
719,1377448966,396.0
719,1377448971,395.0
719,1377448976,398.0
719,1377448981,397.0
719,1377448986,402.0
719,1377448991,402.0
719,1377448996,402.0
719,1377449001,402.0
719,1377449006,402.0
719,1377449011,403.0
719,1377449016,399.0
719,1377449021,401.0
719,1377449026,391.0
719,1377449031,396.0
719,1377449036,390.0
719,1377449041,398.0
719,1377449046,406.0
719,1377449051,398.0
719,1377449056,401.0
719,1377449061,391.0
719,1377449066,395.0
719,1377449071,393.0
719,1377449076,387.0
719,1377449081,392.0
719,1377449086,388.0
719,1377449091,388.0
719,1377449096,390.0
719,1377449101,388.0
719,1377449106,391.0
719,1377449111,395.0
719,1377449116,398.0
719,1377449121,393.0
719,1377449126,390.0
719,1377449131,387.0
719,1377449136,390.0
719,1377449141,404.0
719,1377449146,405.0
719,1377449151,408.0
719,1377449156,398.0
719,1377449161,395.0
719,1377449166,390.0
719,1377449171,391.0
719,1377449176,396.0
719,1377449181,391.0
719,1377449186,398.0
719,1377449191,395.0
719,1377449196,396.0
719,1377449201,391.0
719,1377449206,396.0
719,1377449211,395.0
719,1377449216,398.0
719,1377449221,398.0
719,1377449226,395.0
719,1377449231,391.0
719,1377449236,390.0
719,1377449241,391.0
719,1377449246,393.0
719,1377449251,391.0
719,1377449256,390.0
719,1377449261,390.0
719,1377449266,396.0
719,1377449271,390.0
719,1377449276,390.0
719,1377449281,392.0
719,1377449286,392.0
719,1377449291,390.0
719,1377449296,393.0
719,1377449301,393.0
719,1377449306,397.0
719,1377449311,403.0
719,1377449316,397.0
719,1377449321,401.0
719,1377449326,398.0
719,1377449331,397.0
719,1377449336,392.0
719,1377449341,388.0
719,1377449346,382.0
719,1377449351,382.0
719,1377449356,388.0
719,1377449361,388.0
719,1377449366,391.0
719,1377449371,393.0
719,1377449376,398.0
719,1377449381,400.0
719,1377449386,395.0
719,1377449391,401.0
719,1377449397,396.0
719,1377449401,398.0
719,1377449406,398.0
719,1377449411,400.0
719,1377449416,390.0
719,1377449421,400.0
719,1377449426,398.0
719,1377449431,401.0
719,1377449436,397.0
719,1377449441,397.0
719,1377449446,404.0
719,1377449451,408.0
719,1377449456,404.0
719,1377449461,401.0
719,1377449466,398.0
719,1377449471,392.0
719,1377449476,387.0
719,1377449481,390.0
719,1377449486,392.0
719,1377449491,387.0
719,1377449496,385.0
719,1377449501,382.0
719,1377449506,385.0
719,1377449511,387.0
719,1377449516,388.0
719,1377449521,382.0
719,1377449526,392.0
719,1377449531,392.0
719,1377449536,383.0
719,1377449541,383.0
719,1377449546,388.0
719,1377449551,392.0
719,1377449556,387.0
719,1377449561,388.0
719,1377449566,385.0
719,1377449571,385.0
719,1377449576,392.0
719,1377449581,400.0
719,1377449586,403.0
719,1377449591,404.0
719,1377449596,397.0
719,1377449601,400.0
719,1377449606,390.0
719,1377449611,390.0
719,1377449616,398.0
719,1377449621,396.0
719,1377449626,402.0
719,1377449631,408.0
719,1377449636,403.0
719,1377449641,401.0
719,1377449646,391.0
719,1377449651,391.0
719,1377449656,383.0
719,1377449661,391.0
719,1377449666,395.0
719,1377449671,398.0
719,1377449676,403.0
719,1377449681,401.0
719,1377449686,396.0
719,1377449691,391.0
719,1377449696,390.0
719,1377449701,393.0
719,1377449706,396.0
719,1377449711,390.0
719,1377449716,392.0
719,1377449721,390.0
719,1377449726,388.0
719,1377449731,392.0
719,1377449736,391.0
719,1377449741,397.0
719,1377449746,401.0
719,1377449751,398.0
719,1377449756,391.0
719,1377449761,389.0
719,1377449766,383.0
719,1377449771,382.0
719,1377449776,385.0
719,1377449781,388.0
719,1377449786,396.0
719,1377449791,398.0
719,1377449796,393.0
719,1377449801,395.0
719,1377449806,400.0
719,1377449811,406.0
719,1377449816,404.0
719,1377449821,401.0
719,1377449826,397.0
719,1377449831,393.0
719,1377449836,387.0
719,1377449841,388.0
719,1377449846,384.0
719,1377449851,385.0
719,1377449856,387.0
719,1377449861,390.0
719,1377449866,387.0
719,1377449871,385.0
719,1377449876,385.0
719,1377449881,392.0
719,1377449886,396.0
719,1377449891,408.0
719,1377449896,403.0
719,1377449901,401.0
719,1377449906,390.0
719,1377449911,393.0
719,1377449916,396.0
719,1377449921,396.0
719,1377449926,393.0
719,1377449931,398.0
719,1377449936,391.0
719,1377449941,393.0
719,1377449946,396.0
719,1377449951,396.0
719,1377449956,398.0
719,1377449961,398.0
719,1377449966,401.0
719,1377449971,404.0
719,1377449976,409.0
719,1377449981,409.0
719,1377449986,409.0
719,1377449991,408.0
719,1377449996,403.0
719,1377450001,396.0
719,1377450006,391.0
719,1377450011,393.0
719,1377450016,391.0
719,1377450021,390.0
719,1377450026,398.0
719,1377450031,401.0
719,1377450036,398.0
719,1377450041,406.0
719,1377450046,409.0
719,1377450051,412.0
719,1377450056,406.0
719,1377450061,404.0
719,1377450066,397.0
719,1377450071,391.0
719,1377450076,391.0
719,1377450081,392.0
719,1377450086,387.0
719,1377450091,390.0
719,1377450096,382.0
719,1377450101,392.0
719,1377450106,396.0
719,1377450111,391.0
719,1377450116,393.0
719,1377450121,392.0
719,1377450126,387.0
719,1377450131,393.0
719,1377450136,392.0
719,1377450141,396.0
719,1377450146,392.0
719,1377450151,396.0
719,1377450156,387.0
719,1377450161,396.0
719,1377450166,390.0
719,1377450171,390.0
719,1377450176,391.0
719,1377450181,395.0
719,1377450186,393.0
719,1377450191,396.0
719,1377450196,396.0
719,1377450201,395.0
719,1377450207,391.0
719,1377450211,400.0
719,1377450216,397.0
719,1377450221,401.0
719,1377450226,398.0
719,1377450231,397.0
719,1377450236,398.0
719,1377450241,393.0
719,1377450246,393.0
719,1377450251,392.0
719,1377450256,387.0
719,1377450261,392.0
719,1377450266,393.0
719,1377450271,398.0
719,1377450276,390.0
719,1377450281,395.0
719,1377450286,398.0
719,1377450291,396.0
719,1377450296,390.0
719,1377450301,385.0
719,1377450306,385.0
719,1377450311,383.0
719,1377450316,398.0
719,1377450321,396.0
719,1377450326,398.0
719,1377450331,400.0
719,1377450336,396.0
719,1377450341,396.0
719,1377450346,391.0
719,1377450351,393.0
719,1377450356,391.0
719,1377450361,396.0
719,1377450366,396.0
719,1377450371,393.0
719,1377450376,395.0
719,1377450381,391.0
719,1377450386,390.0
719,1377450391,392.0
719,1377450396,385.0
719,1377450401,388.0
719,1377450406,382.0
719,1377450411,390.0
719,1377450416,384.0
719,1377450421,384.0
719,1377450426,382.0
719,1377450431,396.0
719,1377450436,391.0
719,1377450441,401.0
719,1377450446,396.0
719,1377450451,396.0
719,1377450456,396.0
719,1377450461,396.0
719,1377450466,396.0
719,1377450471,391.0
719,1377450476,383.0
719,1377450481,382.0
719,1377450486,388.0
719,1377450491,388.0
719,1377450496,387.0
719,1377450501,391.0
719,1377450506,397.0
719,1377450511,403.0
719,1377450516,401.0
719,1377450521,408.0
719,1377450526,416.0
719,1377450531,404.0
719,1377450536,399.0
719,1377450541,400.0
719,1377450546,398.0
719,1377450551,398.0
719,1377450556,401.0
719,1377450561,396.0
719,1377450566,396.0
719,1377450571,385.0
719,1377450576,382.0
719,1377450581,380.0
719,1377450586,383.0
719,1377450591,382.0
719,1377450596,393.0
719,1377450601,393.0
719,1377450606,390.0
719,1377450611,393.0
719,1377450616,396.0
719,1377450621,391.0
719,1377450626,395.0
719,1377450631,391.0
719,1377450636,398.0
719,1377450641,395.0
719,1377450646,393.0
719,1377450651,390.0
719,1377450656,393.0
719,1377450661,392.0
719,1377450666,392.0
719,1377450671,395.0
719,1377450676,393.0
719,1377450681,395.0
719,1377450686,391.0
719,1377450691,398.0
719,1377450696,393.0
719,1377450701,390.0
719,1377450706,392.0
719,1377450711,398.0
719,1377450716,398.0
719,1377450721,395.0
719,1377450726,397.0
719,1377450731,397.0
719,1377450736,397.0
719,1377450741,402.0
719,1377450746,395.0
719,1377450751,393.0
719,1377450756,387.0
719,1377450761,393.0
719,1377450766,387.0
719,1377450771,390.0
719,1377450776,391.0
719,1377450781,403.0
719,1377450786,404.0
719,1377450791,401.0
719,1377450796,406.0
719,1377450801,397.0
719,1377450806,401.0
719,1377450811,403.0
719,1377450816,403.0
719,1377450821,398.0
719,1377450826,398.0
719,1377450831,396.0
719,1377450836,390.0
719,1377450841,393.0
719,1377450846,391.0
719,1377450851,396.0
719,1377450856,403.0
719,1377450861,406.0
719,1377450866,401.0
719,1377450871,406.0
719,1377450876,397.0
719,1377450881,397.0
719,1377450886,398.0
719,1377450891,396.0
719,1377450896,392.0
719,1377450901,390.0
719,1377450906,382.0
719,1377450911,383.0
719,1377450916,390.0
719,1377450921,388.0
719,1377450926,396.0
719,1377450931,397.0
719,1377450936,398.0
719,1377450941,401.0
719,1377450946,390.0
719,1377450951,393.0
719,1377450956,393.0
719,1377450961,393.0
719,1377450966,392.0
719,1377450971,392.0
719,1377450976,388.0
719,1377450981,390.0
719,1377450986,391.0
719,1377450991,401.0
719,1377450996,397.0
719,1377451001,396.0
719,1377451006,392.0
719,1377451011,392.0
719,1377451016,390.0
719,1377451021,390.0
719,1377451026,393.0
719,1377451031,385.0
719,1377451036,388.0
719,1377451041,388.0
719,1377451046,393.0
719,1377451051,391.0
719,1377451056,398.0
719,1377451061,406.0
719,1377451066,407.0
719,1377451071,404.0
719,1377451076,397.0
719,1377451081,400.0
719,1377451086,402.0
719,1377451092,404.0
719,1377451096,401.0
719,1377451101,401.0
719,1377451106,402.0
719,1377451111,401.0
719,1377451116,403.0
719,1377451121,398.0
719,1377451126,406.0
719,1377451131,408.0
719,1377451136,401.0
719,1377451141,402.0
719,1377451146,400.0
719,1377451151,398.0
719,1377451156,402.0
719,1377451161,402.0
719,1377451166,396.0
719,1377451171,391.0
719,1377451176,387.0
719,1377451181,392.0
719,1377451186,390.0
719,1377451191,390.0
719,1377451196,395.0
719,1377451201,395.0
719,1377451206,401.0
719,1377451211,401.0
719,1377451216,396.0
719,1377451221,396.0
719,1377451226,396.0
719,1377451231,396.0
719,1377451236,396.0
719,1377451241,396.0
719,1377451246,396.0
719,1377451251,391.0
719,1377451256,388.0
719,1377451261,396.0
719,1377451266,392.0
719,1377451271,387.0
719,1377451276,390.0
719,1377451281,390.0
719,1377451286,392.0
719,1377451291,396.0
719,1377451296,391.0
719,1377451301,393.0
719,1377451306,402.0
719,1377451311,398.0
719,1377451316,401.0
719,1377451321,395.0
719,1377451326,398.0
719,1377451331,391.0
719,1377451336,392.0
719,1377451341,393.0
719,1377451346,391.0
719,1377451351,390.0
719,1377451356,396.0
719,1377451361,391.0
719,1377451366,395.0
719,1377451371,402.0
719,1377451376,398.0
719,1377451381,401.0
719,1377451386,398.0
719,1377451391,403.0
719,1377451396,397.0
719,1377451401,401.0
719,1377451406,398.0
719,1377451411,397.0
719,1377451416,391.0
719,1377451421,398.0
719,1377451426,397.0
719,1377451431,401.0
719,1377451436,398.0
719,1377451441,401.0
719,1377451446,395.0
719,1377451451,395.0
719,1377451456,396.0
719,1377451461,393.0
719,1377451466,396.0
719,1377451471,391.0
719,1377451476,387.0
719,1377451481,390.0
719,1377451486,392.0
719,1377451491,391.0
719,1377451496,401.0
719,1377451501,398.0
719,1377451506,401.0
719,1377451511,403.0
719,1377451516,401.0
719,1377451521,409.0
719,1377451526,409.0
719,1377451531,407.0
719,1377451536,408.0
719,1377451541,402.0
719,1377451546,404.0
719,1377451551,395.0
719,1377451556,397.0
719,1377451561,391.0
719,1377451566,401.0
719,1377451571,403.0
719,1377451576,401.0
719,1377451581,403.0
719,1377451586,401.0
719,1377451591,400.0
719,1377451596,396.0
719,1377451601,396.0
719,1377451606,398.0
719,1377451611,398.0
719,1377451616,391.0
719,1377451621,396.0
719,1377451626,397.0
719,1377451631,397.0
719,1377451636,401.0
719,1377451641,396.0
719,1377451646,398.0
719,1377451651,390.0
719,1377451656,395.0
719,1377451661,391.0
719,1377451666,396.0
719,1377451671,399.0
719,1377451676,398.0
719,1377451681,395.0
719,1377451686,396.0
719,1377451691,392.0
719,1377451696,390.0
719,1377451701,388.0
719,1377451706,396.0
719,1377451711,391.0
719,1377451716,398.0
719,1377451721,398.0
719,1377451726,387.0
719,1377451731,383.0
719,1377451736,392.0
719,1377451741,393.0
719,1377451746,393.0
719,1377451751,395.0
719,1377451756,396.0
719,1377451761,390.0
719,1377451766,387.0
719,1377451771,388.0
719,1377451776,390.0
719,1377451781,392.0
719,1377451786,391.0
719,1377451791,396.0
719,1377451796,401.0
719,1377451801,396.0
719,1377451806,393.0
719,1377451811,382.0
719,1377451816,392.0
719,1377451821,387.0
719,1377451826,382.0
719,1377451831,383.0
719,1377451836,390.0
719,1377451841,392.0
719,1377451846,392.0
719,1377451851,391.0
719,1377451856,398.0
719,1377451861,392.0
719,1377451866,392.0
719,1377451871,385.0
719,1377451876,384.0
719,1377451881,383.0
719,1377451886,384.0
719,1377451891,388.0
719,1377451896,388.0
719,1377451901,392.0
719,1377451906,387.0
719,1377451911,392.0
719,1377451916,388.0
719,1377451921,383.0
719,1377451926,391.0
719,1377451931,391.0
719,1377451936,391.0
719,1377451941,391.0
719,1377451946,396.0
719,1377451951,398.0
719,1377451956,397.0
719,1377451961,395.0
719,1377451966,398.0
719,1377451971,397.0
719,1377451976,390.0
719,1377451981,398.0
719,1377451986,392.0
719,1377451991,392.0
719,1377451996,387.0
719,1377452001,388.0
719,1377452006,387.0
719,1377452011,393.0
719,1377452016,393.0
719,1377452021,396.0
719,1377452026,396.0
719,1377452031,398.0
719,1377452036,406.0
719,1377452041,398.0
719,1377452046,391.0
719,1377452051,388.0
719,1377452056,385.0
719,1377452061,385.0
719,1377452066,390.0
719,1377452071,387.0
719,1377452076,396.0
719,1377452081,397.0
719,1377452086,401.0
719,1377452091,398.0
719,1377452096,400.0
719,1377452101,395.0
719,1377452106,401.0
719,1377452111,401.0
719,1377452116,399.0
719,1377452121,397.0
719,1377452126,395.0
719,1377452131,395.0
719,1377452136,395.0
719,1377452141,396.0
719,1377452146,393.0
719,1377452151,395.0
719,1377452156,390.0
719,1377452161,390.0
719,1377452166,377.0
719,1377452171,384.0
719,1377452176,385.0
719,1377452181,393.0
719,1377452186,393.0
719,1377452191,401.0
719,1377452196,404.0
719,1377452201,402.0
719,1377452206,396.0
719,1377452211,398.0
719,1377452216,390.0
719,1377452221,390.0
719,1377452226,388.0
719,1377452231,390.0
719,1377452236,387.0
719,1377452241,387.0
719,1377452246,390.0
719,1377452251,398.0
719,1377452256,396.0
719,1377452261,400.0
719,1377452266,399.0
719,1377452271,395.0
719,1377452276,396.0
719,1377452281,388.0
719,1377452286,392.0
719,1377452291,390.0
719,1377452296,396.0
719,1377452301,398.0
719,1377452306,398.0
719,1377452311,393.0
719,1377452316,387.0
719,1377452321,388.0
719,1377452326,388.0
719,1377452331,388.0
719,1377452336,387.0
719,1377452341,385.0
719,1377452346,382.0
719,1377452351,390.0
719,1377452356,392.0
719,1377452361,390.0
719,1377452366,397.0
719,1377452371,401.0
719,1377452376,406.0
719,1377452381,397.0
719,1377452386,400.0
719,1377452391,393.0
719,1377452396,391.0
719,1377452401,395.0
719,1377452406,393.0
719,1377452411,391.0
719,1377452416,383.0
719,1377452421,385.0
719,1377452426,384.0
719,1377452431,387.0
719,1377452436,390.0
719,1377452441,396.0
719,1377452446,395.0
719,1377452451,403.0
719,1377452456,401.0
719,1377452461,403.0
719,1377452466,407.0
719,1377452471,404.0
719,1377452476,399.0
719,1377452481,401.0
719,1377452486,396.0
719,1377452491,395.0
719,1377452496,398.0
719,1377452501,396.0
719,1377452506,393.0
719,1377452511,387.0
719,1377452516,387.0
719,1377452521,393.0
719,1377452526,396.0
719,1377452531,393.0
719,1377452536,396.0
719,1377452541,383.0
719,1377452546,392.0
719,1377452551,388.0
719,1377452556,392.0
719,1377452561,390.0
719,1377452566,397.0
719,1377452571,395.0
719,1377452576,397.0
719,1377452581,388.0
719,1377452586,383.0
719,1377452591,382.0
719,1377452596,388.0
719,1377452601,393.0
719,1377452606,401.0
719,1377452611,401.0
719,1377452616,396.0
719,1377452621,391.0
719,1377452626,393.0
719,1377452631,391.0
719,1377452636,398.0
719,1377452641,406.0
719,1377452646,407.0
719,1377452651,406.0
719,1377452656,391.0
719,1377452661,390.0
719,1377452666,382.0
719,1377452671,385.0
719,1377452676,385.0
719,1377452681,390.0
719,1377452686,391.0
719,1377452691,395.0
719,1377452696,397.0
719,1377452701,406.0
719,1377452706,398.0
719,1377452711,404.0
719,1377452716,406.0
719,1377452721,412.0
719,1377452726,407.0
719,1377452731,408.0
719,1377452736,406.0
719,1377452743,399.0
719,1377452746,403.0
719,1377452751,401.0
719,1377452756,400.0
719,1377452761,398.0
719,1377452766,400.0
719,1377452771,398.0
719,1377452776,401.0
719,1377452781,395.0
719,1377452786,398.0
719,1377452791,391.0
719,1377452796,395.0
719,1377452801,398.0
719,1377452806,399.0
719,1377452811,401.0
719,1377452816,406.0
719,1377452821,404.0
719,1377452826,412.0
719,1377452831,402.0
719,1377452836,397.0
719,1377452841,395.0
719,1377452846,393.0
719,1377452851,393.0
719,1377452856,391.0
719,1377452861,396.0
719,1377452866,391.0
719,1377452871,398.0
719,1377452876,397.0
719,1377452881,401.0
719,1377452886,398.0
719,1377452891,401.0
719,1377452896,396.0
719,1377452901,396.0
719,1377452906,395.0
719,1377452911,391.0
719,1377452916,396.0
719,1377452921,396.0
719,1377452926,393.0
719,1377452931,396.0
719,1377452936,393.0
719,1377452941,396.0
719,1377452946,401.0
719,1377452951,408.0
719,1377452956,403.0
719,1377452961,404.0
719,1377452966,401.0
719,1377452971,404.0
719,1377452976,401.0
719,1377452981,403.0
719,1377452986,414.0
719,1377452991,409.0
719,1377452996,409.0
719,1377453001,403.0
719,1377453006,398.0
719,1377453011,390.0
719,1377453016,395.0
719,1377453021,391.0
719,1377453026,397.0
719,1377453031,397.0
719,1377453036,403.0
719,1377453041,403.0
719,1377453046,403.0
719,1377453051,397.0
719,1377453056,396.0
719,1377453061,400.0
719,1377453066,393.0
719,1377453071,391.0
719,1377453076,390.0
719,1377453081,391.0
719,1377453086,391.0
719,1377453091,393.0
719,1377453096,398.0
719,1377453101,396.0
719,1377453106,396.0
719,1377453111,397.0
719,1377453116,406.0
719,1377453121,406.0
719,1377453126,403.0
719,1377453131,398.0
719,1377453136,397.0
719,1377453141,398.0
719,1377453146,401.0
719,1377453151,398.0
719,1377453156,397.0
719,1377453161,403.0
719,1377453166,401.0
719,1377453171,406.0
719,1377453176,393.0
719,1377453181,396.0
719,1377453186,390.0
719,1377453191,393.0
719,1377453196,393.0
719,1377453201,395.0
719,1377453206,398.0
719,1377453211,397.0
719,1377453216,397.0
719,1377453221,396.0
719,1377453226,391.0
719,1377453231,393.0
719,1377453236,393.0
719,1377453241,393.0
719,1377453246,398.0
719,1377453251,396.0
719,1377453256,397.0
719,1377453261,403.0
719,1377453266,401.0
719,1377453271,393.0
719,1377453276,393.0
719,1377453281,392.0
719,1377453286,390.0
719,1377453291,387.0
719,1377453296,392.0
719,1377453301,392.0
719,1377453306,391.0
719,1377453311,398.0
719,1377453316,396.0
719,1377453321,393.0
719,1377453326,396.0
719,1377453331,396.0
719,1377453336,393.0
719,1377453341,390.0
719,1377453346,400.0
719,1377453351,395.0
719,1377453356,393.0
719,1377453361,392.0
719,1377453366,388.0
719,1377453371,380.0
719,1377453376,383.0
719,1377453381,393.0
719,1377453386,398.0
719,1377453391,398.0
719,1377453396,401.0
719,1377453401,396.0
719,1377453406,392.0
719,1377453411,385.0
719,1377453416,385.0
719,1377453421,391.0
719,1377453426,391.0
719,1377453431,396.0
719,1377453436,385.0
719,1377453441,382.0
719,1377453446,383.0
719,1377453451,387.0
719,1377453456,391.0
719,1377453461,396.0
719,1377453466,403.0
719,1377453471,402.0
719,1377453476,401.0
719,1377453481,397.0
719,1377453486,398.0
719,1377453491,399.0
719,1377453496,401.0
719,1377453501,401.0
719,1377453506,404.0
719,1377453511,403.0
719,1377453516,404.0
719,1377453521,401.0
719,1377453526,398.0
719,1377453531,396.0
719,1377453536,401.0
719,1377453541,401.0
719,1377453546,403.0
719,1377453551,407.0
719,1377453556,412.0
719,1377453561,403.0
719,1377453566,398.0
719,1377453571,397.0
719,1377453576,399.0
719,1377453581,407.0
719,1377453586,408.0
719,1377453591,408.0
719,1377453596,403.0
719,1377453601,395.0
719,1377453606,392.0
719,1377453612,392.0
719,1377453616,393.0
719,1377453621,393.0
719,1377453626,401.0
719,1377453631,397.0
719,1377453636,396.0
719,1377453641,395.0
719,1377453646,398.0
719,1377453651,401.0
719,1377453656,397.0
719,1377453661,414.0
719,1377453666,403.0
719,1377453671,404.0
719,1377453676,403.0
719,1377453681,401.0
719,1377453686,401.0
719,1377453691,404.0
719,1377453696,401.0
719,1377453701,403.0
719,1377453706,397.0
719,1377453711,400.0
719,1377453716,395.0
719,1377453721,391.0
719,1377453726,398.0
719,1377453731,393.0
719,1377453736,397.0
719,1377453741,401.0
719,1377453746,401.0
719,1377453751,403.0
719,1377453756,406.0
719,1377453761,401.0
719,1377453766,397.0
719,1377453771,401.0
719,1377453776,404.0
719,1377453781,398.0
719,1377453786,403.0
719,1377453791,403.0
719,1377453796,398.0
719,1377453801,406.0
719,1377453806,401.0
719,1377453811,395.0
719,1377453816,396.0
719,1377453821,393.0
719,1377453826,393.0
719,1377453831,398.0
719,1377453836,401.0
719,1377453841,399.0
719,1377453846,406.0
719,1377453851,408.0
719,1377453856,403.0
719,1377453861,402.0
719,1377453866,393.0
719,1377453871,396.0
719,1377453876,398.0
719,1377453881,391.0
719,1377453886,395.0
719,1377453891,398.0
719,1377453896,401.0
719,1377453901,401.0
719,1377453906,401.0
719,1377453911,398.0
719,1377453916,396.0
719,1377453921,396.0
719,1377453926,396.0
719,1377453931,398.0
719,1377453936,393.0
719,1377453941,396.0
719,1377453946,398.0
719,1377453951,403.0
719,1377453956,412.0
719,1377453961,411.0
719,1377453966,413.0
719,1377453971,416.0
719,1377453976,418.0
719,1377453981,409.0
719,1377453986,412.0
719,1377453991,408.0
719,1377453996,403.0
719,1377454001,401.0
719,1377454006,396.0
719,1377454011,395.0
719,1377454016,397.0
719,1377454021,400.0
719,1377454026,397.0
719,1377454031,398.0
719,1377454036,395.0
719,1377454041,390.0
719,1377454046,398.0
719,1377454051,392.0
719,1377454056,396.0
719,1377454061,387.0
719,1377454066,392.0
719,1377454071,391.0
719,1377454076,396.0
719,1377454081,391.0
719,1377454086,395.0
719,1377454091,400.0
719,1377454096,406.0
719,1377454101,402.0
719,1377454106,396.0
719,1377454111,392.0
719,1377454116,385.0
719,1377454121,385.0
719,1377454126,383.0
719,1377454131,388.0
719,1377454136,392.0
719,1377454141,393.0
719,1377454146,390.0
719,1377454151,396.0
719,1377454156,398.0
719,1377454161,396.0
719,1377454166,398.0
719,1377454171,397.0
719,1377454176,401.0
719,1377454181,403.0
719,1377454186,414.0
719,1377454191,416.0
719,1377454196,403.0
719,1377454201,403.0
719,1377454206,400.0
719,1377454211,395.0
719,1377454216,396.0
719,1377454221,391.0
719,1377454226,398.0
719,1377454231,395.0
719,1377454236,396.0
719,1377454241,401.0
719,1377454246,401.0
719,1377454251,398.0
719,1377454256,403.0
719,1377454261,403.0
719,1377454266,402.0
719,1377454271,400.0
719,1377454276,391.0
719,1377454281,398.0
719,1377454286,390.0
719,1377454291,398.0
719,1377454296,398.0
719,1377454301,399.0
719,1377454306,403.0
719,1377454311,396.0
719,1377454316,391.0
719,1377454321,398.0
719,1377454326,397.0
719,1377454331,406.0
719,1377454336,403.0
719,1377454341,414.0
719,1377454346,409.0
719,1377454351,399.0
719,1377454356,401.0
719,1377454361,398.0
719,1377454366,396.0
719,1377454371,396.0
719,1377454376,402.0
719,1377454381,401.0
719,1377454386,412.0
719,1377454391,409.0
719,1377454396,404.0
719,1377454401,406.0
719,1377454406,402.0
719,1377454411,406.0
719,1377454416,403.0
719,1377454421,401.0
719,1377454426,398.0
719,1377454431,401.0
719,1377454436,393.0
719,1377454441,391.0
719,1377454446,387.0
719,1377454451,398.0
719,1377454456,391.0
719,1377454461,391.0
719,1377454466,402.0
719,1377454471,403.0
719,1377454478,412.0
719,1377454481,412.0
719,1377454486,409.0
719,1377454491,404.0
719,1377454496,399.0
719,1377454501,402.0
719,1377454506,400.0
719,1377454511,403.0
719,1377454516,400.0
719,1377454521,390.0
719,1377454526,393.0
719,1377454531,390.0
719,1377454536,387.0
719,1377454541,391.0
719,1377454546,393.0
719,1377454551,398.0
719,1377454556,402.0
719,1377454561,399.0
719,1377454566,403.0
719,1377454571,398.0
719,1377454576,402.0
719,1377454581,402.0
719,1377454586,402.0
719,1377454591,401.0
719,1377454596,399.0
719,1377454601,398.0
719,1377454606,391.0
719,1377454611,398.0
719,1377454616,393.0
719,1377454621,396.0
719,1377454626,393.0
719,1377454631,393.0
719,1377454636,391.0
719,1377454641,390.0
719,1377454646,391.0
719,1377454651,391.0
719,1377454656,391.0
719,1377454661,393.0
719,1377454666,390.0
719,1377454671,396.0
719,1377454676,395.0
719,1377454681,403.0
719,1377454686,397.0
719,1377454691,403.0
719,1377454696,401.0
719,1377454701,404.0
719,1377454706,398.0
719,1377454711,406.0
719,1377454716,398.0
719,1377454721,396.0
719,1377454726,390.0
719,1377454731,388.0
719,1377454736,388.0
719,1377454741,393.0
719,1377454746,400.0
719,1377454751,404.0
719,1377454756,403.0
719,1377454761,403.0
719,1377454766,401.0
719,1377454771,404.0
719,1377454776,406.0
719,1377454781,412.0
719,1377454786,407.0
719,1377454791,403.0
719,1377454796,398.0
719,1377454801,398.0
719,1377454806,398.0
719,1377454811,391.0
719,1377454816,395.0
719,1377454821,398.0
719,1377454826,391.0
719,1377454831,398.0
719,1377454836,395.0
719,1377454841,391.0
719,1377454846,393.0
719,1377454851,398.0
719,1377454856,396.0
719,1377454861,390.0
719,1377454866,392.0
719,1377454871,387.0
719,1377454876,388.0
719,1377454881,385.0
719,1377454886,398.0
719,1377454891,393.0
719,1377454896,398.0
719,1377454901,398.0
719,1377454906,397.0
719,1377454911,403.0
719,1377454916,404.0
719,1377454921,403.0
719,1377454926,406.0
719,1377454931,399.0
719,1377454936,397.0
719,1377454941,403.0
719,1377454946,407.0
719,1377454951,416.0
719,1377454956,411.0
719,1377454961,407.0
719,1377454966,408.0
719,1377454971,403.0
719,1377454976,401.0
719,1377454981,402.0
719,1377454986,399.0
719,1377454991,399.0
719,1377454996,402.0
719,1377455001,396.0
719,1377455006,390.0
719,1377455011,388.0
719,1377455016,383.0
719,1377455021,398.0
719,1377455026,401.0
719,1377455031,406.0
719,1377455036,412.0
719,1377455041,407.0
719,1377455046,407.0
719,1377455051,416.0
719,1377455056,407.0
719,1377455061,407.0
719,1377455066,407.0
719,1377455071,404.0
719,1377455076,404.0
719,1377455081,398.0
719,1377455086,403.0
719,1377455091,402.0
719,1377455096,401.0
719,1377455101,401.0
719,1377455106,401.0
719,1377455111,397.0
719,1377455116,398.0
719,1377455121,399.0
719,1377455126,406.0
719,1377455131,403.0
719,1377455136,408.0
719,1377455141,401.0
719,1377455146,403.0
719,1377455151,403.0
719,1377455156,406.0
719,1377455161,407.0
719,1377455166,412.0
719,1377455171,407.0
719,1377455176,412.0
719,1377455181,412.0
719,1377455186,409.0
719,1377455191,409.0
719,1377455196,406.0
719,1377455201,404.0
719,1377455206,399.0
719,1377455211,401.0
719,1377455216,401.0
719,1377455221,402.0
719,1377455226,402.0
719,1377455231,403.0
719,1377455236,406.0
719,1377455241,412.0
719,1377455246,409.0
719,1377455251,412.0
719,1377455256,409.0
719,1377455261,411.0
719,1377455266,412.0
719,1377455271,411.0
719,1377455276,411.0
719,1377455281,418.0
719,1377455286,412.0
719,1377455291,403.0
719,1377455296,406.0
719,1377455301,398.0
719,1377455306,403.0
719,1377455311,397.0
719,1377455316,399.0
719,1377455321,402.0
719,1377455326,401.0
719,1377455331,401.0
719,1377455336,406.0
719,1377455341,401.0
719,1377455346,406.0
719,1377455353,404.0
719,1377455356,403.0
719,1377455361,401.0
719,1377455366,401.0
719,1377455371,403.0
719,1377455376,411.0
719,1377455381,407.0
719,1377455386,406.0
719,1377455391,402.0
719,1377455396,401.0
719,1377455401,401.0
719,1377455406,404.0
719,1377455411,403.0
719,1377455416,406.0
719,1377455421,412.0
719,1377455426,416.0
719,1377455431,416.0
719,1377455436,413.0
719,1377455441,413.0
719,1377455446,409.0
719,1377455451,407.0
719,1377455456,403.0
719,1377455461,408.0
719,1377455466,401.0
719,1377455471,403.0
719,1377455476,406.0
719,1377455481,398.0
719,1377455486,401.0
719,1377455491,395.0
719,1377455496,396.0
719,1377455501,391.0
719,1377455506,391.0
719,1377455511,396.0
719,1377455516,397.0
719,1377455521,401.0
719,1377455526,401.0
719,1377455531,396.0
719,1377455536,391.0
719,1377455541,398.0
719,1377455546,401.0
719,1377455551,397.0
719,1377455556,398.0
719,1377455561,406.0
719,1377455566,412.0
719,1377455571,403.0
719,1377455576,401.0
719,1377455581,397.0
719,1377455586,403.0
719,1377455591,401.0
719,1377455596,398.0
719,1377455601,396.0
719,1377455606,402.0
719,1377455611,403.0
719,1377455616,407.0
719,1377455621,407.0
719,1377455626,409.0
719,1377455631,416.0
719,1377455636,406.0
719,1377455641,406.0
719,1377455646,408.0
719,1377455651,408.0
719,1377455656,406.0
719,1377455661,408.0
719,1377455666,412.0
719,1377455671,406.0
719,1377455676,404.0
719,1377455681,406.0
719,1377455686,408.0
719,1377455691,406.0
719,1377455696,407.0
719,1377455701,407.0
719,1377455706,412.0
719,1377455711,409.0
719,1377455716,409.0
719,1377455721,407.0
719,1377455726,409.0
719,1377455731,412.0
719,1377455736,408.0
719,1377455741,399.0
719,1377455746,403.0
719,1377455751,406.0
719,1377455756,404.0
719,1377455761,401.0
719,1377455766,401.0
719,1377455771,398.0
719,1377455776,396.0
719,1377455781,396.0
719,1377455786,396.0
719,1377455791,393.0
719,1377455796,401.0
719,1377455801,403.0
719,1377455806,408.0
719,1377455811,409.0
719,1377455816,411.0
719,1377455821,406.0
719,1377455826,406.0
719,1377455831,401.0
719,1377455836,404.0
719,1377455841,391.0
719,1377455846,396.0
719,1377455851,391.0
719,1377455856,398.0
719,1377455861,391.0
719,1377455866,396.0
719,1377455871,397.0
719,1377455876,401.0
719,1377455881,404.0
719,1377455886,403.0
719,1377455891,403.0
719,1377455896,406.0
719,1377455901,402.0
719,1377455906,397.0
719,1377455911,401.0
719,1377455916,401.0
719,1377455921,404.0
719,1377455926,400.0
719,1377455931,397.0
719,1377455936,390.0
719,1377455941,398.0
719,1377455946,401.0
719,1377455951,403.0
719,1377455956,403.0
719,1377455961,408.0
719,1377455966,406.0
719,1377455971,410.0
719,1377455976,412.0
719,1377455981,416.0
719,1377455986,403.0
719,1377455991,406.0
719,1377455996,404.0
719,1377456001,403.0
719,1377456006,407.0
719,1377456011,403.0
719,1377456016,397.0
719,1377456021,398.0
719,1377456026,398.0
719,1377456031,398.0
719,1377456036,398.0
719,1377456041,398.0
719,1377456046,401.0
719,1377456051,401.0
719,1377456056,403.0
719,1377456061,407.0
719,1377456066,411.0
719,1377456071,412.0
719,1377456076,411.0
719,1377456081,406.0
719,1377456086,407.0
719,1377456091,403.0
719,1377456096,403.0
719,1377456101,400.0
719,1377456106,396.0
719,1377456111,395.0
719,1377456116,398.0
719,1377456121,399.0
719,1377456126,399.0
719,1377456131,398.0
719,1377456136,406.0
719,1377456141,408.0
719,1377456146,416.0
719,1377456151,409.0
719,1377456156,404.0
719,1377456161,403.0
719,1377456166,401.0
719,1377456171,401.0
719,1377456176,399.0
719,1377456181,404.0
719,1377456186,412.0
719,1377456191,409.0
719,1377456196,412.0
719,1377456201,420.0
719,1377456206,407.0
719,1377456211,419.0
719,1377456216,413.0
719,1377456221,422.0
719,1377456226,417.0
719,1377456231,407.0
719,1377456236,408.0
719,1377456241,404.0
719,1377456246,402.0
719,1377456251,395.0
719,1377456256,398.0
719,1377456261,401.0
719,1377456266,404.0
719,1377456271,409.0
719,1377456276,408.0
719,1377456281,401.0
719,1377456286,400.0
719,1377456291,400.0
719,1377456296,397.0
719,1377456301,401.0
719,1377456306,401.0
719,1377456311,406.0
719,1377456316,403.0
719,1377456321,401.0
719,1377456326,401.0
719,1377456331,401.0
719,1377456336,408.0
719,1377456341,414.0
719,1377456346,411.0
719,1377456351,418.0
719,1377456356,418.0
719,1377456361,411.0
719,1377456366,416.0
719,1377456371,408.0
719,1377456376,408.0
719,1377456381,403.0
719,1377456386,402.0
719,1377456391,401.0
719,1377456396,397.0
719,1377456401,402.0
719,1377456406,401.0
719,1377456411,398.0
719,1377456416,399.0
719,1377456421,408.0
719,1377456426,408.0
719,1377456431,407.0
719,1377456436,406.0
719,1377456441,406.0
719,1377456446,404.0
719,1377456451,408.0
719,1377456456,401.0
719,1377456461,406.0
719,1377456466,399.0
719,1377456471,403.0
719,1377456476,398.0
719,1377456481,401.0
719,1377456486,400.0
719,1377456491,400.0
719,1377456496,398.0
719,1377456501,404.0
719,1377456506,399.0
719,1377456511,399.0
719,1377456516,397.0
719,1377456521,397.0
719,1377456526,398.0
719,1377456531,400.0
719,1377456536,401.0
719,1377456541,396.0
719,1377456546,391.0
719,1377456551,393.0
719,1377456556,406.0
719,1377456561,403.0
719,1377456566,406.0
719,1377456571,414.0
719,1377456576,407.0
719,1377456581,406.0
719,1377456586,404.0
719,1377456591,403.0
719,1377456596,403.0
719,1377456601,406.0
719,1377456606,403.0
719,1377456611,403.0
719,1377456616,403.0
719,1377456621,403.0
719,1377456626,418.0
719,1377456631,408.0
719,1377456636,403.0
719,1377456641,404.0
719,1377456646,404.0
719,1377456651,403.0
719,1377456656,406.0
719,1377456661,403.0
719,1377456666,401.0
719,1377456671,406.0
719,1377456676,398.0
719,1377456681,403.0
719,1377456686,404.0
719,1377456691,404.0
719,1377456696,403.0
719,1377456701,404.0
719,1377456706,398.0
719,1377456711,403.0
719,1377456716,399.0
719,1377456721,404.0
719,1377456726,403.0
719,1377456731,403.0
719,1377456736,406.0
719,1377456741,412.0
719,1377456746,407.0
719,1377456751,407.0
719,1377456756,414.0
719,1377456761,407.0
719,1377456766,412.0
719,1377456771,411.0
719,1377456776,411.0
719,1377456781,412.0
719,1377456786,408.0
719,1377456791,403.0
719,1377456796,412.0
719,1377456801,401.0
719,1377456806,406.0
719,1377456811,408.0
719,1377456816,404.0
719,1377456821,409.0
719,1377456826,403.0
719,1377456831,408.0
719,1377456836,408.0
719,1377456841,406.0
719,1377456846,408.0
719,1377456851,407.0
719,1377456856,403.0
719,1377456861,399.0
719,1377456866,403.0
719,1377456871,400.0
719,1377456876,398.0
719,1377456881,398.0
719,1377456886,403.0
719,1377456891,405.0
719,1377456896,409.0
719,1377456901,407.0
719,1377456906,406.0
719,1377456911,401.0
719,1377456916,398.0
719,1377456921,401.0
719,1377456926,404.0
719,1377456931,404.0
719,1377456936,406.0
719,1377456941,412.0
719,1377456946,406.0
719,1377456951,408.0
719,1377456956,397.0
719,1377456961,400.0
719,1377456966,390.0
719,1377456971,398.0
719,1377456976,395.0
719,1377456981,400.0
719,1377456986,396.0
719,1377456991,398.0
719,1377456996,398.0
719,1377457001,398.0
719,1377457006,398.0
719,1377457011,400.0
719,1377457016,401.0
719,1377457021,401.0
719,1377457026,401.0
719,1377457031,398.0
719,1377457036,401.0
719,1377457041,404.0
719,1377457046,409.0
719,1377457051,406.0
719,1377457056,398.0
719,1377457061,393.0
719,1377457066,391.0
719,1377457071,391.0
719,1377457076,400.0
719,1377457084,401.0
719,1377457086,401.0
719,1377457091,403.0
719,1377457096,406.0
719,1377457101,404.0
719,1377457106,403.0
719,1377457111,404.0
719,1377457116,406.0
719,1377457121,403.0
719,1377457126,401.0
719,1377457131,399.0
719,1377457136,406.0
719,1377457141,407.0
719,1377457146,416.0
719,1377457151,418.0
719,1377457156,418.0
719,1377457161,412.0
719,1377457166,422.0
719,1377457171,420.0
719,1377457176,422.0
719,1377457181,425.0
719,1377457186,417.0
719,1377457191,412.0
719,1377457196,403.0
719,1377457201,408.0
719,1377457206,404.0
719,1377457211,418.0
719,1377457216,409.0
719,1377457221,420.0
719,1377457226,416.0
719,1377457231,413.0
719,1377457236,417.0
719,1377457241,415.0
719,1377457246,420.0
719,1377457251,415.0
719,1377457256,422.0
719,1377457261,429.0
719,1377457266,438.0
719,1377457271,451.0
719,1377457276,447.0
719,1377457281,454.0
719,1377457286,448.0
719,1377457291,443.0
719,1377457296,448.0
719,1377457301,443.0
719,1377457306,452.0
719,1377457311,462.0
719,1377457316,455.0
719,1377457321,452.0
719,1377457326,439.0
719,1377457331,441.0
719,1377457336,446.0
719,1377457341,439.0
719,1377457346,449.0
719,1377457351,439.0
719,1377457356,450.0
719,1377457361,452.0
719,1377457366,443.0
719,1377457371,439.0
719,1377457376,443.0
719,1377457381,448.0
719,1377457386,452.0
719,1377457391,439.0
719,1377457396,439.0
719,1377457401,450.0
719,1377457406,440.0
719,1377457411,436.0
719,1377457416,441.0
719,1377457421,443.0
719,1377457426,443.0
719,1377457431,443.0
719,1377457436,438.0
719,1377457441,440.0
719,1377457446,436.0
719,1377457451,435.0
719,1377457456,436.0
719,1377457461,433.0
719,1377457466,430.0
719,1377457471,433.0
719,1377457476,431.0
719,1377457481,435.0
719,1377457486,441.0
719,1377457491,441.0
719,1377457496,444.0
719,1377457501,438.0
719,1377457506,436.0
719,1377457511,446.0
719,1377457516,444.0
719,1377457521,448.0
719,1377457526,448.0
719,1377457531,448.0
719,1377457536,448.0
719,1377457541,443.0
719,1377457546,454.0
719,1377457551,447.0
719,1377457556,460.0
719,1377457561,462.0
719,1377457566,455.0
719,1377457571,455.0
719,1377457576,455.0
719,1377457581,460.0
719,1377457586,465.0
719,1377457591,465.0
719,1377457596,468.0
719,1377457601,461.0
719,1377457606,462.0
719,1377457611,460.0
719,1377457616,462.0
719,1377457621,454.0
719,1377457626,454.0
719,1377457631,443.0
719,1377457636,443.0
719,1377457641,449.0
719,1377457646,455.0
719,1377457651,457.0
719,1377457656,462.0
719,1377457661,467.0
719,1377457666,467.0
719,1377457671,461.0
719,1377457676,460.0
719,1377457681,455.0
719,1377457686,465.0
719,1377457691,465.0
719,1377457696,460.0
719,1377457701,462.0
719,1377457706,465.0
719,1377457711,461.0
719,1377457716,464.0
719,1377457721,466.0
719,1377457726,472.0
719,1377457731,467.0
719,1377457736,472.0
719,1377457741,472.0
719,1377457746,470.0
719,1377457751,462.0
719,1377457756,465.0
719,1377457761,462.0
719,1377457766,462.0
719,1377457771,468.0
719,1377457776,468.0
719,1377457781,468.0
719,1377457786,463.0
719,1377457791,470.0
719,1377457796,471.0
719,1377457801,470.0
719,1377457806,470.0
719,1377457811,462.0
719,1377457816,463.0
719,1377457821,467.0
719,1377457826,472.0
719,1377457831,468.0
719,1377457836,472.0
719,1377457841,470.0
719,1377457846,468.0
719,1377457851,467.0
719,1377457856,467.0
719,1377457861,468.0
719,1377457866,470.0
719,1377457871,465.0
719,1377457876,467.0
719,1377457881,472.0
719,1377457886,471.0
719,1377457891,476.0
719,1377457896,475.0
719,1377457901,477.0
719,1377457906,471.0
719,1377457911,473.0
719,1377457916,472.0
719,1377457921,468.0
719,1377457926,465.0
719,1377457931,472.0
719,1377457936,471.0
719,1377457941,480.0
719,1377457946,475.0
719,1377457951,483.0
719,1377457956,483.0
719,1377457963,486.0
719,1377457966,483.0
719,1377457971,489.0
719,1377457976,484.0
719,1377457981,477.0
719,1377457986,477.0
719,1377457991,486.0
719,1377457996,475.0
719,1377458001,475.0
719,1377458006,476.0
719,1377458011,476.0
719,1377458016,476.0
719,1377458021,470.0
719,1377458026,471.0
719,1377458031,478.0
719,1377458036,471.0
719,1377458041,478.0
719,1377458046,477.0
719,1377458051,476.0
719,1377458056,477.0
719,1377458061,486.0
719,1377458066,477.0
719,1377458071,477.0
719,1377458076,482.0
719,1377458081,473.0
719,1377458086,482.0
719,1377458091,481.0
719,1377458096,483.0
719,1377458101,483.0
719,1377458106,483.0
719,1377458111,483.0
719,1377458116,477.0
719,1377458121,471.0
719,1377458126,472.0
719,1377458131,472.0
719,1377458136,486.0
719,1377458141,484.0
719,1377458146,486.0
719,1377458151,477.0
719,1377458156,475.0
719,1377458161,476.0
719,1377458166,473.0
719,1377458171,470.0
719,1377458176,470.0
719,1377458181,476.0
719,1377458186,476.0
719,1377458191,475.0
719,1377458196,483.0
719,1377458201,486.0
719,1377458206,483.0
719,1377458211,488.0
719,1377458216,487.0
719,1377458221,489.0
719,1377458226,484.0
719,1377458231,483.0
719,1377458236,476.0
719,1377458241,481.0
719,1377458246,486.0
719,1377458251,475.0
719,1377458256,475.0
719,1377458261,480.0
719,1377458266,480.0
719,1377458271,475.0
719,1377458276,475.0
719,1377458281,483.0
719,1377458286,477.0
719,1377458291,483.0
719,1377458296,475.0
719,1377458301,482.0
719,1377458306,483.0
719,1377458311,486.0
719,1377458316,475.0
719,1377458321,475.0
719,1377458326,488.0
719,1377458331,496.0
719,1377458336,502.0
719,1377458341,499.0
719,1377458346,497.0
719,1377458351,492.0
719,1377458356,487.0
719,1377458361,483.0
719,1377458366,483.0
719,1377458371,486.0
719,1377458376,488.0
719,1377458381,492.0
719,1377458386,494.0
719,1377458391,494.0
719,1377458396,496.0
719,1377458401,494.0
719,1377458406,492.0
719,1377458411,486.0
719,1377458416,487.0
719,1377458421,486.0
719,1377458426,491.0
719,1377458431,487.0
719,1377458436,489.0
719,1377458441,489.0
719,1377458446,489.0
719,1377458451,487.0
719,1377458456,492.0
719,1377458461,487.0
719,1377458466,489.0
719,1377458471,492.0
719,1377458476,484.0
719,1377458481,477.0
719,1377458486,481.0
719,1377458491,477.0
719,1377458496,483.0
719,1377458501,483.0
719,1377458506,484.0
719,1377458511,483.0
719,1377458516,494.0
719,1377458521,497.0
719,1377458526,494.0
719,1377458531,492.0
719,1377458536,489.0
719,1377458541,483.0
719,1377458546,477.0
719,1377458551,477.0
719,1377458556,475.0
719,1377458561,481.0
719,1377458566,483.0
719,1377458571,480.0
719,1377458576,471.0
719,1377458581,465.0
719,1377458586,465.0
719,1377458591,462.0
719,1377458596,467.0
719,1377458601,480.0
719,1377458606,473.0
719,1377458611,481.0
719,1377458616,484.0
719,1377458621,479.0
719,1377458626,477.0
719,1377458631,477.0
719,1377458636,471.0
719,1377458641,470.0
719,1377458646,472.0
719,1377458651,468.0
719,1377458656,471.0
719,1377458661,486.0
719,1377458666,481.0
719,1377458671,489.0
719,1377458676,494.0
719,1377458681,497.0
719,1377458686,494.0
719,1377458691,487.0
719,1377458696,489.0
719,1377458701,492.0
719,1377458706,487.0
719,1377458711,492.0
719,1377458716,494.0
719,1377458721,491.0
719,1377458726,488.0
719,1377458731,479.0
719,1377458736,486.0
719,1377458741,487.0
719,1377458746,491.0
719,1377458751,494.0
719,1377458756,498.0
719,1377458761,500.0
719,1377458766,505.0
719,1377458771,499.0
719,1377458776,502.0
719,1377458781,497.0
719,1377458787,492.0
719,1377458791,489.0
719,1377458796,494.0
719,1377458801,494.0
719,1377458806,496.0
719,1377458811,502.0
719,1377458816,497.0
719,1377458821,497.0
719,1377458826,492.0
719,1377458831,492.0
719,1377458836,494.0
719,1377458841,487.0
719,1377458846,483.0
719,1377458851,480.0
719,1377458856,486.0
719,1377458861,473.0
719,1377458866,480.0
719,1377458871,484.0
719,1377458876,475.0
719,1377458881,475.0
719,1377458886,488.0
719,1377458891,489.0
719,1377458896,487.0
719,1377458901,486.0
719,1377458906,486.0
719,1377458911,488.0
719,1377458916,487.0
719,1377458921,486.0
719,1377458926,489.0
719,1377458931,492.0
719,1377458936,494.0
719,1377458941,494.0
719,1377458946,496.0
719,1377458951,494.0
719,1377458956,483.0
719,1377458961,483.0
719,1377458966,477.0
719,1377458971,483.0
719,1377458976,488.0
719,1377458981,487.0
719,1377458986,489.0
719,1377458991,494.0
719,1377458996,489.0
719,1377459001,486.0
719,1377459006,483.0
719,1377459011,487.0
719,1377459016,488.0
719,1377459021,487.0
719,1377459026,492.0
719,1377459031,494.0
719,1377459036,505.0
719,1377459041,508.0
719,1377459046,510.0
719,1377459051,495.0
719,1377459056,497.0
719,1377459061,494.0
719,1377459066,493.0
719,1377459071,487.0
719,1377459076,492.0
719,1377459081,489.0
719,1377459086,491.0
719,1377459091,489.0
719,1377459096,497.0
719,1377459101,491.0
719,1377459106,496.0
719,1377459111,486.0
719,1377459116,488.0
719,1377459121,488.0
719,1377459126,488.0
719,1377459131,487.0
719,1377459136,488.0
719,1377459141,492.0
719,1377459146,489.0
719,1377459151,494.0
719,1377459156,494.0
719,1377459161,492.0
719,1377459166,489.0
719,1377459171,492.0
719,1377459176,487.0
719,1377459181,494.0
719,1377459186,494.0
719,1377459191,493.0
719,1377459196,491.0
719,1377459201,496.0
719,1377459206,496.0
719,1377459211,497.0
719,1377459216,487.0
719,1377459221,494.0
719,1377459226,471.0
719,1377459231,483.0
719,1377459236,475.0
719,1377459241,479.0
719,1377459246,494.0
719,1377459251,487.0
719,1377459256,489.0
719,1377459261,488.0
719,1377459266,491.0
719,1377459271,496.0
719,1377459276,499.0
719,1377459281,494.0
719,1377459286,502.0
719,1377459291,497.0
719,1377459296,493.0
719,1377459301,497.0
719,1377459306,494.0
719,1377459311,493.0
719,1377459316,497.0
719,1377459321,493.0
719,1377459326,494.0
719,1377459331,498.0
719,1377459336,497.0
719,1377459341,499.0
719,1377459346,499.0
719,1377459351,497.0
719,1377459356,500.0
719,1377459361,493.0
719,1377459366,492.0
719,1377459371,487.0
719,1377459376,487.0
719,1377459381,483.0
719,1377459386,489.0
719,1377459391,489.0
719,1377459396,492.0
719,1377459401,496.0
719,1377459406,494.0
719,1377459411,489.0
719,1377459416,487.0
719,1377459421,487.0
719,1377459426,489.0
719,1377459431,492.0
719,1377459436,503.0
719,1377459441,499.0
719,1377459446,500.0
719,1377459451,502.0
719,1377459456,497.0
719,1377459461,494.0
719,1377459466,497.0
719,1377459471,504.0
719,1377459476,502.0
719,1377459481,503.0
719,1377459486,497.0
719,1377459491,491.0
719,1377459496,497.0
719,1377459501,497.0
719,1377459506,497.0
719,1377459511,502.0
719,1377459516,504.0
719,1377459521,504.0
719,1377459526,494.0
719,1377459531,496.0
719,1377459536,494.0
719,1377459541,498.0
719,1377459546,505.0
719,1377459551,508.0
719,1377459556,503.0
719,1377459561,508.0
719,1377459566,503.0
719,1377459571,503.0
719,1377459576,509.0
719,1377459581,503.0
719,1377459586,504.0
719,1377459591,497.0
719,1377459596,498.0
719,1377459601,502.0
719,1377459606,508.0
719,1377459611,505.0
719,1377459616,503.0
719,1377459621,510.0
719,1377459627,502.0
719,1377459631,504.0
719,1377459636,499.0
719,1377459641,510.0
719,1377459646,499.0
719,1377459651,505.0
719,1377459656,505.0
719,1377459661,503.0
719,1377459666,508.0
719,1377459671,508.0
719,1377459676,503.0
719,1377459681,507.0
719,1377459686,505.0
719,1377459691,499.0
719,1377459696,489.0
719,1377459701,492.0
719,1377459706,487.0
719,1377459711,497.0
719,1377459716,500.0
719,1377459721,503.0
719,1377459726,508.0
719,1377459731,507.0
719,1377459736,505.0
719,1377459741,502.0
719,1377459746,502.0
719,1377459751,499.0
719,1377459756,499.0
719,1377459761,503.0
719,1377459766,505.0
719,1377459771,503.0
719,1377459776,495.0
719,1377459781,493.0
719,1377459786,491.0
719,1377459791,499.0
719,1377459796,504.0
719,1377459801,508.0
719,1377459806,507.0
719,1377459811,507.0
719,1377459816,508.0
719,1377459821,499.0
719,1377459826,494.0
719,1377459831,489.0
719,1377459836,494.0
719,1377459841,489.0
719,1377459846,487.0
719,1377459851,492.0
719,1377459856,496.0
719,1377459861,494.0
719,1377459866,503.0
719,1377459871,514.0
719,1377459876,514.0
719,1377459881,515.0
719,1377459886,507.0
719,1377459891,512.0
719,1377459896,504.0
719,1377459901,500.0
719,1377459906,493.0
719,1377459911,500.0
719,1377459916,497.0
719,1377459921,497.0
719,1377459926,493.0
719,1377459931,498.0
719,1377459936,492.0
719,1377459941,491.0
719,1377459946,489.0
719,1377459951,496.0
719,1377459956,494.0
719,1377459961,494.0
719,1377459966,504.0
719,1377459971,505.0
719,1377459976,503.0
719,1377459981,507.0
719,1377459986,500.0
719,1377459991,499.0
719,1377459996,493.0
719,1377460001,492.0
719,1377460006,498.0
719,1377460011,494.0
719,1377460016,495.0
719,1377460021,499.0
719,1377460026,497.0
719,1377460031,492.0
719,1377460036,496.0
719,1377460041,494.0
719,1377460046,502.0
719,1377460051,499.0
719,1377460056,499.0
719,1377460061,499.0
719,1377460066,502.0
719,1377460071,510.0
719,1377460076,508.0
719,1377460081,512.0
719,1377460086,507.0
719,1377460091,503.0
719,1377460096,502.0
719,1377460101,504.0
719,1377460106,505.0
719,1377460111,513.0
719,1377460116,507.0
719,1377460121,508.0
719,1377460126,514.0
719,1377460131,505.0
719,1377460136,512.0
719,1377460141,512.0
719,1377460146,504.0
719,1377460151,502.0
719,1377460156,500.0
719,1377460161,494.0
719,1377460166,498.0
719,1377460171,493.0
719,1377460176,504.0
719,1377460181,502.0
719,1377460186,505.0
719,1377460191,512.0
719,1377460196,505.0
719,1377460201,507.0
719,1377460206,514.0
719,1377460211,508.0
719,1377460216,503.0
719,1377460221,503.0
719,1377460226,504.0
719,1377460231,505.0
719,1377460236,495.0
719,1377460241,498.0
719,1377460246,496.0
719,1377460251,489.0
719,1377460256,492.0
719,1377460261,499.0
719,1377460266,508.0
719,1377460271,518.0
719,1377460276,512.0
719,1377460281,509.0
719,1377460286,515.0
719,1377460291,507.0
719,1377460296,512.0
719,1377460301,507.0
719,1377460306,505.0
719,1377460311,503.0
719,1377460316,508.0
719,1377460321,508.0
719,1377460326,508.0
719,1377460331,503.0
719,1377460336,512.0
719,1377460341,508.0
719,1377460346,505.0
719,1377460351,504.0
719,1377460356,514.0
719,1377460361,497.0
719,1377460366,499.0
719,1377460371,499.0
719,1377460376,497.0
719,1377460381,497.0
719,1377460386,497.0
719,1377460391,493.0
719,1377460396,497.0
719,1377460401,494.0
719,1377460406,504.0
719,1377460411,508.0
719,1377460416,508.0
719,1377460421,516.0
719,1377460426,509.0
719,1377460431,509.0
719,1377460436,508.0
719,1377460441,505.0
719,1377460446,505.0
719,1377460451,503.0
719,1377460456,504.0
719,1377460461,503.0
719,1377460466,502.0
719,1377460471,504.0
719,1377460476,502.0
719,1377460481,502.0
719,1377460486,502.0
719,1377460491,499.0
719,1377460496,504.0
719,1377460501,504.0
719,1377460506,504.0
719,1377460511,508.0
719,1377460516,508.0
719,1377460521,502.0
719,1377460526,499.0
719,1377460531,494.0
719,1377460536,498.0
719,1377460541,497.0
719,1377460546,502.0
719,1377460551,504.0
719,1377460556,503.0
719,1377460561,508.0
719,1377460566,514.0
719,1377460571,503.0
719,1377460576,503.0
719,1377460581,514.0
719,1377460586,507.0
719,1377460591,509.0
719,1377460596,509.0
719,1377460601,507.0
719,1377460606,512.0
719,1377460611,499.0
719,1377460616,502.0
719,1377460621,503.0
719,1377460626,503.0
719,1377460631,505.0
719,1377460636,514.0
719,1377460641,508.0
719,1377460646,505.0
719,1377460651,502.0
719,1377460656,505.0
719,1377460661,502.0
719,1377460666,500.0
719,1377460671,500.0
719,1377460676,499.0
719,1377460681,499.0
719,1377460686,505.0
719,1377460691,508.0
719,1377460696,503.0
719,1377460701,503.0
719,1377460706,508.0
719,1377460711,509.0
719,1377460716,512.0
719,1377460721,509.0
719,1377460726,514.0
719,1377460731,503.0
719,1377460736,502.0
719,1377460741,502.0
719,1377460746,497.0
719,1377460751,499.0
719,1377460756,502.0
719,1377460761,510.0
719,1377460766,507.0
719,1377460771,508.0
719,1377460776,512.0
719,1377460781,502.0
719,1377460786,505.0
719,1377460791,508.0
719,1377460796,510.0
719,1377460801,503.0
719,1377460806,503.0
719,1377460811,505.0
719,1377460816,505.0
719,1377460821,504.0
719,1377460826,518.0
719,1377460831,504.0
719,1377460836,503.0
719,1377460841,499.0
719,1377460846,503.0
719,1377460851,500.0
719,1377460856,508.0
719,1377460861,503.0
719,1377460866,505.0
719,1377460871,508.0
719,1377460876,504.0
719,1377460881,494.0
719,1377460886,493.0
719,1377460891,504.0
719,1377460896,505.0
719,1377460901,515.0
719,1377460906,515.0
719,1377460911,518.0
719,1377460916,507.0
719,1377460921,507.0
719,1377460926,512.0
719,1377460931,507.0
719,1377460936,512.0
719,1377460941,507.0
719,1377460946,503.0
719,1377460951,508.0
719,1377460956,508.0
719,1377460961,509.0
719,1377460966,515.0
719,1377460971,518.0
719,1377460976,507.0
719,1377460981,509.0
719,1377460986,503.0
719,1377460991,508.0
719,1377460996,515.0
719,1377461001,515.0
719,1377461006,509.0
719,1377461011,514.0
719,1377461016,512.0
719,1377461021,505.0
719,1377461026,502.0
719,1377461031,499.0
719,1377461036,505.0
719,1377461041,505.0
719,1377461046,503.0
719,1377461051,512.0
719,1377461056,507.0
719,1377461061,514.0
719,1377461066,507.0
719,1377461071,507.0
719,1377461076,502.0
719,1377461081,504.0
719,1377461086,497.0
719,1377461091,499.0
719,1377461096,495.0
719,1377461101,502.0
719,1377461106,508.0
719,1377461111,502.0
719,1377461116,514.0
719,1377461121,507.0
719,1377461126,507.0
719,1377461131,503.0
719,1377461136,503.0
719,1377461141,512.0
719,1377461146,505.0
719,1377461151,512.0
719,1377461156,511.0
719,1377461161,518.0
719,1377461166,520.0
719,1377461171,515.0
719,1377461176,515.0
719,1377461181,515.0
719,1377461186,507.0
719,1377461191,509.0
719,1377461196,503.0
719,1377461201,508.0
719,1377461206,508.0
719,1377461211,515.0
719,1377461216,516.0
719,1377461221,518.0
719,1377461226,520.0
719,1377461231,524.0
719,1377461236,528.0
719,1377461241,526.0
719,1377461246,524.0
719,1377461251,528.0
719,1377461256,524.0
719,1377461261,529.0
719,1377461266,529.0
719,1377461271,529.0
719,1377461276,526.0
719,1377461281,529.0
719,1377461286,526.0
719,1377461291,536.0
719,1377461296,537.0
719,1377461301,535.0
719,1377461306,525.0
719,1377461311,526.0
719,1377461316,521.0
719,1377461321,515.0
719,1377461326,507.0
719,1377461331,515.0
719,1377461336,518.0
719,1377461341,509.0
719,1377461346,526.0
719,1377461351,515.0
719,1377461356,515.0
719,1377461361,515.0
719,1377461366,524.0
719,1377461371,515.0
719,1377461376,515.0
719,1377461381,513.0
719,1377461386,515.0
719,1377461391,509.0
719,1377461396,518.0
719,1377461401,520.0
719,1377461406,521.0
719,1377461411,516.0
719,1377461416,515.0
719,1377461421,513.0
719,1377461426,507.0
719,1377461431,507.0
719,1377461436,518.0
719,1377461441,515.0
719,1377461446,518.0
719,1377461451,511.0
719,1377461456,515.0
719,1377461461,516.0
719,1377461466,515.0
719,1377461471,511.0
719,1377461476,509.0
719,1377461481,511.0
719,1377461486,511.0
719,1377461491,526.0
719,1377461496,509.0
719,1377461501,514.0
719,1377461506,503.0
719,1377461511,515.0
719,1377461516,509.0
719,1377461521,507.0
719,1377461526,518.0
719,1377461531,516.0
719,1377461536,520.0
719,1377461541,514.0
719,1377461546,509.0
719,1377461551,509.0
719,1377461556,514.0
719,1377461561,505.0
719,1377461566,514.0
719,1377461571,508.0
719,1377461576,513.0
719,1377461581,515.0
719,1377461586,514.0
719,1377461591,511.0
719,1377461596,524.0
719,1377461601,528.0
719,1377461606,521.0
719,1377461611,524.0
719,1377461616,526.0
719,1377461621,509.0
719,1377461626,518.0
719,1377461631,507.0
719,1377461636,515.0
719,1377461641,518.0
719,1377461646,521.0
719,1377461651,521.0
719,1377461656,524.0
719,1377461661,520.0
719,1377461666,509.0
719,1377461671,507.0
719,1377461676,514.0
719,1377461681,512.0
719,1377461686,513.0
719,1377461691,507.0
719,1377461696,515.0
719,1377461701,518.0
719,1377461706,515.0
719,1377461711,521.0
719,1377461716,519.0
719,1377461721,529.0
719,1377461726,521.0
719,1377461731,526.0
719,1377461736,524.0
719,1377461741,518.0
719,1377461746,521.0
719,1377461751,513.0
719,1377461756,509.0
719,1377461761,507.0
719,1377461766,515.0
719,1377461771,518.0
719,1377461776,507.0
719,1377461781,508.0
719,1377461786,508.0
719,1377461791,503.0
719,1377461796,512.0
719,1377461801,508.0
719,1377461806,509.0
719,1377461811,508.0
719,1377461816,503.0
719,1377461821,502.0
719,1377461826,505.0
719,1377461831,503.0
719,1377461836,505.0
719,1377461841,505.0
719,1377461846,514.0
719,1377461851,509.0
719,1377461856,515.0
719,1377461861,505.0
719,1377461866,504.0
719,1377461871,499.0
719,1377461876,497.0
719,1377461881,504.0
719,1377461886,505.0
719,1377461891,505.0
719,1377461896,503.0
719,1377461901,508.0
719,1377461906,508.0
719,1377461911,515.0
719,1377461916,515.0
719,1377461921,514.0
719,1377461926,515.0
719,1377461931,507.0
719,1377461936,507.0
719,1377461941,507.0
719,1377461946,514.0
719,1377461951,507.0
719,1377461956,515.0
719,1377461961,518.0
719,1377461966,515.0
719,1377461971,520.0
719,1377461976,514.0
719,1377461981,509.0
719,1377461986,507.0
719,1377461991,514.0
719,1377461996,502.0
719,1377462001,508.0
719,1377462006,512.0
719,1377462011,503.0
719,1377462016,508.0
719,1377462021,503.0
719,1377462026,505.0
719,1377462031,508.0
719,1377462036,512.0
719,1377462041,508.0
719,1377462046,518.0
719,1377462051,507.0
719,1377462056,514.0
719,1377462061,512.0
719,1377462066,510.0
719,1377462071,505.0
719,1377462076,504.0
719,1377462081,497.0
719,1377462086,502.0
719,1377462091,497.0
719,1377462096,502.0
719,1377462101,495.0
719,1377462106,508.0
719,1377462111,503.0
719,1377462116,509.0
719,1377462121,513.0
719,1377462126,509.0
719,1377462131,513.0
719,1377462136,507.0
719,1377462141,512.0
719,1377462146,508.0
719,1377462151,507.0
719,1377462156,503.0
719,1377462161,508.0
719,1377462166,503.0
719,1377462171,503.0
719,1377462176,503.0
719,1377462181,504.0
719,1377462186,493.0
719,1377462191,493.0
719,1377462196,493.0
719,1377462201,499.0
719,1377462206,496.0
719,1377462211,500.0
719,1377462216,505.0
719,1377462221,503.0
719,1377462226,503.0
719,1377462231,503.0
719,1377462236,502.0
719,1377462241,504.0
719,1377462246,493.0
719,1377462251,499.0
719,1377462256,499.0
719,1377462261,505.0
719,1377462266,513.0
719,1377462271,509.0
719,1377462276,516.0
719,1377462281,508.0
719,1377462286,515.0
719,1377462291,515.0
719,1377462296,516.0
719,1377462301,507.0
719,1377462306,514.0
719,1377462311,503.0
719,1377462316,508.0
719,1377462321,503.0
719,1377462326,512.0
719,1377462331,508.0
719,1377462336,514.0
719,1377462341,502.0
719,1377462346,505.0
719,1377462351,494.0
719,1377462356,494.0
719,1377462361,497.0
719,1377462366,493.0
719,1377462371,496.0
719,1377462376,492.0
719,1377462381,494.0
719,1377462386,504.0
719,1377462391,510.0
719,1377462396,508.0
719,1377462401,505.0
719,1377462406,503.0
719,1377462411,503.0
719,1377462416,504.0
719,1377462421,494.0
719,1377462426,499.0
719,1377462431,505.0
719,1377462436,502.0
719,1377462441,505.0
719,1377462446,497.0
719,1377462451,494.0
719,1377462456,497.0
719,1377462461,495.0
719,1377462466,494.0
719,1377462471,497.0
719,1377462476,497.0
719,1377462481,499.0
719,1377462486,499.0
719,1377462491,495.0
719,1377462496,499.0
719,1377462501,497.0
719,1377462506,497.0
719,1377462511,499.0
719,1377462516,494.0
719,1377462521,497.0
719,1377462526,499.0
719,1377462531,494.0
719,1377462536,494.0
719,1377462541,500.0
719,1377462546,500.0
719,1377462551,498.0
719,1377462556,493.0
719,1377462561,493.0
719,1377462566,493.0
719,1377462571,487.0
719,1377462576,492.0
719,1377462581,494.0
719,1377462586,492.0
719,1377462591,489.0
719,1377462596,487.0
719,1377462601,489.0
719,1377462606,494.0
719,1377462611,487.0
719,1377462616,492.0
719,1377462621,487.0
719,1377462626,486.0
719,1377462631,489.0
719,1377462636,489.0
719,1377462641,486.0
719,1377462646,487.0
719,1377462651,489.0
719,1377462656,487.0
719,1377462661,487.0
719,1377462666,492.0
719,1377462671,483.0
719,1377462676,482.0
719,1377462681,482.0
719,1377462686,475.0
719,1377462691,484.0
719,1377462696,483.0
719,1377462701,483.0
719,1377462706,483.0
719,1377462711,477.0
719,1377462716,475.0
719,1377462721,481.0
719,1377462726,483.0
719,1377462731,486.0
719,1377462736,477.0
719,1377462741,482.0
719,1377462746,475.0
719,1377462751,476.0
719,1377462756,472.0
719,1377462761,462.0
719,1377462766,468.0
719,1377462771,472.0
719,1377462776,475.0
719,1377462781,483.0
719,1377462786,483.0
719,1377462791,480.0
719,1377462796,472.0
719,1377462801,465.0
719,1377462806,461.0
719,1377462811,461.0
719,1377462816,468.0
719,1377462821,465.0
719,1377462826,463.0
719,1377462831,468.0
719,1377462836,472.0
719,1377462841,471.0
719,1377462846,471.0
719,1377462851,473.0
719,1377462856,471.0
719,1377462861,482.0
719,1377462866,483.0
719,1377462871,477.0
719,1377462876,482.0
719,1377462881,473.0
719,1377462886,472.0
719,1377462891,462.0
719,1377462896,461.0
719,1377462901,465.0
719,1377462906,465.0
719,1377462911,463.0
719,1377462916,467.0
719,1377462921,468.0
719,1377462926,465.0
719,1377462931,467.0
719,1377462936,461.0
719,1377462941,467.0
719,1377462946,465.0
719,1377462951,470.0
719,1377462956,467.0
719,1377462961,467.0
719,1377462966,462.0
719,1377462971,462.0
719,1377462976,462.0
719,1377462981,467.0
719,1377462986,461.0
719,1377462991,462.0
719,1377462996,462.0
719,1377463001,465.0
719,1377463006,463.0
719,1377463011,472.0
719,1377463016,476.0
719,1377463021,475.0
719,1377463026,471.0
719,1377463031,468.0
719,1377463039,468.0
719,1377463041,468.0
719,1377463046,467.0
719,1377463051,472.0
719,1377463056,472.0
719,1377463061,472.0
719,1377463066,467.0
719,1377463071,467.0
719,1377463076,466.0
719,1377463081,468.0
719,1377463086,468.0
719,1377463091,462.0
719,1377463096,460.0
719,1377463101,454.0
719,1377463106,452.0
719,1377463111,446.0
719,1377463116,447.0
719,1377463121,456.0
719,1377463126,460.0
719,1377463131,457.0
719,1377463136,455.0
719,1377463141,457.0
719,1377463146,454.0
719,1377463151,454.0
719,1377463156,456.0
719,1377463161,452.0
719,1377463166,452.0
719,1377463171,454.0
719,1377463176,460.0
719,1377463181,455.0
719,1377463186,462.0
719,1377463191,456.0
719,1377463196,447.0
719,1377463201,447.0
719,1377463206,454.0
719,1377463211,447.0
719,1377463216,447.0
719,1377463221,454.0
719,1377463226,448.0
719,1377463231,448.0
719,1377463236,447.0
719,1377463241,455.0
719,1377463246,457.0
719,1377463251,454.0
719,1377463256,449.0
719,1377463260,446.0
719,1377463266,449.0
719,1377463271,454.0
719,1377463276,452.0
719,1377463281,439.0
719,1377463286,444.0
719,1377463291,440.0
719,1377463296,438.0
719,1377463301,443.0
719,1377463306,443.0
719,1377463311,448.0
719,1377463316,454.0
719,1377463321,455.0
719,1377463326,459.0
719,1377463331,457.0
719,1377463336,462.0
719,1377463341,451.0
719,1377463346,454.0
719,1377463351,448.0
719,1377463356,447.0
719,1377463361,454.0
719,1377463366,447.0
719,1377463371,452.0
719,1377463376,447.0
719,1377463381,443.0
719,1377463385,443.0
719,1377463391,454.0
719,1377463396,454.0
719,1377463401,451.0
719,1377463406,451.0
719,1377463411,447.0
719,1377463416,452.0
719,1377463421,451.0
719,1377463426,456.0
719,1377463431,451.0
719,1377463436,443.0
719,1377463441,450.0
719,1377463446,439.0
719,1377463451,446.0
719,1377463456,444.0
719,1377463461,439.0
719,1377463466,443.0
719,1377463471,457.0
719,1377463476,462.0
719,1377463481,462.0
719,1377463486,461.0
719,1377463491,468.0
719,1377463496,455.0
719,1377463501,460.0
719,1377463506,448.0
719,1377463511,439.0
719,1377463516,444.0
719,1377463521,438.0
719,1377463526,438.0
719,1377463531,434.0
719,1377463536,435.0
719,1377463541,438.0
719,1377463546,438.0
719,1377463551,443.0
719,1377463556,443.0
719,1377463561,443.0
719,1377463566,448.0
719,1377463571,441.0
719,1377463576,444.0
719,1377463581,438.0
719,1377463586,444.0
719,1377463591,435.0
719,1377463596,441.0
719,1377463601,438.0
719,1377463606,439.0
719,1377463611,443.0
719,1377463616,446.0
719,1377463621,443.0
719,1377463626,447.0
719,1377463631,443.0
719,1377463636,443.0
719,1377463641,439.0
719,1377463646,439.0
719,1377463651,448.0
719,1377463655,443.0
719,1377463661,448.0
719,1377463666,448.0
719,1377463671,439.0
719,1377463676,450.0
719,1377463681,443.0
719,1377463686,441.0
719,1377463691,438.0
719,1377463696,441.0
719,1377463701,440.0
719,1377463706,440.0
719,1377463711,444.0
719,1377463716,441.0
719,1377463721,448.0
719,1377463726,452.0
719,1377463731,454.0
719,1377463736,448.0
719,1377463741,448.0
719,1377463746,438.0
719,1377463751,444.0
719,1377463756,439.0
719,1377463761,446.0
719,1377463766,441.0
719,1377463771,439.0
719,1377463776,443.0
719,1377463781,444.0
719,1377463786,444.0
719,1377463791,444.0
719,1377463796,446.0
719,1377463801,448.0
719,1377463806,447.0
719,1377463811,447.0
719,1377463816,447.0
719,1377463821,439.0
719,1377463826,444.0
719,1377463831,431.0
719,1377463836,438.0
719,1377463841,430.0
719,1377463846,435.0
719,1377463851,433.0
719,1377463856,435.0
719,1377463861,440.0
719,1377463866,443.0
719,1377463871,439.0
719,1377463876,448.0
719,1377463881,444.0
719,1377463886,435.0
719,1377463891,433.0
719,1377463896,430.0
719,1377463901,425.0
719,1377463906,423.0
719,1377463911,422.0
719,1377463916,422.0
719,1377463921,418.0
719,1377463926,413.0
719,1377463931,422.0
719,1377463936,423.0
719,1377463941,429.0
719,1377463946,433.0
719,1377463951,435.0
719,1377463956,438.0
719,1377463961,435.0
719,1377463966,436.0
719,1377463971,434.0
719,1377463976,438.0
719,1377463981,444.0
719,1377463986,444.0
719,1377463991,439.0
719,1377463996,433.0
719,1377464001,440.0
719,1377464006,438.0
719,1377464011,440.0
719,1377464016,438.0
719,1377464021,435.0
719,1377464025,439.0
719,1377464031,438.0
719,1377464036,439.0
719,1377464041,441.0
719,1377464046,441.0
719,1377464051,438.0
719,1377464056,431.0
719,1377464061,433.0
719,1377464066,433.0
719,1377464071,427.0
719,1377464076,433.0
719,1377464081,430.0
719,1377464086,430.0
719,1377464091,429.0
719,1377464096,438.0
719,1377464101,429.0
719,1377464106,430.0
719,1377464111,428.0
719,1377464116,430.0
719,1377464121,422.0
719,1377464126,432.0
719,1377464131,438.0
719,1377464136,436.0
719,1377464141,435.0
719,1377464146,438.0
719,1377464151,433.0
719,1377464156,428.0
719,1377464161,423.0
719,1377464166,415.0
719,1377464171,424.0
719,1377464176,424.0
719,1377464181,428.0
719,1377464186,424.0
719,1377464191,415.0
719,1377464196,420.0
719,1377464201,417.0
719,1377464206,419.0
719,1377464211,425.0
719,1377464216,432.0
719,1377464221,430.0
719,1377464226,433.0
719,1377464230,438.0
719,1377464236,435.0
719,1377464241,433.0
719,1377464246,433.0
719,1377464251,434.0
719,1377464256,428.0
719,1377464261,429.0
719,1377464266,428.0
719,1377464271,428.0
719,1377464275,428.0
719,1377464281,423.0
719,1377464286,430.0
719,1377464291,425.0
719,1377464296,425.0
719,1377464301,425.0
719,1377464306,430.0
719,1377464311,430.0
719,1377464316,429.0
719,1377464321,429.0
719,1377464326,430.0
719,1377464331,435.0
719,1377464336,430.0
719,1377464341,428.0
719,1377464346,427.0
719,1377464350,428.0
719,1377464356,434.0
719,1377464361,433.0
719,1377464366,433.0
719,1377464371,425.0
719,1377464376,423.0
719,1377464381,413.0
719,1377464386,413.0
719,1377464391,409.0
719,1377464396,412.0
719,1377464400,407.0
719,1377464406,407.0
719,1377464411,412.0
719,1377464416,418.0
719,1377464421,422.0
719,1377464426,423.0
719,1377464431,427.0
719,1377464436,423.0
719,1377464441,419.0
719,1377464446,414.0
719,1377464451,407.0
719,1377464456,407.0
719,1377464461,413.0
719,1377464466,419.0
719,1377464471,419.0
719,1377464476,424.0
719,1377464481,422.0
719,1377464486,415.0
719,1377464491,423.0
719,1377464495,422.0
719,1377464500,424.0
719,1377464506,415.0
719,1377464511,419.0
719,1377464516,413.0
719,1377464521,413.0
719,1377464525,419.0
719,1377464531,419.0
719,1377464536,419.0
719,1377464541,422.0
719,1377464546,411.0
719,1377464551,412.0
719,1377464556,412.0
719,1377464561,408.0
719,1377464566,410.0
719,1377464571,416.0
719,1377464576,411.0
719,1377464581,424.0
719,1377464586,430.0
719,1377464591,430.0
719,1377464596,428.0
719,1377464601,427.0
719,1377464606,428.0
719,1377464611,425.0
719,1377464616,428.0
719,1377464621,423.0
719,1377464626,430.0
719,1377464631,424.0
719,1377464636,420.0
719,1377464641,419.0
719,1377464646,417.0
719,1377464651,412.0
719,1377464656,413.0
719,1377464660,418.0
719,1377464666,409.0
719,1377464671,407.0
719,1377464676,407.0
719,1377464680,409.0
719,1377464686,406.0
719,1377464691,409.0
719,1377464696,409.0
719,1377464701,412.0
719,1377464705,413.0
719,1377464711,417.0
719,1377464716,417.0
719,1377464720,419.0
719,1377464726,417.0
719,1377464730,422.0
719,1377464736,417.0
719,1377464741,425.0
719,1377464745,430.0
719,1377464750,429.0
719,1377464756,430.0
719,1377464761,425.0
719,1377464765,424.0
719,1377464770,415.0
719,1377464775,413.0
719,1377464781,413.0
719,1377464786,414.0
719,1377464791,407.0
719,1377464795,409.0
719,1377464801,406.0
719,1377464806,406.0
719,1377464811,411.0
719,1377464815,417.0
719,1377464820,424.0
719,1377464825,422.0
719,1377464831,424.0
719,1377464836,424.0
719,1377464841,422.0
719,1377464845,426.0
719,1377464850,417.0
719,1377464856,422.0
719,1377464860,409.0
719,1377464865,408.0
719,1377464871,406.0
719,1377464875,408.0
719,1377464881,407.0
719,1377464885,414.0
719,1377464890,413.0
719,1377464895,422.0
719,1377464900,411.0
719,1377464906,407.0
719,1377464910,404.0
719,1377464915,403.0
719,1377464920,401.0
719,1377464925,407.0
719,1377464931,409.0
719,1377464935,416.0
719,1377464940,414.0
719,1377464945,407.0
719,1377464951,412.0
719,1377464956,422.0
719,1377464961,422.0
719,1377464965,422.0
719,1377464971,411.0
719,1377464976,409.0
719,1377464981,407.0
719,1377464985,404.0
719,1377464991,401.0
719,1377464996,406.0
719,1377465000,406.0
719,1377465005,409.0
719,1377465011,408.0
719,1377465016,407.0
719,1377465021,413.0
719,1377465025,419.0
719,1377465031,419.0
719,1377465036,419.0
719,1377465041,420.0
719,1377465045,419.0
719,1377465050,417.0
719,1377465056,411.0
719,1377465061,409.0
719,1377465066,409.0
719,1377465070,409.0
719,1377465075,404.0
719,1377465081,403.0
719,1377465086,398.0
719,1377465091,397.0
719,1377465096,403.0
719,1377465100,412.0
719,1377465105,413.0
719,1377465111,407.0
719,1377465116,422.0
719,1377465121,408.0
719,1377465125,407.0
719,1377465131,403.0
719,1377465136,408.0
719,1377465141,409.0
719,1377465146,414.0
719,1377465150,409.0
719,1377465155,411.0
719,1377465161,407.0
719,1377465166,412.0
719,1377465170,406.0
719,1377465175,403.0
719,1377465180,403.0
719,1377465186,404.0
719,1377465190,398.0
719,1377465195,408.0
719,1377465200,408.0
719,1377465205,409.0
719,1377465211,420.0
719,1377465216,416.0
719,1377465220,409.0
719,1377465226,406.0
719,1377465230,409.0
719,1377465235,403.0
719,1377465241,404.0
719,1377465245,404.0
719,1377465250,409.0
719,1377465255,414.0
719,1377465260,412.0
719,1377465265,408.0
719,1377465270,397.0
719,1377465276,396.0
719,1377465281,393.0
719,1377465285,400.0
719,1377465290,404.0
719,1377465295,407.0
719,1377465301,418.0
719,1377465306,415.0
719,1377465311,413.0
719,1377465315,420.0
719,1377465320,413.0
719,1377465325,407.0
719,1377465330,409.0
719,1377465336,418.0
719,1377465341,408.0
719,1377465345,412.0
719,1377465351,406.0
719,1377465355,409.0
719,1377465361,412.0
719,1377465365,409.0
719,1377465370,414.0
719,1377465375,407.0
719,1377465381,401.0
719,1377465385,397.0
719,1377465390,401.0
719,1377465395,397.0
719,1377465400,403.0
719,1377465405,403.0
719,1377465410,399.0
719,1377465415,403.0
719,1377465421,401.0
719,1377465425,401.0
719,1377465430,401.0
719,1377465435,398.0
719,1377465441,402.0
719,1377465445,401.0
719,1377465450,400.0
719,1377465455,401.0
719,1377465460,398.0
719,1377465465,401.0
719,1377465471,403.0
719,1377465475,403.0
719,1377465480,399.0
719,1377465485,403.0
719,1377465490,404.0
719,1377465496,403.0
719,1377465500,404.0
719,1377465505,408.0
719,1377465510,408.0
719,1377465515,407.0
719,1377465520,406.0
719,1377465525,401.0
719,1377465530,398.0
719,1377465535,412.0
719,1377465541,412.0
719,1377465545,411.0
719,1377465550,419.0
719,1377465555,413.0
719,1377465560,425.0
719,1377465565,424.0
719,1377465571,425.0
719,1377465575,422.0
719,1377465580,419.0
719,1377465585,420.0
719,1377465590,414.0
719,1377465595,407.0
719,1377465600,401.0
719,1377465605,398.0
719,1377465610,396.0
719,1377465615,406.0
719,1377465620,404.0
719,1377465625,420.0
719,1377465630,411.0
719,1377465635,413.0
719,1377465640,419.0
719,1377465645,407.0
719,1377465650,412.0
719,1377465655,416.0
719,1377465660,409.0
719,1377465665,406.0
719,1377465670,408.0
719,1377465675,408.0
719,1377465680,406.0
719,1377465685,416.0
719,1377465690,413.0
719,1377465695,419.0
719,1377465700,419.0
719,1377465706,412.0
719,1377465710,409.0
719,1377465716,397.0
719,1377465721,391.0
719,1377465725,390.0
719,1377465730,392.0
719,1377465735,393.0
719,1377465740,401.0
719,1377465745,401.0
719,1377465750,401.0
719,1377465755,395.0
719,1377465760,398.0
719,1377465765,392.0
719,1377465770,392.0
719,1377465776,395.0
719,1377465780,396.0
719,1377465785,398.0
719,1377465790,404.0
719,1377465796,399.0
719,1377465800,404.0
719,1377465805,412.0
719,1377465810,416.0
719,1377465815,409.0
719,1377465821,412.0
719,1377465825,409.0
719,1377465830,409.0
719,1377465835,403.0
719,1377465840,401.0
719,1377465845,397.0
719,1377465850,398.0
719,1377465855,395.0
719,1377465860,391.0
719,1377465865,401.0
719,1377465870,398.0
719,1377465875,403.0
719,1377465880,399.0
719,1377465885,403.0
719,1377465890,398.0
719,1377465895,401.0
719,1377465900,398.0
719,1377465905,400.0
719,1377465910,398.0
719,1377465916,390.0
719,1377465920,396.0
719,1377465925,396.0
719,1377465930,398.0
719,1377465935,408.0
719,1377465940,409.0
719,1377465945,399.0
719,1377465950,406.0
719,1377465955,403.0
719,1377465960,406.0
719,1377465965,408.0
719,1377465970,409.0
719,1377465975,403.0
719,1377465980,398.0
719,1377465985,392.0
719,1377465990,393.0
719,1377465995,395.0
719,1377466001,404.0
719,1377466005,397.0
719,1377466010,408.0
719,1377466015,401.0
719,1377466020,400.0
719,1377466025,401.0
719,1377466030,408.0
719,1377466035,412.0
719,1377466040,411.0
719,1377466045,412.0
719,1377466050,409.0
719,1377466055,406.0
719,1377466060,408.0
719,1377466065,403.0
719,1377466070,396.0
719,1377466075,387.0
719,1377466080,392.0
719,1377466085,388.0
719,1377466090,393.0
719,1377466095,400.0
719,1377466100,402.0
719,1377466105,398.0
719,1377466110,398.0
719,1377466115,395.0
719,1377466120,398.0
719,1377466125,401.0
719,1377466130,404.0
719,1377466135,409.0
719,1377466140,403.0
719,1377466145,403.0
719,1377466150,401.0
719,1377466155,404.0
719,1377466160,404.0
719,1377466165,403.0
719,1377466170,397.0
719,1377466175,398.0
719,1377466180,396.0
719,1377466185,397.0
719,1377466190,402.0
719,1377466195,408.0
719,1377466200,408.0
719,1377466205,409.0
719,1377466210,403.0
719,1377466215,403.0
719,1377466220,404.0
719,1377466225,401.0
719,1377466230,401.0
719,1377466235,399.0
719,1377466240,406.0
719,1377466245,409.0
719,1377466250,409.0
719,1377466255,407.0
719,1377466260,414.0
719,1377466265,416.0
719,1377466270,407.0
719,1377466275,406.0
719,1377466280,404.0
719,1377466285,401.0
719,1377466290,401.0
719,1377466295,400.0
719,1377466300,404.0
719,1377466305,408.0
719,1377466310,407.0
719,1377466315,411.0
719,1377466320,422.0
719,1377466325,422.0
719,1377466330,418.0
719,1377466335,407.0
719,1377466340,403.0
719,1377466345,401.0
719,1377466350,397.0
719,1377466355,401.0
719,1377466360,402.0
719,1377466365,408.0
719,1377466370,401.0
719,1377466375,401.0
719,1377466380,396.0
719,1377466385,400.0
719,1377466390,398.0
719,1377466395,398.0
719,1377466400,395.0
719,1377466405,391.0
719,1377466410,396.0
719,1377466415,398.0
719,1377466420,398.0
719,1377466425,401.0
719,1377466430,396.0
719,1377466435,397.0
719,1377466440,401.0
719,1377466445,401.0
719,1377466450,397.0
719,1377466455,397.0
719,1377466460,401.0
719,1377466465,391.0
719,1377466470,401.0
719,1377466475,397.0
719,1377466480,399.0
719,1377466485,401.0
719,1377466490,406.0
719,1377466495,403.0
719,1377466500,404.0
719,1377466505,401.0
719,1377466510,403.0
719,1377466515,408.0
719,1377466520,406.0
719,1377466525,411.0
719,1377466530,412.0
719,1377466535,403.0
719,1377466540,404.0
719,1377466545,404.0
719,1377466550,403.0
719,1377466555,398.0
719,1377466560,404.0
719,1377466565,401.0
719,1377466570,398.0
719,1377466575,396.0
719,1377466580,396.0
719,1377466585,391.0
719,1377466590,396.0
719,1377466595,400.0
719,1377466600,396.0
719,1377466605,391.0
719,1377466610,396.0
719,1377466615,396.0
719,1377466620,398.0
719,1377466625,391.0
719,1377466630,391.0
719,1377466635,396.0
719,1377466640,391.0
719,1377466645,397.0
719,1377466650,395.0
719,1377466655,391.0
719,1377466660,396.0
719,1377466665,402.0
719,1377466670,401.0
719,1377466675,408.0
719,1377466680,406.0
719,1377466685,409.0
719,1377466690,408.0
719,1377466695,408.0
719,1377466700,406.0
719,1377466705,403.0
719,1377466710,403.0
719,1377466715,404.0
719,1377466720,407.0
719,1377466725,408.0
719,1377466730,407.0
719,1377466735,403.0
719,1377466740,408.0
719,1377466745,404.0
719,1377466750,401.0
719,1377466755,398.0
719,1377466760,401.0
719,1377466766,398.0
719,1377466770,393.0
719,1377466775,392.0
719,1377466780,393.0
719,1377466785,390.0
719,1377466790,398.0
719,1377466795,397.0
719,1377466800,403.0
719,1377466805,408.0
719,1377466810,412.0
719,1377466815,411.0
719,1377466820,418.0
719,1377466825,412.0
719,1377466830,407.0
719,1377466835,404.0
719,1377466840,403.0
719,1377466845,403.0
719,1377466850,397.0
719,1377466855,397.0
719,1377466860,395.0
719,1377466865,398.0
719,1377466870,396.0
719,1377466875,398.0
719,1377466880,395.0
719,1377466885,403.0
719,1377466890,400.0
719,1377466895,397.0
719,1377466900,404.0
719,1377466905,407.0
719,1377466910,404.0
719,1377466916,403.0
719,1377466920,397.0
719,1377466925,402.0
719,1377466930,401.0
719,1377466935,408.0
719,1377466940,408.0
719,1377466945,414.0
719,1377466950,408.0
719,1377466955,407.0
719,1377466960,398.0
719,1377466965,401.0
719,1377466970,403.0
719,1377466975,401.0
719,1377466980,403.0
719,1377466985,403.0
719,1377466990,403.0
719,1377466995,398.0
719,1377467000,403.0
719,1377467005,395.0
719,1377467010,395.0
719,1377467015,395.0
719,1377467020,400.0
719,1377467025,402.0
719,1377467030,408.0
719,1377467035,412.0
719,1377467040,418.0
719,1377467045,422.0
719,1377467050,415.0
719,1377467055,411.0
719,1377467060,412.0
719,1377467065,404.0
719,1377467070,403.0
719,1377467075,401.0
719,1377467080,401.0
719,1377467085,406.0
719,1377467090,405.0
719,1377467095,403.0
719,1377467100,403.0
719,1377467105,412.0
719,1377467110,403.0
719,1377467115,408.0
719,1377467120,403.0
719,1377467125,418.0
719,1377467130,409.0
719,1377467135,407.0
719,1377467140,408.0
719,1377467145,401.0
719,1377467150,397.0
719,1377467155,398.0
719,1377467160,401.0
719,1377467165,402.0
719,1377467170,404.0
719,1377467175,401.0
719,1377467180,406.0
719,1377467185,403.0
719,1377467190,407.0
719,1377467195,412.0
719,1377467200,412.0
719,1377467205,408.0
719,1377467210,409.0
719,1377467215,407.0
719,1377467220,407.0
719,1377467225,406.0
719,1377467230,412.0
719,1377467235,412.0
719,1377467240,412.0
719,1377467245,414.0
719,1377467250,412.0
719,1377467255,404.0
719,1377467260,406.0
719,1377467265,400.0
719,1377467270,398.0
719,1377467275,398.0
719,1377467280,401.0
719,1377467285,404.0
719,1377467290,397.0
719,1377467295,395.0
719,1377467300,390.0
719,1377467305,391.0
719,1377467310,398.0
719,1377467315,401.0
719,1377467320,404.0
719,1377467325,403.0
719,1377467333,401.0
719,1377467335,398.0
719,1377467340,396.0
719,1377467345,398.0
719,1377467350,391.0
719,1377467355,396.0
719,1377467360,393.0
719,1377467365,398.0
719,1377467370,402.0
719,1377467375,404.0
719,1377467380,403.0
719,1377467385,406.0
719,1377467390,401.0
719,1377467395,402.0
719,1377467400,401.0
719,1377467405,407.0
719,1377467410,412.0
719,1377467415,409.0
719,1377467420,409.0
719,1377467425,412.0
719,1377467430,408.0
719,1377467435,398.0
719,1377467440,396.0
719,1377467445,393.0
719,1377467450,392.0
719,1377467455,398.0
719,1377467460,395.0
719,1377467465,395.0
719,1377467470,398.0
719,1377467475,393.0
719,1377467480,396.0
719,1377467485,391.0
719,1377467490,401.0
719,1377467495,406.0
719,1377467500,406.0
719,1377467505,401.0
719,1377467510,414.0
719,1377467515,398.0
719,1377467520,391.0
719,1377467525,395.0
719,1377467530,395.0
719,1377467535,391.0
719,1377467540,390.0
719,1377467545,387.0
719,1377467550,392.0
719,1377467555,392.0
719,1377467560,391.0
719,1377467565,391.0
719,1377467570,393.0
719,1377467575,398.0
719,1377467580,401.0
719,1377467585,398.0
719,1377467590,403.0
719,1377467595,416.0
719,1377467600,406.0
719,1377467605,403.0
719,1377467610,398.0
719,1377467615,398.0
719,1377467620,390.0
719,1377467625,391.0
719,1377467630,393.0
719,1377467635,393.0
719,1377467640,391.0
719,1377467645,396.0
719,1377467650,391.0
719,1377467655,401.0
719,1377467660,403.0
719,1377467665,398.0
719,1377467670,401.0
719,1377467675,398.0
719,1377467680,398.0
719,1377467685,401.0
719,1377467690,398.0
719,1377467695,398.0
719,1377467700,398.0
719,1377467705,395.0
719,1377467710,393.0
719,1377467715,393.0
719,1377467720,400.0
719,1377467725,395.0
719,1377467730,398.0
719,1377467735,398.0
719,1377467740,400.0
719,1377467745,392.0
719,1377467750,390.0
719,1377467755,388.0
719,1377467760,391.0
719,1377467765,398.0
719,1377467770,395.0
719,1377467775,403.0
719,1377467780,408.0
719,1377467785,407.0
719,1377467790,407.0
719,1377467795,406.0
719,1377467800,407.0
719,1377467805,406.0
719,1377467810,403.0
719,1377467815,403.0
719,1377467820,399.0
719,1377467825,406.0
719,1377467830,403.0
719,1377467835,407.0
719,1377467840,411.0
719,1377467845,417.0
719,1377467850,411.0
719,1377467855,418.0
719,1377467860,403.0
719,1377467865,401.0
719,1377467870,403.0
719,1377467875,407.0
719,1377467880,409.0
719,1377467885,412.0
719,1377467890,408.0
719,1377467895,412.0
719,1377467900,402.0
719,1377467905,401.0
719,1377467910,406.0
719,1377467915,409.0
719,1377467920,407.0
719,1377467925,408.0
719,1377467930,407.0
719,1377467935,399.0
719,1377467940,403.0
719,1377467945,403.0
719,1377467950,406.0
719,1377467955,406.0
719,1377467960,398.0
719,1377467965,400.0
719,1377467970,400.0
719,1377467975,393.0
719,1377467980,396.0
719,1377467985,392.0
719,1377467990,392.0
719,1377467995,388.0
719,1377468000,393.0
719,1377468005,391.0
719,1377468010,400.0
719,1377468015,393.0
719,1377468020,398.0
719,1377468025,391.0
719,1377468030,396.0
719,1377468035,393.0
719,1377468040,396.0
719,1377468045,401.0
719,1377468050,398.0
719,1377468055,402.0
719,1377468060,398.0
719,1377468065,399.0
719,1377468070,401.0
719,1377468075,401.0
719,1377468080,398.0
719,1377468085,397.0
719,1377468090,401.0
719,1377468095,403.0
719,1377468100,397.0
719,1377468105,396.0
719,1377468110,398.0
719,1377468115,396.0
719,1377468120,393.0
719,1377468125,398.0
719,1377468130,404.0
719,1377468135,412.0
719,1377468140,412.0
719,1377468145,411.0
719,1377468150,416.0
719,1377468155,411.0
719,1377468160,407.0
719,1377468165,406.0
719,1377468170,393.0
719,1377468175,383.0
719,1377468180,392.0
719,1377468186,392.0
719,1377468190,396.0
719,1377468195,393.0
719,1377468200,398.0
719,1377468205,400.0
719,1377468210,391.0
719,1377468215,404.0
719,1377468220,407.0
719,1377468225,416.0
719,1377468230,417.0
719,1377468235,409.0
719,1377468240,414.0
719,1377468245,403.0
719,1377468250,406.0
719,1377468255,401.0
719,1377468260,400.0
719,1377468265,396.0
719,1377468270,398.0
719,1377468275,398.0
719,1377468280,397.0
719,1377468285,407.0
719,1377468290,407.0
719,1377468295,408.0
719,1377468300,404.0
719,1377468305,397.0
719,1377468310,401.0
719,1377468315,403.0
719,1377468320,397.0
719,1377468325,398.0
719,1377468330,401.0
719,1377468335,404.0
719,1377468340,404.0
719,1377468345,399.0
719,1377468350,403.0
719,1377468355,398.0
719,1377468360,403.0
719,1377468365,402.0
719,1377468370,403.0
719,1377468375,407.0
719,1377468380,408.0
719,1377468385,407.0
719,1377468390,401.0
719,1377468395,401.0
719,1377468400,391.0
719,1377468405,397.0
719,1377468410,406.0
719,1377468415,406.0
719,1377468420,398.0
719,1377468425,400.0
719,1377468430,398.0
719,1377468435,398.0
719,1377468440,395.0
719,1377468445,398.0
719,1377468450,401.0
719,1377468455,408.0
719,1377468460,409.0
719,1377468465,403.0
719,1377468470,403.0
719,1377468475,401.0
719,1377468480,402.0
719,1377468485,393.0
719,1377468490,398.0
719,1377468495,391.0
719,1377468500,400.0
719,1377468505,401.0
719,1377468510,403.0
719,1377468515,404.0
719,1377468520,404.0
719,1377468525,401.0
719,1377468530,403.0
719,1377468535,408.0
719,1377468540,406.0
719,1377468545,408.0
719,1377468550,409.0
719,1377468555,408.0
719,1377468560,406.0
719,1377468565,403.0
719,1377468570,404.0
719,1377468575,397.0
719,1377468580,397.0
719,1377468585,401.0
719,1377468590,399.0
719,1377468595,408.0
719,1377468600,411.0
719,1377468605,409.0
719,1377468610,406.0
719,1377468615,408.0
719,1377468620,397.0
719,1377468625,401.0
719,1377468630,401.0
719,1377468635,397.0
719,1377468640,396.0
719,1377468645,398.0
719,1377468650,391.0
719,1377468655,393.0
719,1377468660,390.0
719,1377468665,398.0
719,1377468670,398.0
719,1377468675,401.0
719,1377468680,398.0
719,1377468685,396.0
719,1377468690,401.0
719,1377468695,401.0
719,1377468700,408.0
719,1377468705,409.0
719,1377468710,408.0
719,1377468715,398.0
719,1377468720,397.0
719,1377468725,396.0
719,1377468730,400.0
719,1377468735,401.0
719,1377468740,408.0
719,1377468745,409.0
719,1377468750,418.0
719,1377468755,409.0
719,1377468760,409.0
719,1377468765,408.0
719,1377468770,408.0
719,1377468775,397.0
719,1377468780,401.0
719,1377468785,402.0
719,1377468790,408.0
719,1377468795,412.0
719,1377468800,412.0
719,1377468805,412.0
719,1377468810,404.0
719,1377468815,401.0
719,1377468820,396.0
719,1377468825,400.0
719,1377468830,403.0
719,1377468835,398.0
719,1377468840,399.0
719,1377468845,399.0
719,1377468850,401.0
719,1377468855,408.0
719,1377468860,412.0
719,1377468865,411.0
719,1377468870,408.0
719,1377468875,403.0
719,1377468880,401.0
719,1377468885,403.0
719,1377468890,401.0
719,1377468895,403.0
719,1377468900,397.0
719,1377468905,396.0
719,1377468910,393.0
719,1377468915,387.0
719,1377468920,396.0
719,1377468925,401.0
719,1377468930,401.0
719,1377468935,397.0
719,1377468940,395.0
719,1377468945,396.0
719,1377468950,396.0
719,1377468955,396.0
719,1377468960,395.0
719,1377468965,396.0
719,1377468970,398.0
719,1377468976,401.0
719,1377468980,403.0
719,1377468985,401.0
719,1377468990,403.0
719,1377468995,406.0
719,1377469000,404.0
719,1377469005,403.0
719,1377469010,405.0
719,1377469015,404.0
719,1377469020,404.0
719,1377469025,397.0
719,1377469030,393.0
719,1377469035,390.0
719,1377469040,396.0
719,1377469045,391.0
719,1377469050,399.0
719,1377469057,403.0
719,1377469060,406.0
719,1377469065,406.0
719,1377469070,408.0
719,1377469075,403.0
719,1377469080,403.0
719,1377469085,401.0
719,1377469090,398.0
719,1377469095,403.0
719,1377469100,401.0
719,1377469105,418.0
719,1377469110,409.0
719,1377469115,412.0
719,1377469120,406.0
719,1377469125,404.0
719,1377469130,398.0
719,1377469135,402.0
719,1377469140,398.0
719,1377469145,398.0
719,1377469150,398.0
719,1377469155,393.0
719,1377469160,400.0
719,1377469165,397.0
719,1377469170,401.0
719,1377469175,398.0
719,1377469180,401.0
719,1377469185,398.0
719,1377469190,396.0
719,1377469195,398.0
719,1377469200,401.0
719,1377469205,398.0
719,1377469210,403.0
719,1377469215,403.0
719,1377469220,403.0
719,1377469225,406.0
719,1377469230,409.0
719,1377469235,399.0
719,1377469240,403.0
719,1377469245,401.0
719,1377469250,401.0
719,1377469255,391.0
719,1377469260,400.0
719,1377469265,393.0
719,1377469270,395.0
719,1377469275,390.0
719,1377469280,390.0
719,1377469285,390.0
719,1377469290,392.0
719,1377469295,393.0
719,1377469300,393.0
719,1377469305,396.0
719,1377469310,398.0
719,1377469315,396.0
719,1377469320,401.0
719,1377469325,406.0
719,1377469330,398.0
719,1377469335,401.0
719,1377469340,398.0
719,1377469345,401.0
719,1377469350,403.0
719,1377469355,406.0
719,1377469360,396.0
719,1377469365,398.0
719,1377469370,398.0
719,1377469375,401.0
719,1377469380,396.0
719,1377469385,396.0
719,1377469390,391.0
719,1377469395,398.0
719,1377469400,395.0
719,1377469405,397.0
719,1377469410,403.0
719,1377469415,408.0
719,1377469420,399.0
719,1377469425,399.0
719,1377469430,398.0
719,1377469435,400.0
719,1377469440,398.0
719,1377469445,396.0
719,1377469450,398.0
719,1377469455,392.0
719,1377469460,390.0
719,1377469465,391.0
719,1377469470,398.0
719,1377469475,393.0
719,1377469480,398.0
719,1377469485,391.0
719,1377469490,396.0
719,1377469495,398.0
719,1377469500,396.0
719,1377469505,401.0
719,1377469510,401.0
719,1377469515,408.0
719,1377469520,412.0
719,1377469525,403.0
719,1377469530,403.0
719,1377469535,391.0
719,1377469540,393.0
719,1377469545,392.0
719,1377469550,391.0
719,1377469555,396.0
719,1377469560,401.0
719,1377469565,401.0
719,1377469570,401.0
719,1377469575,399.0
719,1377469580,403.0
719,1377469585,398.0
719,1377469590,398.0
719,1377469595,403.0
719,1377469600,408.0
719,1377469605,409.0
719,1377469610,403.0
719,1377469615,408.0
719,1377469620,400.0
719,1377469625,403.0
719,1377469630,401.0
719,1377469635,397.0
719,1377469640,398.0
719,1377469645,397.0
719,1377469650,402.0
719,1377469655,397.0
719,1377469660,403.0
719,1377469665,402.0
719,1377469670,401.0
719,1377469675,398.0
719,1377469680,396.0
719,1377469685,392.0
719,1377469690,388.0
719,1377469695,391.0
719,1377469700,396.0
719,1377469705,408.0
719,1377469710,409.0
719,1377469715,411.0
719,1377469720,412.0
719,1377469725,406.0
719,1377469730,409.0
719,1377469735,399.0
719,1377469740,404.0
719,1377469745,404.0
719,1377469750,407.0
719,1377469755,407.0
719,1377469760,409.0
719,1377469765,411.0
719,1377469770,411.0
719,1377469775,403.0
719,1377469780,404.0
719,1377469785,401.0
719,1377469790,404.0
719,1377469795,401.0
719,1377469800,401.0
719,1377469805,400.0
719,1377469810,395.0
719,1377469815,393.0
719,1377469820,393.0
719,1377469825,392.0
719,1377469830,398.0
719,1377469835,393.0
719,1377469840,401.0
719,1377469845,403.0
719,1377469850,412.0
719,1377469855,411.0
719,1377469860,412.0
719,1377469865,409.0
719,1377469870,408.0
719,1377469875,406.0
719,1377469880,399.0
719,1377469885,403.0
719,1377469890,408.0
719,1377469895,412.0
719,1377469900,404.0
719,1377469905,406.0
719,1377469910,401.0
719,1377469916,401.0
719,1377469920,401.0
719,1377469925,398.0
719,1377469930,391.0
719,1377469935,391.0
719,1377469940,391.0
719,1377469945,398.0
719,1377469950,397.0
719,1377469955,406.0
719,1377469960,403.0
719,1377469965,401.0
719,1377469970,401.0
719,1377469975,401.0
719,1377469980,397.0
719,1377469985,396.0
719,1377469990,397.0
719,1377469995,401.0
719,1377470000,403.0
719,1377470005,406.0
719,1377470010,408.0
719,1377470015,398.0
719,1377470020,406.0
719,1377470025,392.0
719,1377470030,393.0
719,1377470035,395.0
719,1377470040,398.0
719,1377470045,404.0
719,1377470050,408.0
719,1377470055,414.0
719,1377470060,406.0
719,1377470065,404.0
719,1377470070,403.0
719,1377470075,401.0
719,1377470080,396.0
719,1377470085,396.0
719,1377470090,396.0
719,1377470095,391.0
719,1377470100,396.0
719,1377470105,391.0
719,1377470110,401.0
719,1377470115,401.0
719,1377470120,406.0
719,1377470125,407.0
719,1377470130,403.0
719,1377470135,404.0
719,1377470140,406.0
719,1377470145,403.0
719,1377470150,403.0
719,1377470155,408.0
719,1377470160,401.0
719,1377470165,398.0
719,1377470170,391.0
719,1377470175,396.0
719,1377470180,391.0
719,1377470185,391.0
719,1377470190,401.0
719,1377470195,407.0
719,1377470200,411.0
719,1377470205,411.0
719,1377470210,397.0
719,1377470215,391.0
719,1377470220,392.0
719,1377470225,391.0
719,1377470230,390.0
719,1377470235,390.0
719,1377470240,392.0
719,1377470245,390.0
719,1377470250,387.0
719,1377470255,390.0
719,1377470260,398.0
719,1377470265,401.0
719,1377470270,398.0
719,1377470275,393.0
719,1377470280,397.0
719,1377470285,393.0
719,1377470290,391.0
719,1377470295,398.0
719,1377470300,401.0
719,1377470305,408.0
719,1377470310,412.0
719,1377470315,414.0
719,1377470320,409.0
719,1377470325,409.0
719,1377470330,409.0
719,1377470335,409.0
719,1377470340,412.0
719,1377470345,408.0
719,1377470350,409.0
719,1377470355,406.0
719,1377470360,403.0
719,1377470365,403.0
719,1377470370,397.0
719,1377470375,403.0
719,1377470380,398.0
719,1377470385,398.0
719,1377470390,401.0
719,1377470395,407.0
719,1377470400,408.0
719,1377470405,407.0
719,1377470410,406.0
719,1377470415,404.0
719,1377470420,408.0
719,1377470425,403.0
719,1377470430,404.0
719,1377470435,406.0
719,1377470440,401.0
719,1377470445,396.0
719,1377470450,396.0
719,1377470455,400.0
719,1377470460,398.0
719,1377470465,406.0
719,1377470470,406.0
719,1377470475,406.0
719,1377470480,401.0
719,1377470485,398.0
719,1377470490,397.0
719,1377470495,391.0
719,1377470500,391.0
719,1377470505,396.0
719,1377470510,391.0
719,1377470515,388.0
719,1377470520,393.0
719,1377470525,398.0
719,1377470530,396.0
719,1377470535,395.0
719,1377470540,396.0
719,1377470545,398.0
719,1377470550,397.0
719,1377470555,401.0
719,1377470560,406.0
719,1377470565,408.0
719,1377470570,406.0
719,1377470575,401.0
719,1377470580,391.0
719,1377470585,390.0
719,1377470590,383.0
719,1377470595,390.0
719,1377470600,398.0
719,1377470605,388.0
719,1377470610,385.0
719,1377470615,384.0
719,1377470620,385.0
719,1377470625,383.0
719,1377470630,393.0
719,1377470635,397.0
719,1377470640,393.0
719,1377470645,393.0
719,1377470650,398.0
719,1377470655,396.0
719,1377470660,393.0
719,1377470665,391.0
719,1377470670,393.0
719,1377470675,392.0
719,1377470680,388.0
719,1377470685,390.0
719,1377470690,393.0
719,1377470695,390.0
719,1377470700,391.0
719,1377470705,393.0
719,1377470710,391.0
719,1377470715,395.0
719,1377470720,395.0
719,1377470725,396.0
719,1377470730,395.0
719,1377470735,391.0
719,1377470740,393.0
719,1377470745,390.0
719,1377470750,387.0
719,1377470755,388.0
719,1377470760,383.0
719,1377470765,392.0
719,1377470770,397.0
719,1377470775,397.0
719,1377470780,401.0
719,1377470785,396.0
719,1377470790,393.0
719,1377470795,396.0
719,1377470800,393.0
719,1377470805,398.0
719,1377470810,395.0
719,1377470815,395.0
719,1377470820,396.0
719,1377470825,397.0
719,1377470830,391.0
719,1377470835,398.0
719,1377470840,391.0
719,1377470845,391.0
719,1377470850,393.0
719,1377470855,401.0
719,1377470860,399.0
719,1377470865,406.0
719,1377470870,396.0
719,1377470875,390.0
719,1377470880,392.0
719,1377470885,390.0
719,1377470890,395.0
719,1377470895,398.0
719,1377470900,401.0
719,1377470905,398.0
719,1377470910,403.0
719,1377470915,402.0
719,1377470920,398.0
719,1377470925,397.0
719,1377470930,393.0
719,1377470935,398.0
719,1377470940,404.0
719,1377470945,408.0
719,1377470950,416.0
719,1377470955,401.0
719,1377470960,397.0
719,1377470965,398.0
719,1377470970,396.0
719,1377470975,393.0
719,1377470980,390.0
719,1377470985,398.0
719,1377470990,398.0
719,1377470995,406.0
719,1377471000,412.0
719,1377471005,408.0
719,1377471010,407.0
719,1377471015,406.0
719,1377471020,402.0
719,1377471025,403.0
719,1377471030,412.0
719,1377471035,406.0
719,1377471040,408.0
719,1377471045,408.0
719,1377471050,403.0
719,1377471055,397.0
719,1377471060,395.0
719,1377471065,392.0
719,1377471070,388.0
719,1377471075,390.0
719,1377471080,390.0
719,1377471085,398.0
719,1377471090,398.0
719,1377471095,403.0
719,1377471100,403.0
719,1377471105,406.0
719,1377471110,398.0
719,1377471115,400.0
719,1377471120,391.0
719,1377471125,392.0
719,1377471130,392.0
719,1377471135,396.0
719,1377471140,396.0
719,1377471145,401.0
719,1377471150,401.0
719,1377471155,401.0
719,1377471160,401.0
719,1377471165,400.0
719,1377471170,401.0
719,1377471175,399.0
719,1377471180,406.0
719,1377471185,401.0
719,1377471190,406.0
719,1377471195,397.0
719,1377471200,398.0
719,1377471205,387.0
719,1377471210,393.0
719,1377471215,396.0
719,1377471220,395.0
719,1377471225,401.0
719,1377471230,398.0
719,1377471235,398.0
719,1377471240,398.0
719,1377471245,397.0
719,1377471250,408.0
719,1377471255,407.0
719,1377471260,406.0
719,1377471265,401.0
719,1377471270,401.0
719,1377471275,398.0
719,1377471280,398.0
719,1377471285,396.0
719,1377471290,398.0
719,1377471295,397.0
719,1377471300,398.0
719,1377471305,391.0
719,1377471310,395.0
719,1377471315,393.0
719,1377471320,398.0
719,1377471325,393.0
719,1377471330,396.0
719,1377471335,391.0
719,1377471340,393.0
719,1377471345,391.0
719,1377471350,391.0
719,1377471355,398.0
719,1377471360,398.0
719,1377471365,396.0
719,1377471370,400.0
719,1377471375,408.0
719,1377471380,407.0
719,1377471385,419.0
719,1377471390,415.0
719,1377471395,411.0
719,1377471400,398.0
719,1377471405,401.0
719,1377471410,396.0
719,1377471415,398.0
719,1377471420,393.0
719,1377471425,393.0
719,1377471430,396.0
719,1377471435,396.0
719,1377471440,396.0
719,1377471445,401.0
719,1377471450,403.0
719,1377471455,399.0
719,1377471460,409.0
719,1377471465,407.0
719,1377471470,413.0
719,1377471475,409.0
719,1377471480,407.0
719,1377471485,408.0
719,1377471490,412.0
719,1377471495,409.0
719,1377471500,407.0
719,1377471505,408.0
719,1377471510,403.0
719,1377471515,401.0
719,1377471520,401.0
719,1377471525,396.0
719,1377471530,400.0
719,1377471535,400.0
719,1377471540,398.0
719,1377471545,398.0
719,1377471550,401.0
719,1377471555,402.0
719,1377471560,397.0
719,1377471565,397.0
719,1377471570,396.0
719,1377471575,401.0
719,1377471580,404.0
719,1377471585,403.0
719,1377471590,409.0
719,1377471595,407.0
719,1377471600,409.0
719,1377471605,406.0
719,1377471610,401.0
719,1377471615,398.0
719,1377471620,398.0
719,1377471625,402.0
719,1377471630,403.0
719,1377471635,404.0
719,1377471640,398.0
719,1377471645,401.0
719,1377471650,396.0
719,1377471655,400.0
719,1377471660,398.0
719,1377471668,398.0
719,1377471670,383.0
719,1377471675,385.0
719,1377471680,391.0
719,1377471685,393.0
719,1377471690,401.0
719,1377471695,403.0
719,1377471700,404.0
719,1377471705,398.0
719,1377471710,401.0
719,1377471715,398.0
719,1377471720,395.0
719,1377471725,396.0
719,1377471730,391.0
719,1377471735,393.0
719,1377471740,395.0
719,1377471745,401.0
719,1377471750,408.0
719,1377471755,409.0
719,1377471760,409.0
719,1377471765,407.0
719,1377471771,403.0
719,1377471775,393.0
719,1377471780,391.0
719,1377471785,398.0
719,1377471790,391.0
719,1377471795,396.0
719,1377471800,397.0
719,1377471805,404.0
719,1377471810,404.0
719,1377471815,398.0
719,1377471820,401.0
719,1377471825,401.0
719,1377471830,399.0
719,1377471835,403.0
719,1377471840,403.0
719,1377471845,399.0
719,1377471850,403.0
719,1377471855,408.0
719,1377471860,411.0
719,1377471865,411.0
719,1377471870,413.0
719,1377471875,411.0
719,1377471880,413.0
719,1377471885,411.0
719,1377471890,416.0
719,1377471895,412.0
719,1377471900,403.0
719,1377471905,401.0
719,1377471910,401.0
719,1377471915,401.0
719,1377471920,395.0
719,1377471925,396.0
719,1377471930,396.0
719,1377471935,390.0
719,1377471940,393.0
719,1377471945,393.0
719,1377471950,396.0
719,1377471955,401.0
719,1377471960,398.0
719,1377471965,403.0
719,1377471970,403.0
719,1377471975,398.0
719,1377471980,393.0
719,1377471985,391.0
719,1377471990,395.0
719,1377471995,398.0
719,1377472000,406.0
719,1377472005,401.0
719,1377472010,406.0
719,1377472015,397.0
719,1377472020,397.0
719,1377472025,400.0
719,1377472030,401.0
719,1377472035,403.0
719,1377472040,403.0
719,1377472045,406.0
719,1377472050,404.0
719,1377472055,399.0
719,1377472060,404.0
719,1377472065,403.0
719,1377472070,400.0
719,1377472075,398.0
719,1377472080,393.0
719,1377472085,392.0
719,1377472090,391.0
719,1377472095,392.0
719,1377472100,398.0
719,1377472105,396.0
719,1377472110,396.0
719,1377472115,391.0
719,1377472120,391.0
719,1377472125,400.0
719,1377472130,401.0
719,1377472135,407.0
719,1377472140,406.0
719,1377472145,409.0
719,1377472150,409.0
719,1377472155,412.0
719,1377472160,398.0
719,1377472165,400.0
719,1377472170,391.0
719,1377472175,398.0
719,1377472180,406.0
719,1377472185,401.0
719,1377472190,401.0
719,1377472195,398.0
719,1377472200,391.0
719,1377472205,391.0
719,1377472210,398.0
719,1377472215,395.0
719,1377472220,400.0
719,1377472225,403.0
719,1377472230,397.0
719,1377472235,401.0
719,1377472240,404.0
719,1377472245,397.0
719,1377472250,401.0
719,1377472255,398.0
719,1377472260,398.0
719,1377472265,398.0
719,1377472270,398.0
719,1377472275,397.0
719,1377472280,401.0
719,1377472285,401.0
719,1377472290,408.0
719,1377472295,396.0
719,1377472300,395.0
719,1377472305,396.0
719,1377472310,391.0
719,1377472315,396.0
719,1377472320,398.0
719,1377472325,397.0
719,1377472330,393.0
719,1377472335,395.0
719,1377472340,390.0
719,1377472345,392.0
719,1377472350,393.0
719,1377472355,393.0
719,1377472360,398.0
719,1377472365,402.0
719,1377472370,412.0
719,1377472375,413.0
719,1377472380,415.0
719,1377472385,420.0
719,1377472390,418.0
719,1377472395,412.0
719,1377472400,402.0
719,1377472405,408.0
719,1377472410,406.0
719,1377472415,404.0
719,1377472420,398.0
719,1377472425,400.0
719,1377472430,400.0
719,1377472435,406.0
719,1377472440,403.0
719,1377472445,402.0
719,1377472450,403.0
719,1377472455,409.0
719,1377472460,406.0
719,1377472465,398.0
719,1377472470,403.0
719,1377472475,398.0
719,1377472480,403.0
719,1377472485,403.0
719,1377472490,403.0
719,1377472495,409.0
719,1377472500,412.0
719,1377472505,412.0
719,1377472510,422.0
719,1377472515,411.0
719,1377472520,412.0
719,1377472525,404.0
719,1377472530,403.0
719,1377472535,398.0
719,1377472540,396.0
719,1377472545,395.0
719,1377472550,393.0
719,1377472555,400.0
719,1377472562,396.0
719,1377472565,398.0
719,1377472570,395.0
719,1377472575,398.0
719,1377472580,398.0
719,1377472585,400.0
719,1377472590,401.0
719,1377472595,401.0
719,1377472600,404.0
719,1377472605,406.0
719,1377472610,397.0
719,1377472615,395.0
719,1377472620,391.0
719,1377472625,393.0
719,1377472630,396.0
719,1377472635,396.0
719,1377472640,400.0
719,1377472645,401.0
719,1377472650,402.0
719,1377472655,398.0
719,1377472660,400.0
719,1377472665,403.0
719,1377472670,401.0
719,1377472675,406.0
719,1377472680,409.0
719,1377472685,409.0
719,1377472690,412.0
719,1377472695,408.0
719,1377472700,402.0
719,1377472705,387.0
719,1377472710,387.0
719,1377472715,396.0
719,1377472720,393.0
719,1377472725,397.0
719,1377472730,399.0
719,1377472735,404.0
719,1377472740,403.0
719,1377472745,401.0
719,1377472750,403.0
719,1377472755,401.0
719,1377472760,400.0
719,1377472765,404.0
719,1377472770,403.0
719,1377472775,398.0
719,1377472780,396.0
719,1377472785,396.0
719,1377472790,397.0
719,1377472795,396.0
719,1377472800,397.0
719,1377472805,406.0
719,1377472810,406.0
719,1377472815,403.0
719,1377472820,404.0
719,1377472825,403.0
719,1377472830,400.0
719,1377472835,398.0
719,1377472840,406.0
719,1377472845,403.0
719,1377472850,408.0
719,1377472855,408.0
719,1377472860,407.0
719,1377472865,407.0
719,1377472870,406.0
719,1377472875,407.0
719,1377472880,416.0
719,1377472885,420.0
719,1377472890,403.0
719,1377472895,406.0
719,1377472900,398.0
719,1377472905,400.0
719,1377472910,402.0
719,1377472915,412.0
719,1377472920,406.0
719,1377472925,403.0
719,1377472930,403.0
719,1377472935,404.0
719,1377472940,401.0
719,1377472945,399.0
719,1377472950,398.0
719,1377472955,401.0
719,1377472960,400.0
719,1377472965,402.0
719,1377472970,398.0
719,1377472975,398.0
719,1377472980,393.0
719,1377472985,395.0
719,1377472990,393.0
719,1377472995,392.0
719,1377473000,390.0
719,1377473005,385.0
719,1377473010,385.0
719,1377473015,390.0
719,1377473020,393.0
719,1377473025,396.0
719,1377473030,401.0
719,1377473035,404.0
719,1377473040,409.0
719,1377473045,406.0
719,1377473050,398.0
719,1377473055,398.0
719,1377473060,401.0
719,1377473065,401.0
719,1377473070,397.0
719,1377473075,401.0
719,1377473080,399.0
719,1377473085,408.0
719,1377473090,412.0
719,1377473095,407.0
719,1377473100,401.0
719,1377473105,398.0
719,1377473110,387.0
719,1377473115,388.0
719,1377473120,388.0
719,1377473125,392.0
719,1377473130,396.0
719,1377473135,395.0
719,1377473140,398.0
719,1377473145,399.0
719,1377473150,408.0
719,1377473155,418.0
719,1377473160,407.0
719,1377473165,407.0
719,1377473170,408.0
719,1377473175,402.0
719,1377473180,398.0
719,1377473185,403.0
719,1377473190,408.0
719,1377473195,406.0
719,1377473200,404.0
719,1377473205,403.0
719,1377473210,398.0
719,1377473215,401.0
719,1377473220,402.0
719,1377473225,397.0
719,1377473230,396.0
719,1377473235,401.0
719,1377473240,408.0
719,1377473245,407.0
719,1377473250,420.0
719,1377473255,412.0
719,1377473260,406.0
719,1377473265,403.0
719,1377473270,403.0
719,1377473275,403.0
719,1377473280,406.0
719,1377473285,404.0
719,1377473290,403.0
719,1377473295,401.0
719,1377473300,398.0
719,1377473305,396.0
719,1377473310,396.0
719,1377473315,393.0
719,1377473320,391.0
719,1377473325,390.0
719,1377473330,392.0
719,1377473335,387.0
719,1377473340,396.0
719,1377473345,403.0
719,1377473350,407.0
719,1377473355,411.0
719,1377473360,409.0
719,1377473365,403.0
719,1377473370,396.0
719,1377473375,391.0
719,1377473380,396.0
719,1377473385,391.0
719,1377473390,398.0
719,1377473395,402.0
719,1377473400,399.0
719,1377473405,409.0
719,1377473410,409.0
719,1377473415,412.0
719,1377473420,409.0
719,1377473427,404.0
719,1377473430,403.0
719,1377473435,401.0
719,1377473440,396.0
719,1377473445,396.0
719,1377473450,391.0
719,1377473455,390.0
719,1377473460,392.0
719,1377473465,398.0
719,1377473470,398.0
719,1377473475,398.0
719,1377473480,401.0
719,1377473485,391.0
719,1377473490,391.0
719,1377473495,395.0
719,1377473500,396.0
719,1377473505,392.0
719,1377473510,390.0
719,1377473515,383.0
719,1377473520,398.0
719,1377473525,391.0
719,1377473530,398.0
719,1377473535,395.0
719,1377473540,395.0
719,1377473545,391.0
719,1377473550,398.0
719,1377473555,398.0
719,1377473560,399.0
719,1377473565,403.0
719,1377473570,398.0
719,1377473575,402.0
719,1377473580,406.0
719,1377473585,404.0
719,1377473590,403.0
719,1377473595,406.0
719,1377473600,404.0
719,1377473605,406.0
719,1377473610,406.0
719,1377473615,401.0
719,1377473620,397.0
719,1377473625,401.0
719,1377473630,404.0
719,1377473635,406.0
719,1377473640,403.0
719,1377473645,401.0
719,1377473650,398.0
719,1377473655,395.0
719,1377473660,395.0
719,1377473665,397.0
719,1377473670,393.0
719,1377473675,396.0
719,1377473680,396.0
719,1377473685,398.0
719,1377473690,391.0
719,1377473695,395.0
719,1377473700,396.0
719,1377473705,401.0
719,1377473710,401.0
719,1377473715,401.0
719,1377473720,401.0
719,1377473725,398.0
719,1377473730,403.0
719,1377473735,401.0
719,1377473740,395.0
719,1377473745,387.0
719,1377473750,392.0
719,1377473755,383.0
719,1377473760,383.0
719,1377473765,392.0
719,1377473770,396.0
719,1377473775,395.0
719,1377473780,401.0
719,1377473785,406.0
719,1377473790,397.0
719,1377473795,393.0
719,1377473800,396.0
719,1377473805,391.0
719,1377473810,398.0
719,1377473815,400.0
719,1377473820,401.0
719,1377473825,399.0
719,1377473830,401.0
719,1377473835,395.0
719,1377473840,390.0
719,1377473845,390.0
719,1377473850,392.0
719,1377473855,393.0
719,1377473860,400.0
719,1377473865,404.0
719,1377473870,399.0
719,1377473875,409.0
719,1377473880,404.0
719,1377473885,404.0
719,1377473890,401.0
719,1377473895,401.0
719,1377473900,393.0
719,1377473905,400.0
719,1377473910,402.0
719,1377473915,404.0
719,1377473920,408.0
719,1377473925,408.0
719,1377473930,406.0
719,1377473935,398.0
719,1377473940,397.0
719,1377473945,398.0
719,1377473950,397.0
719,1377473955,408.0
719,1377473960,411.0
719,1377473965,419.0
719,1377473970,419.0
719,1377473975,411.0
719,1377473980,418.0
719,1377473985,407.0
719,1377473990,403.0
719,1377473995,398.0
719,1377474000,401.0
719,1377474005,401.0
719,1377474010,401.0
719,1377474015,398.0
719,1377474020,391.0
719,1377474025,393.0
719,1377474030,395.0
719,1377474035,401.0
719,1377474040,398.0
719,1377474045,396.0
719,1377474050,396.0
719,1377474055,393.0
719,1377474060,391.0
719,1377474065,396.0
719,1377474070,403.0
719,1377474075,398.0
719,1377474080,401.0
719,1377474085,395.0
719,1377474090,400.0
719,1377474095,397.0
719,1377474100,398.0
719,1377474105,400.0
719,1377474110,396.0
719,1377474115,393.0
719,1377474120,391.0
719,1377474125,396.0
719,1377474130,401.0
719,1377474135,408.0
719,1377474140,408.0
719,1377474145,405.0
719,1377474150,406.0
719,1377474155,403.0
719,1377474160,408.0
719,1377474165,407.0
719,1377474170,412.0
719,1377474175,409.0
719,1377474180,404.0
719,1377474185,400.0
719,1377474190,398.0
719,1377474195,396.0
719,1377474200,396.0
719,1377474205,398.0
719,1377474210,398.0
719,1377474215,390.0
719,1377474220,392.0
719,1377474225,390.0
719,1377474230,388.0
719,1377474235,392.0
719,1377474240,391.0
719,1377474245,414.0
719,1377474250,412.0
719,1377474255,411.0
719,1377474260,412.0
719,1377474265,404.0
719,1377474270,401.0
719,1377474275,397.0
719,1377474280,398.0
719,1377474285,398.0
719,1377474292,398.0
719,1377474295,404.0
719,1377474300,403.0
719,1377474305,404.0
719,1377474310,401.0
719,1377474315,392.0
719,1377474320,385.0
719,1377474325,385.0
719,1377474330,392.0
719,1377474335,396.0
719,1377474340,401.0
719,1377474345,391.0
719,1377474350,387.0
719,1377474355,383.0
719,1377474360,383.0
719,1377474365,383.0
719,1377474370,396.0
719,1377474375,406.0
719,1377474380,408.0
719,1377474385,403.0
719,1377474390,402.0
719,1377474395,397.0
719,1377474400,402.0
719,1377474405,406.0
719,1377474410,398.0
719,1377474415,403.0
719,1377474420,408.0
719,1377474425,406.0
719,1377474430,406.0
719,1377474435,404.0
719,1377474440,406.0
719,1377474445,401.0
719,1377474450,398.0
719,1377474455,396.0
719,1377474460,398.0
719,1377474465,403.0
719,1377474470,401.0
719,1377474475,408.0
719,1377474480,408.0
719,1377474485,402.0
719,1377474490,398.0
719,1377474495,397.0
719,1377474500,401.0
719,1377474505,408.0
719,1377474510,407.0
719,1377474515,407.0
719,1377474520,412.0
719,1377474525,399.0
719,1377474530,401.0
719,1377474535,398.0
719,1377474540,398.0
719,1377474545,404.0
719,1377474550,418.0
719,1377474555,403.0
719,1377474560,403.0
719,1377474565,403.0
719,1377474570,401.0
719,1377474575,401.0
719,1377474580,400.0
719,1377474585,404.0
719,1377474590,406.0
719,1377474595,403.0
719,1377474600,403.0
719,1377474605,401.0
719,1377474610,390.0
719,1377474615,393.0
719,1377474620,390.0
719,1377474625,401.0
719,1377474630,406.0
719,1377474635,408.0
719,1377474640,412.0
719,1377474645,407.0
719,1377474650,407.0
719,1377474655,408.0
719,1377474660,401.0
719,1377474665,403.0
719,1377474670,398.0
719,1377474675,401.0
719,1377474680,396.0
719,1377474685,390.0
719,1377474690,391.0
719,1377474695,391.0
719,1377474700,398.0
719,1377474705,403.0
719,1377474710,403.0
719,1377474715,404.0
719,1377474720,404.0
719,1377474725,402.0
719,1377474730,406.0
719,1377474735,401.0
719,1377474740,397.0
719,1377474745,398.0
719,1377474750,396.0
719,1377474755,398.0
719,1377474760,404.0
719,1377474765,406.0
719,1377474770,408.0
719,1377474775,401.0
719,1377474780,398.0
719,1377474785,391.0
719,1377474790,396.0
719,1377474795,396.0
719,1377474801,395.0
719,1377474805,396.0
719,1377474810,393.0
719,1377474815,396.0
719,1377474820,391.0
719,1377474825,398.0
719,1377474830,398.0
719,1377474835,401.0
719,1377474840,403.0
719,1377474845,401.0
719,1377474850,403.0
719,1377474855,398.0
719,1377474860,402.0
719,1377474865,403.0
719,1377474870,403.0
719,1377474875,397.0
719,1377474880,397.0
719,1377474885,393.0
719,1377474890,393.0
719,1377474895,395.0
719,1377474900,401.0
719,1377474905,399.0
719,1377474910,403.0
719,1377474915,408.0
719,1377474920,401.0
719,1377474925,403.0
719,1377474930,401.0
719,1377474935,398.0
719,1377474940,401.0
719,1377474945,397.0
719,1377474950,397.0
719,1377474955,398.0
719,1377474960,391.0
719,1377474965,403.0
719,1377474970,402.0
719,1377474975,406.0
719,1377474980,403.0
719,1377474985,398.0
719,1377474990,398.0
719,1377474995,391.0
719,1377475000,393.0
719,1377475005,393.0
719,1377475010,395.0
719,1377475015,391.0
719,1377475020,398.0
719,1377475025,396.0
719,1377475030,391.0
719,1377475035,398.0
719,1377475040,404.0
719,1377475045,412.0
719,1377475050,413.0
719,1377475055,407.0
719,1377475060,407.0
719,1377475065,399.0
719,1377475070,401.0
719,1377475075,398.0
719,1377475080,398.0
719,1377475085,398.0
719,1377475090,396.0
719,1377475095,396.0
719,1377475100,391.0
719,1377475105,398.0
719,1377475110,398.0
719,1377475115,402.0
719,1377475120,403.0
719,1377475125,403.0
719,1377475133,406.0
719,1377475135,408.0
719,1377475140,401.0
719,1377475145,403.0
719,1377475150,395.0
719,1377475155,395.0
719,1377475160,398.0
719,1377475165,403.0
719,1377475170,408.0
719,1377475175,407.0
719,1377475180,408.0
719,1377475185,408.0
719,1377475190,409.0
719,1377475195,408.0
719,1377475200,404.0
719,1377475205,397.0
719,1377475210,391.0
719,1377475215,393.0
719,1377475220,391.0
719,1377475225,390.0
719,1377475230,391.0
719,1377475235,397.0
719,1377475240,401.0
719,1377475245,403.0
719,1377475250,408.0
719,1377475255,408.0
719,1377475261,408.0
719,1377475265,397.0
719,1377475270,398.0
719,1377475275,390.0
719,1377475280,396.0
719,1377475285,393.0
719,1377475290,392.0
719,1377475295,393.0
719,1377475300,391.0
719,1377475305,385.0
719,1377475310,383.0
719,1377475315,383.0
719,1377475320,391.0
719,1377475325,396.0
719,1377475330,395.0
719,1377475335,398.0
719,1377475340,395.0
719,1377475345,401.0
719,1377475350,401.0
719,1377475355,398.0
719,1377475360,396.0
719,1377475365,395.0
719,1377475370,395.0
719,1377475375,395.0
719,1377475380,400.0
719,1377475385,399.0
719,1377475390,398.0
719,1377475395,404.0
719,1377475400,403.0
719,1377475405,404.0
719,1377475410,403.0
719,1377475415,409.0
719,1377475420,398.0
719,1377475425,403.0
719,1377475430,401.0
719,1377475435,401.0
719,1377475440,404.0
719,1377475445,398.0
719,1377475450,396.0
719,1377475455,396.0
719,1377475460,397.0
719,1377475465,403.0
719,1377475470,406.0
719,1377475475,406.0
719,1377475480,404.0
719,1377475485,408.0
719,1377475490,407.0
719,1377475495,401.0
719,1377475500,406.0
719,1377475505,406.0
719,1377475510,403.0
719,1377475515,406.0
719,1377475520,407.0
719,1377475525,400.0
719,1377475530,395.0
719,1377475535,393.0
719,1377475540,391.0
719,1377475545,400.0
719,1377475550,403.0
719,1377475555,408.0
719,1377475560,407.0
719,1377475565,409.0
719,1377475570,407.0
719,1377475575,408.0
719,1377475580,407.0
719,1377475585,407.0
719,1377475590,404.0
719,1377475595,403.0
719,1377475600,395.0
719,1377475605,396.0
719,1377475610,396.0
719,1377475615,396.0
719,1377475620,398.0
719,1377475625,396.0
719,1377475630,401.0
719,1377475635,401.0
719,1377475640,406.0
719,1377475645,404.0
719,1377475650,396.0
719,1377475655,396.0
719,1377475660,390.0
719,1377475665,396.0
719,1377475670,396.0
719,1377475675,393.0
719,1377475680,392.0
719,1377475685,398.0
719,1377475690,390.0
719,1377475695,390.0
719,1377475700,398.0
719,1377475705,396.0
719,1377475710,391.0
719,1377475715,400.0
719,1377475720,395.0
719,1377475725,400.0
719,1377475730,397.0
719,1377475735,404.0
719,1377475740,404.0
719,1377475745,409.0
719,1377475750,409.0
719,1377475755,413.0
719,1377475760,413.0
719,1377475765,408.0
719,1377475770,403.0
719,1377475775,398.0
719,1377475780,401.0
719,1377475785,398.0
719,1377475790,404.0
719,1377475795,400.0
719,1377475800,398.0
719,1377475805,390.0
719,1377475810,392.0
719,1377475815,393.0
719,1377475820,390.0
719,1377475825,392.0
719,1377475830,387.0
719,1377475835,391.0
719,1377475840,393.0
719,1377475845,391.0
719,1377475850,400.0
719,1377475855,395.0
719,1377475860,401.0
719,1377475865,397.0
719,1377475870,403.0
719,1377475875,404.0
719,1377475880,398.0
719,1377475885,404.0
719,1377475890,398.0
719,1377475895,398.0
719,1377475900,398.0
719,1377475905,401.0
719,1377475910,401.0
719,1377475915,406.0
719,1377475920,399.0
719,1377475925,406.0
719,1377475930,400.0
719,1377475935,396.0
719,1377475940,396.0
719,1377475945,397.0
719,1377475950,403.0
719,1377475955,406.0
719,1377475960,404.0
719,1377475965,406.0
719,1377475970,404.0
719,1377475975,403.0
719,1377475980,401.0
719,1377475988,395.0
719,1377475990,395.0
719,1377475995,398.0
719,1377476000,401.0
719,1377476005,408.0
719,1377476010,416.0
719,1377476015,408.0
719,1377476020,408.0
719,1377476025,401.0
719,1377476030,406.0
719,1377476035,402.0
719,1377476040,398.0
719,1377476045,401.0
719,1377476050,395.0
719,1377476055,390.0
719,1377476060,390.0
719,1377476065,392.0
719,1377476070,391.0
719,1377476075,393.0
719,1377476080,398.0
719,1377476085,414.0
719,1377476090,406.0
719,1377476095,404.0
719,1377476100,399.0
719,1377476105,400.0
719,1377476110,393.0
719,1377476115,396.0
719,1377476120,401.0
719,1377476125,401.0
719,1377476130,401.0
719,1377476135,406.0
719,1377476140,399.0
719,1377476145,398.0
719,1377476150,396.0
719,1377476155,396.0
719,1377476160,392.0
719,1377476165,396.0
719,1377476170,395.0
719,1377476175,401.0
719,1377476180,397.0
719,1377476185,398.0
719,1377476190,398.0
719,1377476195,397.0
719,1377476200,401.0
719,1377476205,398.0
719,1377476210,401.0
719,1377476215,398.0
719,1377476220,398.0
719,1377476225,404.0
719,1377476230,397.0
719,1377476235,401.0
719,1377476240,391.0
719,1377476245,398.0
719,1377476250,390.0
719,1377476255,391.0
719,1377476260,393.0
719,1377476265,391.0
719,1377476270,398.0
719,1377476275,396.0
719,1377476280,395.0
719,1377476285,391.0
719,1377476290,401.0
719,1377476295,401.0
719,1377476300,403.0
719,1377476305,393.0
719,1377476310,393.0
719,1377476315,388.0
719,1377476320,387.0
719,1377476325,391.0
719,1377476330,395.0
719,1377476335,396.0
719,1377476340,396.0
719,1377476345,396.0
719,1377476350,392.0
719,1377476355,391.0
719,1377476360,392.0
719,1377476365,392.0
719,1377476370,390.0
719,1377476375,390.0
719,1377476380,384.0
719,1377476385,383.0
719,1377476390,401.0
719,1377476395,399.0
719,1377476400,406.0
719,1377476405,403.0
719,1377476410,398.0
719,1377476415,396.0
719,1377476420,392.0
719,1377476425,396.0
719,1377476430,390.0
719,1377476435,398.0
719,1377476440,397.0
719,1377476445,396.0
719,1377476450,398.0
719,1377476455,396.0
719,1377476460,393.0
719,1377476465,395.0
719,1377476470,396.0
719,1377476475,398.0
719,1377476480,395.0
719,1377476485,400.0
719,1377476490,398.0
719,1377476495,395.0
719,1377476500,396.0
719,1377476505,398.0
719,1377476510,398.0
719,1377476515,401.0
719,1377476520,398.0
719,1377476525,398.0
719,1377476530,408.0
719,1377476535,406.0
719,1377476540,403.0
719,1377476545,401.0
719,1377476550,391.0
719,1377476555,391.0
719,1377476560,392.0
719,1377476565,391.0
719,1377476570,398.0
719,1377476575,392.0
719,1377476580,393.0
719,1377476585,392.0
719,1377476590,393.0
719,1377476595,392.0
719,1377476600,393.0
719,1377476605,393.0
719,1377476610,397.0
719,1377476615,402.0
719,1377476620,398.0
719,1377476625,398.0
719,1377476630,400.0
719,1377476635,401.0
719,1377476640,406.0
719,1377476645,422.0
719,1377476650,407.0
719,1377476655,409.0
719,1377476660,400.0
719,1377476665,391.0
719,1377476670,391.0
719,1377476675,393.0
719,1377476680,394.0
719,1377476685,398.0
719,1377476690,391.0
719,1377476695,398.0
719,1377476700,396.0
719,1377476705,396.0
719,1377476710,393.0
719,1377476715,398.0
719,1377476720,396.0
719,1377476725,402.0
719,1377476730,398.0
719,1377476735,390.0
719,1377476740,390.0
719,1377476745,391.0
719,1377476750,391.0
719,1377476755,393.0
719,1377476760,393.0
719,1377476765,391.0
719,1377476770,396.0
719,1377476775,398.0
719,1377476780,414.0
719,1377476785,404.0
719,1377476790,408.0
719,1377476795,404.0
719,1377476800,408.0
719,1377476805,399.0
719,1377476810,403.0
719,1377476815,391.0
719,1377476820,390.0
719,1377476825,387.0
719,1377476830,383.0
719,1377476835,385.0
719,1377476840,390.0
719,1377476845,393.0
719,1377476850,401.0
719,1377476855,404.0
719,1377476860,409.0
719,1377476867,407.0
719,1377476870,412.0
719,1377476875,403.0
719,1377476880,403.0
719,1377476885,401.0
719,1377476890,398.0
719,1377476895,396.0
719,1377476900,387.0
719,1377476905,393.0
719,1377476910,390.0
719,1377476915,396.0
719,1377476920,393.0
719,1377476925,391.0
719,1377476930,395.0
719,1377476935,401.0
719,1377476940,396.0
719,1377476945,393.0
719,1377476950,400.0
719,1377476955,398.0
719,1377476960,404.0
719,1377476965,399.0
719,1377476970,403.0
719,1377476975,404.0
719,1377476980,401.0
719,1377476985,401.0
719,1377476990,398.0
719,1377476995,398.0
719,1377477000,396.0
719,1377477005,396.0
719,1377477010,396.0
719,1377477015,391.0
719,1377477020,391.0
719,1377477025,396.0
719,1377477030,398.0
719,1377477035,391.0
719,1377477040,392.0
719,1377477045,388.0
719,1377477050,392.0
719,1377477055,392.0
719,1377477060,396.0
719,1377477065,393.0
719,1377477070,391.0
719,1377477075,396.0
719,1377477080,395.0
719,1377477085,393.0
719,1377477090,388.0
719,1377477095,385.0
719,1377477100,382.0
719,1377477105,390.0
719,1377477110,390.0
719,1377477115,400.0
719,1377477120,401.0
719,1377477125,396.0
719,1377477130,396.0
719,1377477135,391.0
719,1377477140,395.0
719,1377477145,401.0
719,1377477150,401.0
719,1377477155,397.0
719,1377477160,396.0
719,1377477165,393.0
719,1377477170,393.0
719,1377477175,393.0
719,1377477180,395.0
719,1377477185,391.0
719,1377477190,398.0
719,1377477195,396.0
719,1377477200,401.0
719,1377477205,398.0
719,1377477210,398.0
719,1377477215,391.0
719,1377477220,396.0
719,1377477225,398.0
719,1377477230,398.0
719,1377477235,403.0
719,1377477240,396.0
719,1377477245,400.0
719,1377477250,396.0
719,1377477255,401.0
719,1377477260,401.0
719,1377477265,397.0
719,1377477270,398.0
719,1377477275,391.0
719,1377477280,391.0
719,1377477285,396.0
719,1377477290,398.0
719,1377477295,401.0
719,1377477300,401.0
719,1377477305,398.0
719,1377477310,398.0
719,1377477315,393.0
719,1377477320,392.0
719,1377477325,385.0
719,1377477330,380.0
719,1377477335,384.0
719,1377477340,383.0
719,1377477345,393.0
719,1377477350,402.0
719,1377477355,401.0
719,1377477360,397.0
719,1377477365,395.0
719,1377477370,391.0
719,1377477375,392.0
719,1377477380,391.0
719,1377477385,392.0
719,1377477390,392.0
719,1377477395,393.0
719,1377477400,390.0
719,1377477405,393.0
719,1377477410,398.0
719,1377477415,391.0
719,1377477420,404.0
719,1377477425,406.0
719,1377477430,412.0
719,1377477435,411.0
719,1377477440,407.0
719,1377477445,403.0
719,1377477450,403.0
719,1377477455,401.0
719,1377477460,400.0
719,1377477465,401.0
719,1377477470,403.0
719,1377477475,401.0
719,1377477480,401.0
719,1377477485,399.0
719,1377477490,401.0
719,1377477495,396.0
719,1377477500,395.0
719,1377477505,397.0
719,1377477510,403.0
719,1377477515,406.0
719,1377477520,408.0
719,1377477525,399.0
719,1377477530,398.0
719,1377477535,396.0
719,1377477540,406.0
719,1377477545,398.0
719,1377477550,398.0
719,1377477555,406.0
719,1377477560,412.0
719,1377477565,403.0
719,1377477570,403.0
719,1377477575,398.0
719,1377477580,397.0
719,1377477585,406.0
719,1377477590,408.0
719,1377477595,409.0
719,1377477600,406.0
719,1377477605,409.0
719,1377477610,406.0
719,1377477615,416.0
719,1377477620,406.0
719,1377477625,406.0
719,1377477630,403.0
719,1377477635,406.0
719,1377477640,401.0
719,1377477645,401.0
719,1377477650,392.0
719,1377477655,387.0
719,1377477660,382.0
719,1377477665,385.0
719,1377477670,385.0
719,1377477675,398.0
719,1377477680,395.0
719,1377477685,395.0
719,1377477690,398.0
719,1377477695,390.0
719,1377477700,387.0
719,1377477705,383.0
719,1377477710,383.0
719,1377477715,388.0
719,1377477720,385.0
719,1377477725,390.0
719,1377477730,391.0
719,1377477735,393.0
719,1377477740,399.0
719,1377477745,408.0
719,1377477750,412.0
719,1377477755,409.0
719,1377477760,416.0
719,1377477766,402.0
719,1377477770,398.0
719,1377477775,396.0
719,1377477780,406.0
719,1377477785,393.0
719,1377477790,400.0
719,1377477795,391.0
719,1377477800,393.0
719,1377477805,396.0
719,1377477810,396.0
719,1377477815,396.0
719,1377477820,396.0
719,1377477825,400.0
719,1377477830,397.0
719,1377477835,396.0
719,1377477840,401.0
719,1377477845,397.0
719,1377477850,400.0
719,1377477855,401.0
719,1377477860,401.0
719,1377477865,400.0
719,1377477870,398.0
719,1377477875,395.0
719,1377477880,397.0
719,1377477885,397.0
719,1377477890,403.0
719,1377477895,403.0
719,1377477900,408.0
719,1377477905,403.0
719,1377477910,406.0
719,1377477915,402.0
719,1377477920,396.0
719,1377477925,395.0
719,1377477930,396.0
719,1377477935,396.0
719,1377477940,398.0
719,1377477945,400.0
719,1377477950,401.0
719,1377477955,402.0
719,1377477960,393.0
719,1377477965,387.0
719,1377477970,382.0
719,1377477975,384.0
719,1377477980,385.0
719,1377477985,393.0
719,1377477990,398.0
719,1377477995,403.0
719,1377478000,404.0
719,1377478005,406.0
719,1377478010,399.0
719,1377478015,401.0
719,1377478020,401.0
719,1377478025,393.0
719,1377478030,396.0
719,1377478035,392.0
719,1377478040,393.0
719,1377478045,394.0
719,1377478050,396.0
719,1377478055,391.0
719,1377478060,403.0
719,1377478065,408.0
719,1377478070,411.0
719,1377478075,413.0
719,1377478080,411.0
719,1377478085,412.0
719,1377478090,408.0
719,1377478095,408.0
719,1377478100,403.0
719,1377478105,404.0
719,1377478110,403.0
719,1377478115,407.0
719,1377478120,404.0
719,1377478125,407.0
719,1377478130,409.0
719,1377478135,409.0
719,1377478140,411.0
719,1377478145,409.0
719,1377478150,409.0
719,1377478155,407.0
719,1377478160,403.0
719,1377478165,403.0
719,1377478170,398.0
719,1377478175,401.0
719,1377478180,398.0
719,1377478185,406.0
719,1377478190,398.0
719,1377478195,395.0
719,1377478200,390.0
719,1377478205,392.0
719,1377478210,390.0
719,1377478215,392.0
719,1377478220,392.0
719,1377478225,398.0
719,1377478230,396.0
719,1377478235,397.0
719,1377478240,397.0
719,1377478245,401.0
719,1377478250,398.0
719,1377478255,403.0
719,1377478260,412.0
719,1377478265,407.0
719,1377478270,409.0
719,1377478275,408.0
719,1377478280,408.0
719,1377478285,404.0
719,1377478290,406.0
719,1377478295,397.0
719,1377478300,401.0
719,1377478305,393.0
719,1377478310,391.0
719,1377478315,390.0
719,1377478320,391.0
719,1377478325,393.0
719,1377478330,398.0
719,1377478335,398.0
719,1377478340,404.0
719,1377478345,404.0
719,1377478350,404.0
719,1377478355,403.0
719,1377478360,406.0
719,1377478365,401.0
719,1377478370,395.0
719,1377478375,390.0
719,1377478380,396.0
719,1377478385,400.0
719,1377478390,397.0
719,1377478395,398.0
719,1377478400,391.0
719,1377478405,398.0
719,1377478410,401.0
719,1377478415,403.0
719,1377478420,402.0
719,1377478425,404.0
719,1377478430,398.0
719,1377478435,398.0
719,1377478440,393.0
719,1377478445,388.0
719,1377478450,391.0
719,1377478455,393.0
719,1377478460,391.0
719,1377478465,401.0
719,1377478470,404.0
719,1377478475,412.0
719,1377478480,412.0
719,1377478485,413.0
719,1377478490,409.0
719,1377478495,407.0
719,1377478500,403.0
719,1377478505,401.0
719,1377478510,396.0
719,1377478515,398.0
719,1377478520,406.0
719,1377478525,395.0
719,1377478530,391.0
719,1377478535,391.0
719,1377478540,396.0
719,1377478545,398.0
719,1377478550,399.0
719,1377478555,406.0
719,1377478560,401.0
719,1377478565,396.0
719,1377478570,395.0
719,1377478575,396.0
719,1377478580,396.0
719,1377478585,397.0
719,1377478590,397.0
719,1377478595,401.0
719,1377478600,400.0
719,1377478605,402.0
719,1377478610,395.0
719,1377478615,393.0
719,1377478620,398.0
719,1377478625,390.0
719,1377478630,392.0
719,1377478635,390.0
719,1377478640,396.0
719,1377478645,396.0
719,1377478650,393.0
719,1377478655,398.0
719,1377478660,395.0
719,1377478665,398.0
719,1377478670,401.0
719,1377478675,398.0
719,1377478680,397.0
719,1377478685,397.0
719,1377478690,398.0
719,1377478695,391.0
719,1377478700,401.0
719,1377478705,398.0
719,1377478710,398.0
719,1377478715,403.0
719,1377478720,403.0
719,1377478725,399.0
719,1377478730,397.0
719,1377478735,391.0
719,1377478740,391.0
719,1377478745,392.0
719,1377478750,396.0
719,1377478755,391.0
719,1377478760,400.0
719,1377478765,393.0
719,1377478770,395.0
719,1377478775,401.0
719,1377478780,403.0
719,1377478785,412.0
719,1377478790,412.0
719,1377478795,407.0
719,1377478800,411.0
719,1377478805,406.0
719,1377478810,414.0
719,1377478815,404.0
719,1377478820,403.0
719,1377478825,397.0
719,1377478830,391.0
719,1377478835,393.0
719,1377478840,392.0
719,1377478845,398.0
719,1377478850,390.0
719,1377478855,391.0
719,1377478860,391.0
719,1377478865,396.0
719,1377478870,391.0
719,1377478875,391.0
719,1377478880,398.0
719,1377478885,395.0
719,1377478890,393.0
719,1377478895,402.0
719,1377478900,404.0
719,1377478905,408.0
719,1377478910,407.0
719,1377478915,409.0
719,1377478920,409.0
719,1377478925,407.0
719,1377478930,401.0
719,1377478935,406.0
719,1377478940,401.0
719,1377478945,401.0
719,1377478950,391.0
719,1377478955,395.0
719,1377478960,398.0
719,1377478965,393.0
719,1377478970,391.0
719,1377478975,393.0
719,1377478980,390.0
719,1377478985,391.0
719,1377478990,395.0
719,1377478995,396.0
719,1377479000,397.0
719,1377479005,402.0
719,1377479010,404.0
719,1377479015,401.0
719,1377479020,401.0
719,1377479025,397.0
719,1377479030,398.0
719,1377479035,402.0
719,1377479040,401.0
719,1377479045,403.0
719,1377479050,403.0
719,1377479055,403.0
719,1377479060,408.0
719,1377479065,404.0
719,1377479070,406.0
719,1377479075,397.0
719,1377479080,403.0
719,1377479085,406.0
719,1377479090,406.0
719,1377479095,406.0
719,1377479100,403.0
719,1377479105,401.0
719,1377479110,398.0
719,1377479115,397.0
719,1377479120,391.0
719,1377479125,393.0
719,1377479130,395.0
719,1377479135,396.0
719,1377479140,401.0
719,1377479145,404.0
719,1377479150,408.0
719,1377479155,408.0
719,1377479160,404.0
719,1377479165,403.0
719,1377479170,400.0
719,1377479175,395.0
719,1377479180,393.0
719,1377479185,406.0
719,1377479190,402.0
719,1377479195,412.0
719,1377479200,404.0
719,1377479205,399.0
719,1377479210,396.0
719,1377479215,398.0
719,1377479220,398.0
719,1377479225,396.0
719,1377479230,393.0
719,1377479235,392.0
719,1377479240,393.0
719,1377479245,392.0
719,1377479250,393.0
719,1377479255,390.0
719,1377479260,392.0
719,1377479265,390.0
719,1377479270,401.0
719,1377479275,403.0
719,1377479280,404.0
719,1377479285,398.0
719,1377479290,398.0
719,1377479295,393.0
719,1377479300,398.0
719,1377479305,398.0
719,1377479310,400.0
719,1377479315,393.0
719,1377479320,400.0
719,1377479325,396.0
719,1377479330,391.0
719,1377479335,396.0
719,1377479340,391.0
719,1377479345,393.0
719,1377479350,393.0
719,1377479355,396.0
719,1377479360,391.0
719,1377479365,398.0
719,1377479370,390.0
719,1377479375,392.0
719,1377479380,393.0
719,1377479385,401.0
719,1377479390,398.0
719,1377479395,398.0
719,1377479400,401.0
719,1377479405,395.0
719,1377479410,393.0
719,1377479415,391.0
719,1377479420,392.0
719,1377479425,391.0
719,1377479430,396.0
719,1377479435,400.0
719,1377479440,391.0
719,1377479445,396.0
719,1377479450,396.0
719,1377479455,395.0
719,1377479460,400.0
719,1377479465,397.0
719,1377479470,396.0
719,1377479475,393.0
719,1377479480,396.0
719,1377479485,387.0
719,1377479490,392.0
719,1377479495,388.0
719,1377479500,388.0
719,1377479505,383.0
719,1377479510,390.0
719,1377479518,391.0
719,1377479520,398.0
719,1377479525,391.0
719,1377479530,396.0
719,1377479535,391.0
719,1377479540,391.0
719,1377479545,388.0
719,1377479550,383.0
719,1377479555,383.0
719,1377479560,390.0
719,1377479565,382.0
719,1377479570,391.0
719,1377479575,393.0
719,1377479580,400.0
719,1377479585,398.0
719,1377479590,403.0
719,1377479595,406.0
719,1377479600,403.0
719,1377479605,397.0
719,1377479610,398.0
719,1377479615,391.0
719,1377479620,396.0
719,1377479625,398.0
719,1377479630,391.0
719,1377479635,392.0
719,1377479640,393.0
719,1377479645,391.0
719,1377479650,398.0
719,1377479655,398.0
719,1377479660,401.0
719,1377479665,401.0
719,1377479670,406.0
719,1377479675,407.0
719,1377479680,408.0
719,1377479685,406.0
719,1377479690,398.0
719,1377479695,401.0
719,1377479700,393.0
719,1377479705,396.0
719,1377479710,398.0
719,1377479715,393.0
719,1377479720,392.0
719,1377479725,396.0
719,1377479730,391.0
719,1377479735,398.0
719,1377479740,401.0
719,1377479745,397.0
719,1377479750,398.0
719,1377479755,390.0
719,1377479760,388.0
719,1377479765,388.0
719,1377479770,385.0
719,1377479775,383.0
719,1377479780,398.0
719,1377479785,388.0
719,1377479790,392.0
719,1377479795,385.0
719,1377479800,390.0
719,1377479805,384.0
719,1377479810,388.0
719,1377479815,385.0
719,1377479820,388.0
719,1377479825,387.0
719,1377479830,392.0
719,1377479835,393.0
719,1377479840,383.0
719,1377479845,388.0
719,1377479850,383.0
719,1377479855,383.0
719,1377479860,383.0
719,1377479865,383.0
719,1377479870,391.0
719,1377479875,391.0
719,1377479880,401.0
719,1377479885,396.0
719,1377479890,396.0
719,1377479895,396.0
719,1377479900,396.0
719,1377479905,401.0
719,1377479910,396.0
719,1377479915,401.0
719,1377479920,393.0
719,1377479925,393.0
719,1377479930,390.0
719,1377479935,390.0
719,1377479940,382.0
719,1377479945,390.0
719,1377479950,387.0
719,1377479955,391.0
719,1377479960,401.0
719,1377479965,395.0
719,1377479970,388.0
719,1377479975,382.0
719,1377479980,384.0
719,1377479985,377.0
719,1377479990,377.0
719,1377479995,371.0
719,1377480000,376.0
719,1377480005,385.0
719,1377480010,390.0
719,1377480015,398.0
719,1377480020,397.0
719,1377480025,398.0
719,1377480030,396.0
719,1377480035,391.0
719,1377480040,391.0
719,1377480045,385.0
719,1377480050,383.0
719,1377480055,384.0
719,1377480060,390.0
719,1377480065,379.0
719,1377480070,388.0
719,1377480075,393.0
719,1377480080,396.0
719,1377480085,397.0
719,1377480090,399.0
719,1377480095,401.0
719,1377480100,397.0
719,1377480105,403.0
719,1377480110,398.0
719,1377480115,397.0
719,1377480120,396.0
719,1377480125,396.0
719,1377480130,390.0
719,1377480135,388.0
719,1377480140,382.0
719,1377480145,385.0
719,1377480150,382.0
719,1377480155,390.0
719,1377480160,384.0
719,1377480165,388.0
719,1377480170,384.0
719,1377480175,390.0
719,1377480180,383.0
719,1377480185,387.0
719,1377480190,388.0
719,1377480195,392.0
719,1377480200,390.0
719,1377480205,390.0
719,1377480210,387.0
719,1377480215,383.0
719,1377480220,390.0
719,1377480225,387.0
719,1377480230,391.0
719,1377480235,396.0
719,1377480240,396.0
719,1377480245,391.0
719,1377480250,388.0
719,1377480255,385.0
719,1377480260,388.0
719,1377480265,398.0
719,1377480270,391.0
719,1377480275,398.0
719,1377480280,398.0
719,1377480285,396.0
719,1377480290,397.0
719,1377480295,399.0
719,1377480300,397.0
719,1377480305,398.0
719,1377480310,395.0
719,1377480315,396.0
719,1377480320,393.0
719,1377480325,387.0
719,1377480330,392.0
719,1377480335,393.0
719,1377480340,391.0
719,1377480345,392.0
719,1377480350,396.0
719,1377480355,393.0
719,1377480360,400.0
719,1377480365,398.0
719,1377480371,401.0
719,1377480375,398.0
719,1377480380,393.0
719,1377480385,395.0
719,1377480390,391.0
719,1377480395,392.0
719,1377480400,390.0
719,1377480405,390.0
719,1377480410,385.0
719,1377480415,390.0
719,1377480420,383.0
719,1377480425,392.0
719,1377480430,391.0
719,1377480435,391.0
719,1377480440,400.0
719,1377480445,401.0
719,1377480450,401.0
719,1377480455,401.0
719,1377480460,398.0
719,1377480465,398.0
719,1377480470,391.0
719,1377480475,391.0
719,1377480480,390.0
719,1377480485,382.0
719,1377480490,383.0
719,1377480495,384.0
719,1377480500,383.0
719,1377480505,382.0
719,1377480510,385.0
719,1377480515,375.0
719,1377480520,379.0
719,1377480525,382.0
719,1377480530,390.0
719,1377480535,392.0
719,1377480540,390.0
719,1377480545,396.0
719,1377480550,391.0
719,1377480555,395.0
719,1377480560,398.0
719,1377480565,391.0
719,1377480570,396.0
719,1377480575,393.0
719,1377480580,391.0
719,1377480585,390.0
719,1377480590,391.0
719,1377480595,398.0
719,1377480600,400.0
719,1377480605,395.0
719,1377480610,393.0
719,1377480615,396.0
719,1377480620,393.0
719,1377480625,391.0
719,1377480630,393.0
719,1377480635,398.0
719,1377480640,401.0
719,1377480645,397.0
719,1377480650,398.0
719,1377480655,400.0
719,1377480660,393.0
719,1377480665,393.0
719,1377480670,391.0
719,1377480675,398.0
719,1377480680,388.0
719,1377480685,387.0
719,1377480690,383.0
719,1377480695,392.0
719,1377480700,390.0
719,1377480705,392.0
719,1377480710,393.0
719,1377480715,391.0
719,1377480720,398.0
719,1377480725,398.0
719,1377480730,396.0
719,1377480735,391.0
719,1377480740,396.0
719,1377480745,398.0
719,1377480750,396.0
719,1377480755,393.0
719,1377480760,390.0
719,1377480765,392.0
719,1377480770,392.0
719,1377480775,392.0
719,1377480780,391.0
719,1377480785,396.0
719,1377480790,396.0
719,1377480795,396.0
719,1377480800,396.0
719,1377480805,393.0
719,1377480810,396.0
719,1377480815,392.0
719,1377480820,396.0
719,1377480825,396.0
719,1377480830,396.0
719,1377480835,401.0
719,1377480840,401.0
719,1377480845,401.0
719,1377480850,397.0
719,1377480855,393.0
719,1377480860,392.0
719,1377480865,392.0
719,1377480870,387.0
719,1377480875,392.0
719,1377480880,390.0
719,1377480885,392.0
719,1377480890,387.0
719,1377480895,387.0
719,1377480900,391.0
719,1377480905,395.0
719,1377480910,396.0
719,1377480915,390.0
719,1377480920,390.0
719,1377480925,383.0
719,1377480930,384.0
719,1377480935,383.0
719,1377480940,384.0
719,1377480945,383.0
719,1377480950,396.0
719,1377480955,398.0
719,1377480960,396.0
719,1377480965,398.0
719,1377480970,395.0
719,1377480975,395.0
719,1377480980,395.0
719,1377480985,395.0
719,1377480990,392.0
719,1377480995,392.0
719,1377481000,390.0
719,1377481005,390.0
719,1377481010,390.0
719,1377481015,388.0
719,1377481020,391.0
719,1377481025,391.0
719,1377481030,401.0
719,1377481035,391.0
719,1377481040,391.0
719,1377481045,391.0
719,1377481050,396.0
719,1377481055,391.0
719,1377481060,398.0
719,1377481065,398.0
719,1377481070,398.0
719,1377481075,393.0
719,1377481080,398.0
719,1377481085,400.0
719,1377481090,398.0
719,1377481095,396.0
719,1377481100,396.0
719,1377481105,396.0
719,1377481110,396.0
719,1377481115,391.0
719,1377481120,396.0
719,1377481125,398.0
719,1377481130,396.0
719,1377481135,398.0
719,1377481140,391.0
719,1377481145,393.0
719,1377481150,396.0
719,1377481155,398.0
719,1377481160,398.0
719,1377481165,401.0
719,1377481170,396.0
719,1377481175,398.0
719,1377481180,385.0
719,1377481185,383.0
719,1377481190,390.0
719,1377481195,390.0
719,1377481200,396.0
719,1377481205,397.0
719,1377481210,400.0
719,1377481215,395.0
719,1377481220,390.0
719,1377481225,390.0
719,1377481230,392.0
719,1377481235,398.0
719,1377481240,401.0
719,1377481245,403.0
719,1377481250,406.0
719,1377481255,408.0
719,1377481260,404.0
719,1377481265,407.0
719,1377481270,408.0
719,1377481275,408.0
719,1377481280,403.0
719,1377481285,406.0
719,1377481290,398.0
719,1377481295,393.0
719,1377481300,388.0
719,1377481305,390.0
719,1377481310,396.0
719,1377481315,392.0
719,1377481320,392.0
719,1377481325,390.0
719,1377481330,396.0
719,1377481335,393.0
719,1377481340,393.0
719,1377481345,393.0
719,1377481350,396.0
719,1377481355,393.0
719,1377481360,398.0
719,1377481365,392.0
719,1377481370,388.0
719,1377481375,384.0
719,1377481380,390.0
719,1377481385,392.0
719,1377481390,396.0
719,1377481395,387.0
719,1377481400,385.0
719,1377481405,385.0
719,1377481410,382.0
719,1377481415,390.0
719,1377481420,392.0
719,1377481425,391.0
719,1377481430,392.0
719,1377481435,392.0
719,1377481440,393.0
719,1377481445,398.0
719,1377481450,396.0
719,1377481455,404.0
719,1377481460,391.0
719,1377481465,388.0
719,1377481470,383.0
719,1377481475,383.0
719,1377481480,388.0
719,1377481485,387.0
719,1377481490,391.0
719,1377481495,393.0
719,1377481500,396.0
719,1377481505,396.0
719,1377481510,393.0
719,1377481515,388.0
719,1377481520,387.0
719,1377481525,385.0
719,1377481530,382.0
719,1377481535,385.0
719,1377481540,388.0
719,1377481545,387.0
719,1377481550,392.0
719,1377481555,395.0
719,1377481560,391.0
719,1377481565,398.0
719,1377481570,401.0
719,1377481575,397.0
719,1377481580,398.0
719,1377481585,391.0
719,1377481590,395.0
719,1377481595,397.0
719,1377481600,400.0
719,1377481605,398.0
719,1377481610,395.0
719,1377481615,392.0
719,1377481620,390.0
719,1377481625,392.0
719,1377481630,392.0
719,1377481635,398.0
719,1377481640,396.0
719,1377481645,396.0
719,1377481650,395.0
719,1377481655,390.0
719,1377481660,393.0
719,1377481665,392.0
719,1377481670,387.0
719,1377481675,393.0
719,1377481680,398.0
719,1377481685,403.0
719,1377481690,406.0
719,1377481695,408.0
719,1377481700,401.0
719,1377481705,398.0
719,1377481710,398.0
719,1377481715,390.0
719,1377481720,395.0
719,1377481725,398.0
719,1377481730,397.0
719,1377481735,398.0
719,1377481740,396.0
719,1377481745,383.0
719,1377481750,390.0
719,1377481755,383.0
719,1377481760,392.0
719,1377481765,395.0
719,1377481770,400.0
719,1377481775,403.0
719,1377481780,403.0
719,1377481785,398.0
719,1377481790,398.0
719,1377481795,391.0
719,1377481800,393.0
719,1377481805,398.0
719,1377481810,396.0
719,1377481815,392.0
719,1377481820,393.0
719,1377481825,390.0
719,1377481830,383.0
719,1377481835,387.0
719,1377481840,385.0
719,1377481845,388.0
719,1377481850,383.0
719,1377481855,391.0
719,1377481860,402.0
719,1377481865,396.0
719,1377481870,391.0
719,1377481875,393.0
719,1377481880,392.0
719,1377481885,390.0
719,1377481890,392.0
719,1377481895,391.0
719,1377481900,393.0
719,1377481905,398.0
719,1377481910,398.0
719,1377481915,396.0
719,1377481920,393.0
719,1377481925,396.0
719,1377481930,396.0
719,1377481935,395.0
719,1377481940,398.0
719,1377481945,396.0
719,1377481950,400.0
719,1377481955,398.0
719,1377481960,397.0
719,1377481965,395.0
719,1377481970,398.0
719,1377481975,391.0
719,1377481980,390.0
719,1377481985,392.0
719,1377481990,385.0
719,1377481995,387.0
719,1377482000,385.0
719,1377482005,388.0
719,1377482010,383.0
719,1377482015,382.0
719,1377482020,384.0
719,1377482025,383.0
719,1377482030,390.0
719,1377482035,395.0
719,1377482040,397.0
719,1377482045,396.0
719,1377482050,398.0
719,1377482055,396.0
719,1377482060,393.0
719,1377482065,391.0
719,1377482070,396.0
719,1377482075,396.0
719,1377482080,396.0
719,1377482085,396.0
719,1377482090,387.0
719,1377482095,388.0
719,1377482100,383.0
719,1377482105,390.0
719,1377482110,388.0
719,1377482115,391.0
719,1377482120,392.0
719,1377482125,392.0
719,1377482130,393.0
719,1377482135,392.0
719,1377482140,393.0
719,1377482145,393.0
719,1377482150,391.0
719,1377482155,396.0
719,1377482160,400.0
719,1377482165,401.0
719,1377482170,393.0
719,1377482175,393.0
719,1377482180,392.0
719,1377482185,396.0
719,1377482190,391.0
719,1377482195,401.0
719,1377482200,397.0
719,1377482205,391.0
719,1377482210,392.0
719,1377482215,390.0
719,1377482220,391.0
719,1377482225,396.0
719,1377482230,401.0
719,1377482235,398.0
719,1377482240,393.0
719,1377482245,391.0
719,1377482250,393.0
719,1377482255,390.0
719,1377482260,387.0
719,1377482265,390.0
719,1377482270,396.0
719,1377482275,391.0
719,1377482280,391.0
719,1377482285,392.0
719,1377482290,393.0
719,1377482295,388.0
719,1377482300,392.0
719,1377482305,392.0
719,1377482310,393.0
719,1377482315,401.0
719,1377482320,408.0
719,1377482325,404.0
719,1377482330,399.0
719,1377482335,393.0
719,1377482340,392.0
719,1377482345,390.0
719,1377482350,398.0
719,1377482355,391.0
719,1377482360,398.0
719,1377482365,398.0
719,1377482370,391.0
719,1377482375,391.0
719,1377482380,395.0
719,1377482385,398.0
719,1377482390,397.0
719,1377482395,401.0
719,1377482400,401.0
719,1377482405,401.0
719,1377482410,398.0
719,1377482415,402.0
719,1377482420,392.0
719,1377482425,383.0
719,1377482430,388.0
719,1377482435,392.0
719,1377482440,393.0
719,1377482445,401.0
719,1377482450,404.0
719,1377482455,401.0
719,1377482460,401.0
719,1377482465,406.0
719,1377482470,401.0
719,1377482475,398.0
719,1377482480,393.0
719,1377482485,388.0
719,1377482490,387.0
719,1377482495,384.0
719,1377482500,390.0
719,1377482505,384.0
719,1377482510,388.0
719,1377482515,391.0
719,1377482520,396.0
719,1377482525,393.0
719,1377482530,398.0
719,1377482535,400.0
719,1377482540,398.0
719,1377482545,396.0
719,1377482550,406.0
719,1377482555,399.0
719,1377482560,400.0
719,1377482565,393.0
719,1377482570,396.0
719,1377482575,391.0
719,1377482580,398.0
719,1377482585,396.0
719,1377482590,400.0
719,1377482595,398.0
719,1377482600,393.0
719,1377482605,393.0
719,1377482610,392.0
719,1377482615,393.0
719,1377482620,392.0
719,1377482625,392.0
719,1377482630,390.0
719,1377482635,391.0
719,1377482640,401.0
719,1377482645,402.0
719,1377482650,391.0
719,1377482655,390.0
719,1377482660,383.0
719,1377482665,390.0
719,1377482670,392.0
719,1377482675,396.0
719,1377482680,398.0
719,1377482685,406.0
719,1377482690,397.0
719,1377482695,398.0
719,1377482700,393.0
719,1377482705,393.0
719,1377482710,392.0
719,1377482715,392.0
719,1377482720,392.0
719,1377482725,392.0
719,1377482730,388.0
719,1377482735,390.0
719,1377482740,383.0
719,1377482745,390.0
719,1377482750,390.0
719,1377482755,396.0
719,1377482760,391.0
719,1377482765,396.0
719,1377482770,393.0
719,1377482775,396.0
719,1377482780,396.0
719,1377482785,400.0
719,1377482790,396.0
719,1377482795,398.0
719,1377482800,401.0
719,1377482805,401.0
719,1377482810,398.0
719,1377482815,391.0
719,1377482820,396.0
719,1377482825,391.0
719,1377482830,397.0
719,1377482835,403.0
719,1377482840,406.0
719,1377482845,406.0
719,1377482850,401.0
719,1377482855,395.0
719,1377482860,396.0
719,1377482865,396.0
719,1377482870,401.0
719,1377482875,403.0
719,1377482880,404.0
719,1377482885,403.0
719,1377482891,398.0
719,1377482895,401.0
719,1377482900,401.0
719,1377482905,400.0
719,1377482910,393.0
719,1377482915,395.0
719,1377482920,400.0
719,1377482925,395.0
719,1377482930,391.0
719,1377482935,398.0
719,1377482940,396.0
719,1377482945,398.0
719,1377482950,393.0
719,1377482955,400.0
719,1377482960,393.0
719,1377482965,391.0
719,1377482970,391.0
719,1377482975,391.0
719,1377482980,401.0
719,1377482985,403.0
719,1377482990,397.0
719,1377482995,401.0
719,1377483000,404.0
719,1377483005,401.0
719,1377483010,391.0
719,1377483015,385.0
719,1377483020,382.0
719,1377483025,382.0
719,1377483030,385.0
719,1377483035,392.0
719,1377483040,397.0
719,1377483045,398.0
719,1377483050,403.0
719,1377483055,401.0
719,1377483060,398.0
719,1377483065,400.0
719,1377483070,401.0
719,1377483075,401.0
719,1377483080,396.0
719,1377483085,392.0
719,1377483090,388.0
719,1377483095,391.0
719,1377483100,398.0
719,1377483105,397.0
719,1377483110,404.0
719,1377483115,412.0
719,1377483120,408.0
719,1377483125,403.0
719,1377483130,403.0
719,1377483135,401.0
719,1377483140,395.0
719,1377483145,398.0
719,1377483150,396.0
719,1377483155,402.0
719,1377483160,401.0
719,1377483165,402.0
719,1377483170,402.0
719,1377483175,406.0
719,1377483180,403.0
719,1377483185,401.0
719,1377483190,395.0
719,1377483195,393.0
719,1377483200,396.0
719,1377483205,396.0
719,1377483210,396.0
719,1377483215,401.0
719,1377483220,393.0
719,1377483225,396.0
719,1377483230,396.0
719,1377483235,390.0
719,1377483240,385.0
719,1377483245,388.0
719,1377483250,387.0
719,1377483255,396.0
719,1377483260,393.0
719,1377483265,391.0
719,1377483270,392.0
719,1377483275,390.0
719,1377483280,393.0
719,1377483285,396.0
719,1377483290,398.0
719,1377483295,398.0
719,1377483300,398.0
719,1377483305,402.0
719,1377483310,403.0
719,1377483315,399.0
719,1377483320,403.0
719,1377483325,398.0
719,1377483330,401.0
719,1377483335,396.0
719,1377483340,397.0
719,1377483345,391.0
719,1377483350,396.0
719,1377483355,398.0
719,1377483360,403.0
719,1377483365,406.0
719,1377483370,409.0
719,1377483375,412.0
719,1377483380,408.0
719,1377483385,398.0
719,1377483390,393.0
719,1377483395,383.0
719,1377483400,388.0
719,1377483405,387.0
719,1377483410,393.0
719,1377483415,401.0
719,1377483420,399.0
719,1377483425,408.0
719,1377483430,403.0
719,1377483435,406.0
719,1377483440,398.0
719,1377483445,402.0
719,1377483450,398.0
719,1377483455,397.0
719,1377483460,403.0
719,1377483465,401.0
719,1377483470,400.0
719,1377483475,398.0
719,1377483480,395.0
719,1377483485,401.0
719,1377483490,398.0
719,1377483495,403.0
719,1377483500,406.0
719,1377483505,403.0
719,1377483510,400.0
719,1377483515,396.0
719,1377483520,396.0
719,1377483525,396.0
719,1377483530,397.0
719,1377483535,403.0
719,1377483540,403.0
719,1377483545,401.0
719,1377483550,401.0
719,1377483555,403.0
719,1377483560,401.0
719,1377483565,401.0
719,1377483570,404.0
719,1377483575,403.0
719,1377483580,406.0
719,1377483585,403.0
719,1377483590,404.0
719,1377483595,401.0
719,1377483600,401.0
719,1377483605,396.0
719,1377483610,398.0
719,1377483615,396.0
719,1377483620,398.0
719,1377483625,401.0
719,1377483630,400.0
719,1377483635,400.0
719,1377483640,406.0
719,1377483645,398.0
719,1377483650,396.0
719,1377483655,392.0
719,1377483660,390.0
719,1377483665,392.0
719,1377483670,391.0
719,1377483675,401.0
719,1377483680,397.0
719,1377483685,401.0
719,1377483690,396.0
719,1377483695,391.0
719,1377483700,397.0
719,1377483705,402.0
719,1377483710,403.0
719,1377483715,408.0
719,1377483720,398.0
719,1377483725,396.0
719,1377483732,388.0
719,1377483735,388.0
719,1377483740,385.0
719,1377483745,390.0
719,1377483750,388.0
719,1377483755,396.0
719,1377483760,398.0
719,1377483765,401.0
719,1377483770,401.0
719,1377483775,398.0
719,1377483780,401.0
719,1377483785,397.0
719,1377483790,406.0
719,1377483795,403.0
719,1377483800,408.0
719,1377483805,403.0
719,1377483810,403.0
719,1377483815,403.0
719,1377483820,409.0
719,1377483825,414.0
719,1377483830,407.0
719,1377483835,404.0
719,1377483840,401.0
719,1377483845,393.0
719,1377483850,396.0
719,1377483855,395.0
719,1377483860,395.0
719,1377483865,403.0
719,1377483870,397.0
719,1377483875,402.0
719,1377483880,396.0
719,1377483885,393.0
719,1377483890,393.0
719,1377483895,391.0
719,1377483900,398.0
719,1377483905,403.0
719,1377483910,398.0
719,1377483915,403.0
719,1377483920,407.0
719,1377483925,411.0
719,1377483930,412.0
719,1377483935,409.0
719,1377483940,403.0
719,1377483945,406.0
719,1377483950,406.0
719,1377483955,407.0
719,1377483960,407.0
719,1377483965,416.0
719,1377483970,407.0
719,1377483975,412.0
719,1377483980,409.0
719,1377483985,404.0
719,1377483990,401.0
719,1377483995,393.0
719,1377484000,392.0
719,1377484005,390.0
719,1377484010,391.0
719,1377484015,396.0
719,1377484020,400.0
719,1377484025,401.0
719,1377484030,396.0
719,1377484035,397.0
719,1377484040,401.0
719,1377484045,402.0
719,1377484050,401.0
719,1377484055,397.0
719,1377484060,402.0
719,1377484065,398.0
719,1377484070,408.0
719,1377484075,411.0
719,1377484080,418.0
719,1377484085,412.0
719,1377484090,403.0
719,1377484095,393.0
719,1377484100,392.0
719,1377484105,387.0
719,1377484110,392.0
719,1377484115,393.0
719,1377484120,398.0
719,1377484125,397.0
719,1377484130,403.0
719,1377484135,401.0
719,1377484140,404.0
719,1377484145,403.0
719,1377484150,404.0
719,1377484155,403.0
719,1377484160,401.0
719,1377484165,406.0
719,1377484170,393.0
719,1377484175,396.0
719,1377484180,398.0
719,1377484185,398.0
719,1377484190,396.0
719,1377484195,401.0
719,1377484200,398.0
719,1377484205,403.0
719,1377484210,404.0
719,1377484215,406.0
719,1377484220,397.0
719,1377484225,398.0
719,1377484230,393.0
719,1377484235,392.0
719,1377484240,393.0
719,1377484245,393.0
719,1377484250,391.0
719,1377484255,399.0
719,1377484260,395.0
719,1377484265,396.0
719,1377484270,396.0
719,1377484275,393.0
719,1377484280,390.0
719,1377484285,390.0
719,1377484290,390.0
719,1377484295,396.0
719,1377484300,400.0
719,1377484305,397.0
719,1377484310,397.0
719,1377484315,401.0
719,1377484320,406.0
719,1377484325,397.0
719,1377484330,404.0
719,1377484335,397.0
719,1377484340,408.0
719,1377484345,406.0
719,1377484350,407.0
719,1377484355,403.0
719,1377484360,406.0
719,1377484365,403.0
719,1377484370,403.0
719,1377484375,401.0
719,1377484380,401.0
719,1377484385,393.0
719,1377484390,396.0
719,1377484395,399.0
719,1377484400,395.0
719,1377484405,396.0
719,1377484410,396.0
719,1377484415,398.0
719,1377484420,401.0
719,1377484425,404.0
719,1377484430,400.0
719,1377484435,397.0
719,1377484440,396.0
719,1377484445,398.0
719,1377484450,398.0
719,1377484455,400.0
719,1377484460,391.0
719,1377484465,391.0
719,1377484470,390.0
719,1377484475,388.0
719,1377484480,388.0
719,1377484485,388.0
719,1377484490,387.0
719,1377484495,390.0
719,1377484500,390.0
719,1377484505,393.0
719,1377484510,396.0
719,1377484515,398.0
719,1377484520,395.0
719,1377484525,396.0
719,1377484530,395.0
719,1377484535,395.0
719,1377484540,396.0
719,1377484545,393.0
719,1377484550,391.0
719,1377484555,396.0
719,1377484560,398.0
719,1377484567,398.0
719,1377484570,398.0
719,1377484575,396.0
719,1377484580,398.0
719,1377484585,397.0
719,1377484590,395.0
719,1377484595,395.0
719,1377484600,398.0
719,1377484605,392.0
719,1377484610,387.0
719,1377484615,393.0
719,1377484620,396.0
719,1377484625,396.0
719,1377484630,396.0
719,1377484635,387.0
719,1377484640,387.0
719,1377484645,387.0
719,1377484650,393.0
719,1377484655,396.0
719,1377484660,396.0
719,1377484665,392.0
719,1377484670,390.0
719,1377484675,392.0
719,1377484680,390.0
719,1377484685,398.0
719,1377484690,401.0
719,1377484695,397.0
719,1377484700,399.0
719,1377484705,400.0
719,1377484710,387.0
719,1377484715,388.0
719,1377484720,388.0
719,1377484725,387.0
719,1377484730,392.0
719,1377484735,387.0
719,1377484740,390.0
719,1377484745,390.0
719,1377484750,398.0
719,1377484755,398.0
719,1377484760,398.0
719,1377484765,403.0
719,1377484770,402.0
719,1377484775,401.0
719,1377484780,397.0
719,1377484785,408.0
719,1377484790,407.0
719,1377484795,412.0
719,1377484800,407.0
719,1377484805,396.0
719,1377484810,391.0
719,1377484815,390.0
719,1377484820,387.0
719,1377484825,390.0
719,1377484830,396.0
719,1377484835,392.0
719,1377484840,398.0
719,1377484845,398.0
719,1377484850,398.0
719,1377484855,398.0
719,1377484860,398.0
719,1377484865,391.0
719,1377484870,396.0
719,1377484875,396.0
719,1377484880,395.0
719,1377484885,395.0
719,1377484890,398.0
719,1377484895,401.0
719,1377484900,397.0
719,1377484905,398.0
719,1377484910,401.0
719,1377484915,401.0
719,1377484920,398.0
719,1377484925,396.0
719,1377484930,392.0
719,1377484935,392.0
719,1377484940,391.0
719,1377484945,392.0
719,1377484950,383.0
719,1377484955,390.0
719,1377484960,387.0
719,1377484965,392.0
719,1377484970,393.0
719,1377484975,396.0
719,1377484980,396.0
719,1377484985,391.0
719,1377484990,390.0
719,1377484995,396.0
719,1377485000,395.0
719,1377485005,397.0
719,1377485010,404.0
719,1377485015,403.0
719,1377485020,404.0
719,1377485025,401.0
719,1377485030,401.0
719,1377485035,403.0
719,1377485040,406.0
719,1377485045,407.0
719,1377485050,406.0
719,1377485055,396.0
719,1377485060,391.0
719,1377485065,385.0
719,1377485070,387.0
719,1377485075,390.0
719,1377485080,398.0
719,1377485085,397.0
719,1377485090,406.0
719,1377485095,398.0
719,1377485100,401.0
719,1377485105,408.0
719,1377485110,399.0
719,1377485115,403.0
719,1377485120,398.0
719,1377485125,391.0
719,1377485130,391.0
719,1377485135,396.0
719,1377485140,401.0
719,1377485145,397.0
719,1377485150,398.0
719,1377485155,393.0
719,1377485160,391.0
719,1377485165,393.0
719,1377485170,391.0
719,1377485175,391.0
719,1377485180,398.0
719,1377485185,398.0
719,1377485190,387.0
719,1377485195,391.0
719,1377485200,392.0
719,1377485205,398.0
719,1377485210,401.0
719,1377485215,401.0
719,1377485220,403.0
719,1377485225,403.0
719,1377485230,401.0
719,1377485235,401.0
719,1377485240,393.0
719,1377485245,392.0
719,1377485250,396.0
719,1377485255,398.0
719,1377485260,399.0
719,1377485265,404.0
719,1377485270,403.0
719,1377485275,397.0
719,1377485280,397.0
719,1377485285,402.0
719,1377485290,397.0
719,1377485295,398.0
719,1377485300,408.0
719,1377485305,404.0
719,1377485310,401.0
719,1377485315,391.0
719,1377485320,393.0
719,1377485325,390.0
719,1377485330,388.0
719,1377485335,390.0
719,1377485340,387.0
719,1377485345,391.0
719,1377485350,391.0
719,1377485355,391.0
719,1377485360,396.0
719,1377485365,397.0
719,1377485370,403.0
719,1377485375,398.0
719,1377485380,395.0
719,1377485385,393.0
719,1377485390,392.0
719,1377485397,392.0
719,1377485400,393.0
719,1377485405,396.0
719,1377485410,402.0
719,1377485415,404.0
719,1377485420,397.0
719,1377485425,400.0
719,1377485430,404.0
719,1377485435,404.0
719,1377485440,406.0
719,1377485445,414.0
719,1377485450,403.0
719,1377485455,398.0
719,1377485460,401.0
719,1377485465,397.0
719,1377485470,395.0
719,1377485475,397.0
719,1377485480,387.0
719,1377485485,392.0
719,1377485490,398.0
719,1377485495,396.0
719,1377485500,398.0
719,1377485505,401.0
719,1377485510,401.0
719,1377485515,398.0
719,1377485520,398.0
719,1377485525,391.0
719,1377485530,391.0
719,1377485535,392.0
719,1377485540,390.0
719,1377485545,396.0
719,1377485550,401.0
719,1377485555,398.0
719,1377485560,401.0
719,1377485565,404.0
719,1377485570,406.0
719,1377485575,403.0
719,1377485580,401.0
719,1377485585,398.0
719,1377485590,401.0
719,1377485595,391.0
719,1377485600,391.0
719,1377485605,391.0
719,1377485610,395.0
719,1377485615,397.0
719,1377485620,395.0
719,1377485625,396.0
719,1377485630,398.0
719,1377485635,393.0
719,1377485640,396.0
719,1377485645,399.0
719,1377485650,399.0
719,1377485655,404.0
719,1377485660,397.0
719,1377485665,397.0
719,1377485670,404.0
719,1377485675,401.0
719,1377485680,396.0
719,1377485685,391.0
719,1377485690,390.0
719,1377485695,398.0
719,1377485700,395.0
719,1377485705,406.0
719,1377485710,395.0
719,1377485715,391.0
719,1377485720,401.0
719,1377485725,403.0
719,1377485730,404.0
719,1377485735,399.0
719,1377485740,403.0
719,1377485745,398.0
719,1377485750,399.0
719,1377485755,398.0
719,1377485760,396.0
719,1377485765,403.0
719,1377485770,404.0
719,1377485775,403.0
719,1377485780,402.0
719,1377485785,400.0
719,1377485790,391.0
719,1377485795,393.0
719,1377485800,390.0
719,1377485805,390.0
719,1377485810,398.0
719,1377485815,397.0
719,1377485820,401.0
719,1377485825,404.0
719,1377485830,407.0
719,1377485835,408.0
719,1377485840,406.0
719,1377485845,406.0
719,1377485850,404.0
719,1377485855,391.0
719,1377485860,398.0
719,1377485865,395.0
719,1377485870,396.0
719,1377485875,401.0
719,1377485880,400.0
719,1377485885,395.0
719,1377485890,393.0
719,1377485895,391.0
719,1377485900,392.0
719,1377485905,388.0
719,1377485910,391.0
719,1377485915,393.0
719,1377485920,403.0
719,1377485925,398.0
719,1377485930,406.0
719,1377485935,407.0
719,1377485940,409.0
719,1377485945,409.0
719,1377485950,414.0
719,1377485955,412.0
719,1377485960,403.0
719,1377485965,401.0
719,1377485970,403.0
719,1377485975,408.0
719,1377485980,403.0
719,1377485985,404.0
719,1377485990,401.0
719,1377485995,401.0
719,1377486000,400.0
719,1377486005,401.0
719,1377486010,401.0
719,1377486015,403.0
719,1377486020,403.0
719,1377486025,400.0
719,1377486030,398.0
719,1377486035,396.0
719,1377486040,396.0
719,1377486045,398.0
719,1377486050,403.0
719,1377486055,406.0
719,1377486060,404.0
719,1377486065,401.0
719,1377486070,398.0
719,1377486075,391.0
719,1377486080,392.0
719,1377486085,391.0
719,1377486090,391.0
719,1377486095,395.0
719,1377486100,398.0
719,1377486105,393.0
719,1377486110,392.0
719,1377486115,398.0
719,1377486120,398.0
719,1377486125,407.0
719,1377486130,407.0
719,1377486135,406.0
719,1377486140,398.0
719,1377486145,391.0
719,1377486150,398.0
719,1377486155,391.0
719,1377486160,398.0
719,1377486165,396.0
719,1377486170,396.0
719,1377486175,395.0
719,1377486180,393.0
719,1377486185,392.0
719,1377486190,387.0
719,1377486195,392.0
719,1377486200,391.0
719,1377486205,399.0
719,1377486210,403.0
719,1377486215,404.0
719,1377486220,406.0
719,1377486225,406.0
719,1377486230,398.0
719,1377486235,404.0
719,1377486240,404.0
719,1377486245,403.0
719,1377486250,404.0
719,1377486255,406.0
719,1377486262,403.0
719,1377486265,397.0
719,1377486270,398.0
719,1377486275,401.0
719,1377486280,406.0
719,1377486285,406.0
719,1377486290,412.0
719,1377486295,408.0
719,1377486300,408.0
719,1377486305,403.0
719,1377486310,403.0
719,1377486315,403.0
719,1377486320,406.0
719,1377486325,401.0
719,1377486330,398.0
719,1377486335,401.0
719,1377486340,398.0
719,1377486345,396.0
719,1377486350,400.0
719,1377486355,395.0
719,1377486360,396.0
719,1377486365,397.0
719,1377486370,398.0
719,1377486375,404.0
719,1377486380,408.0
719,1377486385,414.0
719,1377486390,404.0
719,1377486395,404.0
719,1377486400,398.0
719,1377486405,400.0
719,1377486410,393.0
719,1377486415,388.0
719,1377486420,393.0
719,1377486425,400.0
719,1377486430,397.0
719,1377486435,404.0
719,1377486440,403.0
719,1377486445,403.0
719,1377486450,401.0
719,1377486455,400.0
719,1377486460,395.0
719,1377486465,397.0
719,1377486470,396.0
719,1377486475,391.0
719,1377486480,387.0
719,1377486485,383.0
719,1377486490,390.0
719,1377486495,396.0
719,1377486500,393.0
719,1377486505,400.0
719,1377486510,401.0
719,1377486515,397.0
719,1377486520,401.0
719,1377486525,400.0
719,1377486530,396.0
719,1377486535,391.0
719,1377486540,398.0
719,1377486545,398.0
719,1377486550,403.0
719,1377486555,403.0
719,1377486560,406.0
719,1377486565,398.0
719,1377486570,401.0
719,1377486575,397.0
719,1377486580,401.0
719,1377486585,397.0
719,1377486590,401.0
719,1377486595,401.0
719,1377486600,402.0
719,1377486605,398.0
719,1377486610,403.0
719,1377486615,404.0
719,1377486620,398.0
719,1377486625,391.0
719,1377486630,393.0
719,1377486635,391.0
719,1377486640,398.0
719,1377486645,402.0
719,1377486650,403.0
719,1377486655,397.0
719,1377486660,397.0
719,1377486665,395.0
719,1377486670,393.0
719,1377486675,400.0
719,1377486680,398.0
719,1377486685,408.0
719,1377486690,401.0
719,1377486695,406.0
719,1377486700,396.0
719,1377486705,406.0
719,1377486710,391.0
719,1377486715,396.0
719,1377486720,396.0
719,1377486725,404.0
719,1377486730,400.0
719,1377486735,400.0
719,1377486740,398.0
719,1377486745,396.0
719,1377486750,392.0
719,1377486755,393.0
719,1377486760,391.0
719,1377486765,393.0
719,1377486770,395.0
719,1377486775,401.0
719,1377486780,396.0
719,1377486785,398.0
719,1377486790,393.0
719,1377486795,391.0
719,1377486800,398.0
719,1377486805,392.0
719,1377486810,396.0
719,1377486815,400.0
719,1377486820,403.0
719,1377486825,406.0
719,1377486830,414.0
719,1377486835,395.0
719,1377486840,398.0
719,1377486845,396.0
719,1377486850,398.0
719,1377486855,396.0
719,1377486860,398.0
719,1377486865,397.0
719,1377486870,401.0
719,1377486875,401.0
719,1377486880,404.0
719,1377486885,401.0
719,1377486890,404.0
719,1377486895,403.0
719,1377486900,406.0
719,1377486905,399.0
719,1377486910,403.0
719,1377486915,402.0
719,1377486920,398.0
719,1377486925,396.0
719,1377486930,393.0
719,1377486935,391.0
719,1377486940,395.0
719,1377486945,396.0
719,1377486950,395.0
719,1377486955,396.0
719,1377486960,396.0
719,1377486965,398.0
719,1377486970,396.0
719,1377486975,402.0
719,1377486980,406.0
719,1377486985,408.0
719,1377486990,407.0
719,1377486995,412.0
719,1377487000,407.0
719,1377487005,399.0
719,1377487010,398.0
719,1377487015,397.0
719,1377487020,403.0
719,1377487025,397.0
719,1377487030,401.0
719,1377487035,400.0
719,1377487040,398.0
719,1377487045,385.0
719,1377487050,385.0
719,1377487055,388.0
719,1377487060,387.0
719,1377487065,395.0
719,1377487070,398.0
719,1377487075,401.0
719,1377487080,398.0
719,1377487085,398.0
719,1377487090,398.0
719,1377487095,398.0
719,1377487100,398.0
719,1377487105,392.0
719,1377487110,391.0
719,1377487115,391.0
719,1377487120,398.0
719,1377487125,404.0
719,1377487130,401.0
719,1377487138,401.0
719,1377487140,398.0
719,1377487145,397.0
719,1377487150,391.0
719,1377487155,395.0
719,1377487160,400.0
719,1377487165,401.0
719,1377487170,404.0
719,1377487175,408.0
719,1377487180,408.0
719,1377487185,403.0
719,1377487190,403.0
719,1377487195,399.0
719,1377487200,398.0
719,1377487205,400.0
719,1377487210,396.0
719,1377487215,398.0
719,1377487220,401.0
719,1377487225,399.0
719,1377487230,406.0
719,1377487235,403.0
719,1377487240,401.0
719,1377487245,406.0
719,1377487250,403.0
719,1377487255,401.0
719,1377487260,401.0
719,1377487265,399.0
719,1377487270,403.0
719,1377487275,406.0
719,1377487280,401.0
719,1377487285,398.0
719,1377487290,391.0
719,1377487295,398.0
719,1377487300,396.0
719,1377487305,396.0
719,1377487310,404.0
719,1377487315,401.0
719,1377487320,403.0
719,1377487325,403.0
719,1377487330,403.0
719,1377487335,400.0
719,1377487340,402.0
719,1377487345,400.0
719,1377487350,395.0
719,1377487355,396.0
719,1377487360,397.0
719,1377487365,401.0
719,1377487370,396.0
719,1377487375,401.0
719,1377487380,398.0
719,1377487385,398.0
719,1377487390,396.0
719,1377487395,392.0
719,1377487400,391.0
719,1377487405,398.0
719,1377487410,402.0
719,1377487415,403.0
719,1377487420,403.0
719,1377487425,400.0
719,1377487430,396.0
719,1377487435,395.0
719,1377487440,391.0
719,1377487445,398.0
719,1377487450,397.0
719,1377487455,398.0
719,1377487460,397.0
719,1377487465,400.0
719,1377487470,395.0
719,1377487475,391.0
719,1377487480,391.0
719,1377487485,404.0
719,1377487490,395.0
719,1377487495,395.0
719,1377487500,396.0
719,1377487505,395.0
719,1377487510,396.0
719,1377487515,396.0
719,1377487520,397.0
719,1377487525,400.0
719,1377487530,398.0
719,1377487535,391.0
719,1377487540,388.0
719,1377487545,385.0
719,1377487550,382.0
719,1377487555,387.0
719,1377487560,385.0
719,1377487565,387.0
719,1377487570,385.0
719,1377487575,387.0
719,1377487580,390.0
719,1377487585,383.0
719,1377487590,385.0
719,1377487595,388.0
719,1377487600,387.0
719,1377487605,396.0
719,1377487610,403.0
719,1377487615,401.0
719,1377487620,398.0
719,1377487625,403.0
719,1377487630,403.0
719,1377487635,399.0
719,1377487640,403.0
719,1377487645,399.0
719,1377487650,401.0
719,1377487655,391.0
719,1377487660,393.0
719,1377487665,392.0
719,1377487670,387.0
719,1377487675,390.0
719,1377487680,393.0
719,1377487685,395.0
719,1377487690,398.0
719,1377487695,401.0
719,1377487700,400.0
719,1377487705,398.0
719,1377487710,397.0
719,1377487715,402.0
719,1377487720,398.0
719,1377487725,398.0
719,1377487730,403.0
719,1377487735,409.0
719,1377487740,404.0
719,1377487745,398.0
719,1377487750,399.0
719,1377487755,406.0
719,1377487760,401.0
719,1377487765,406.0
719,1377487770,403.0
719,1377487775,401.0
719,1377487780,401.0
719,1377487785,398.0
719,1377487790,403.0
719,1377487795,402.0
719,1377487800,403.0
719,1377487805,398.0
719,1377487810,396.0
719,1377487815,396.0
719,1377487820,398.0
719,1377487825,391.0
719,1377487830,396.0
719,1377487835,393.0
719,1377487840,400.0
719,1377487845,396.0
719,1377487850,397.0
719,1377487855,395.0
719,1377487860,399.0
719,1377487865,393.0
719,1377487870,398.0
719,1377487875,391.0
719,1377487880,402.0
719,1377487885,397.0
719,1377487890,398.0
719,1377487895,398.0
719,1377487900,393.0
719,1377487905,395.0
719,1377487910,391.0
719,1377487915,396.0
719,1377487920,401.0
719,1377487925,398.0
719,1377487930,403.0
719,1377487935,401.0
719,1377487940,391.0
719,1377487945,396.0
719,1377487950,398.0
719,1377487955,396.0
719,1377487960,391.0
719,1377487965,401.0
719,1377487970,397.0
719,1377487975,401.0
719,1377487983,403.0
719,1377487985,402.0
719,1377487990,391.0
719,1377487995,395.0
719,1377488000,393.0
719,1377488005,398.0
719,1377488010,401.0
719,1377488015,403.0
719,1377488020,404.0
719,1377488025,409.0
719,1377488030,403.0
719,1377488035,403.0
719,1377488040,406.0
719,1377488045,397.0
719,1377488050,403.0
719,1377488055,408.0
719,1377488060,408.0
719,1377488065,406.0
719,1377488070,403.0
719,1377488075,401.0
719,1377488080,401.0
719,1377488085,398.0
719,1377488090,390.0
719,1377488095,391.0
719,1377488100,396.0
719,1377488105,392.0
719,1377488110,390.0
719,1377488115,396.0
719,1377488120,395.0
719,1377488125,401.0
719,1377488130,393.0
719,1377488135,387.0
719,1377488140,383.0
719,1377488145,382.0
719,1377488150,382.0
719,1377488155,385.0
719,1377488160,388.0
719,1377488165,388.0
719,1377488170,393.0
719,1377488175,398.0
719,1377488180,398.0
719,1377488185,395.0
719,1377488190,398.0
719,1377488195,396.0
719,1377488200,393.0
719,1377488205,396.0
719,1377488210,399.0
719,1377488215,403.0
719,1377488220,404.0
719,1377488225,403.0
719,1377488230,398.0
719,1377488235,391.0
719,1377488240,390.0
719,1377488245,393.0
719,1377488250,393.0
719,1377488255,401.0
719,1377488260,406.0
719,1377488265,403.0
719,1377488270,408.0
719,1377488275,403.0
719,1377488280,397.0
719,1377488285,401.0
719,1377488290,397.0
719,1377488295,404.0
719,1377488300,404.0
719,1377488305,409.0
719,1377488310,407.0
719,1377488315,406.0
719,1377488320,408.0
719,1377488325,398.0
719,1377488330,391.0
719,1377488335,392.0
719,1377488340,391.0
719,1377488345,387.0
719,1377488350,387.0
719,1377488355,385.0
719,1377488360,390.0
719,1377488365,388.0
719,1377488370,392.0
719,1377488375,391.0
719,1377488380,401.0
719,1377488385,402.0
719,1377488390,403.0
719,1377488395,401.0
719,1377488400,398.0
719,1377488405,396.0
719,1377488410,395.0
719,1377488415,395.0
719,1377488420,396.0
719,1377488425,393.0
719,1377488430,388.0
719,1377488435,392.0
719,1377488440,398.0
719,1377488445,400.0
719,1377488450,404.0
719,1377488455,412.0
719,1377488460,407.0
719,1377488465,412.0
719,1377488470,409.0
719,1377488475,412.0
719,1377488480,409.0
719,1377488485,418.0
719,1377488490,403.0
719,1377488495,403.0
719,1377488500,406.0
719,1377488505,403.0
719,1377488510,397.0
719,1377488515,398.0
719,1377488520,393.0
719,1377488525,392.0
719,1377488530,393.0
719,1377488535,393.0
719,1377488540,391.0
719,1377488545,398.0
719,1377488550,395.0
719,1377488555,392.0
719,1377488560,390.0
719,1377488565,388.0
719,1377488570,392.0
719,1377488575,398.0
719,1377488580,406.0
719,1377488585,403.0
719,1377488590,408.0
719,1377488595,398.0
719,1377488600,398.0
719,1377488605,394.0
719,1377488610,396.0
719,1377488615,395.0
719,1377488620,390.0
719,1377488625,398.0
719,1377488630,401.0
719,1377488635,403.0
719,1377488640,406.0
719,1377488645,401.0
719,1377488650,398.0
719,1377488655,404.0
719,1377488660,397.0
719,1377488665,395.0
719,1377488670,393.0
719,1377488675,390.0
719,1377488680,388.0
719,1377488685,390.0
719,1377488690,393.0
719,1377488695,401.0
719,1377488700,403.0
719,1377488705,399.0
719,1377488710,398.0
719,1377488715,398.0
719,1377488720,402.0
719,1377488725,404.0
719,1377488730,404.0
719,1377488735,404.0
719,1377488740,401.0
719,1377488745,398.0
719,1377488750,396.0
719,1377488755,401.0
719,1377488760,397.0
719,1377488765,398.0
719,1377488770,396.0
719,1377488775,395.0
719,1377488780,395.0
719,1377488785,401.0
719,1377488792,398.0
719,1377488795,401.0
719,1377488800,396.0
719,1377488805,398.0
719,1377488810,396.0
719,1377488815,401.0
719,1377488820,407.0
719,1377488825,408.0
719,1377488830,403.0
719,1377488835,403.0
719,1377488840,397.0
719,1377488845,398.0
719,1377488850,404.0
719,1377488855,401.0
719,1377488860,406.0
719,1377488865,402.0
719,1377488870,401.0
719,1377488875,401.0
719,1377488880,391.0
719,1377488885,398.0
719,1377488890,396.0
719,1377488895,398.0
719,1377488900,408.0
719,1377488905,408.0
719,1377488910,407.0
719,1377488915,409.0
719,1377488920,401.0
719,1377488925,398.0
719,1377488930,398.0
719,1377488935,396.0
719,1377488940,403.0
719,1377488945,408.0
719,1377488950,412.0
719,1377488955,407.0
719,1377488960,404.0
719,1377488965,404.0
719,1377488970,401.0
719,1377488975,400.0
719,1377488980,391.0
719,1377488985,396.0
719,1377488990,391.0
719,1377488995,391.0
719,1377489000,396.0
719,1377489005,393.0
719,1377489010,401.0
719,1377489015,401.0
719,1377489020,404.0
719,1377489025,404.0
719,1377489030,406.0
719,1377489035,403.0
719,1377489040,401.0
719,1377489045,396.0
719,1377489050,392.0
719,1377489055,393.0
719,1377489060,396.0
719,1377489065,397.0
719,1377489070,403.0
719,1377489075,401.0
719,1377489080,398.0
719,1377489085,393.0
719,1377489090,392.0
719,1377489095,383.0
719,1377489100,394.0
719,1377489105,393.0
719,1377489110,391.0
719,1377489115,400.0
719,1377489120,400.0
719,1377489125,397.0
719,1377489130,401.0
719,1377489135,406.0
719,1377489140,401.0
719,1377489145,401.0
719,1377489150,393.0
719,1377489155,390.0
719,1377489160,387.0
719,1377489165,385.0
719,1377489170,385.0
719,1377489175,384.0
719,1377489180,388.0
719,1377489185,390.0
719,1377489190,396.0
719,1377489195,403.0
719,1377489200,399.0
719,1377489205,402.0
719,1377489210,396.0
719,1377489215,398.0
719,1377489220,395.0
719,1377489225,395.0
719,1377489230,391.0
719,1377489235,401.0
719,1377489240,401.0
719,1377489245,398.0
719,1377489250,393.0
719,1377489255,387.0
719,1377489260,390.0
719,1377489265,390.0
719,1377489270,393.0
719,1377489275,395.0
719,1377489280,397.0
719,1377489285,406.0
719,1377489290,399.0
719,1377489295,397.0
719,1377489300,393.0
719,1377489305,391.0
719,1377489310,390.0
719,1377489315,390.0
719,1377489320,387.0
719,1377489325,388.0
719,1377489330,392.0
719,1377489335,392.0
719,1377489340,393.0
719,1377489345,396.0
719,1377489350,400.0
719,1377489355,398.0
719,1377489360,403.0
719,1377489365,408.0
719,1377489370,408.0
719,1377489375,404.0
719,1377489380,408.0
719,1377489385,406.0
719,1377489390,407.0
719,1377489395,412.0
719,1377489400,411.0
719,1377489405,409.0
719,1377489410,408.0
719,1377489415,403.0
719,1377489420,401.0
719,1377489425,397.0
719,1377489430,396.0
719,1377489435,393.0
719,1377489440,391.0
719,1377489445,393.0
719,1377489450,393.0
719,1377489455,391.0
719,1377489460,398.0
719,1377489465,403.0
719,1377489470,404.0
719,1377489475,403.0
719,1377489480,403.0
719,1377489485,397.0
719,1377489490,393.0
719,1377489495,391.0
719,1377489500,398.0
719,1377489505,398.0
719,1377489510,412.0
719,1377489515,416.0
719,1377489520,411.0
719,1377489525,413.0
719,1377489530,406.0
719,1377489535,401.0
719,1377489540,393.0
719,1377489545,398.0
719,1377489550,391.0
719,1377489555,391.0
719,1377489560,391.0
719,1377489565,393.0
719,1377489570,398.0
719,1377489575,398.0
719,1377489580,403.0
719,1377489585,403.0
719,1377489591,408.0
719,1377489595,403.0
719,1377489600,402.0
719,1377489605,401.0
719,1377489610,398.0
719,1377489615,396.0
719,1377489620,392.0
719,1377489625,391.0
719,1377489630,388.0
719,1377489635,391.0
719,1377489640,391.0
719,1377489645,389.0
719,1377489650,392.0
719,1377489655,391.0
719,1377489660,401.0
719,1377489665,403.0
719,1377489670,406.0
719,1377489675,404.0
719,1377489680,404.0
719,1377489685,397.0
719,1377489690,396.0
719,1377489695,401.0
719,1377489700,403.0
719,1377489705,408.0
719,1377489710,403.0
719,1377489715,406.0
719,1377489720,406.0
719,1377489725,403.0
719,1377489730,396.0
719,1377489735,400.0
719,1377489740,391.0
719,1377489745,395.0
719,1377489750,390.0
719,1377489755,393.0
719,1377489760,393.0
719,1377489765,395.0
719,1377489770,393.0
719,1377489775,396.0
719,1377489780,390.0
719,1377489785,388.0
719,1377489790,383.0
719,1377489795,385.0
719,1377489800,390.0
719,1377489805,387.0
719,1377489810,390.0
719,1377489815,396.0
719,1377489820,401.0
719,1377489825,404.0
719,1377489830,401.0
719,1377489835,396.0
719,1377489840,398.0
719,1377489845,392.0
719,1377489850,396.0
719,1377489855,396.0
719,1377489860,397.0
719,1377489865,402.0
719,1377489870,404.0
719,1377489875,395.0
719,1377489880,396.0
719,1377489885,393.0
719,1377489890,391.0
719,1377489895,396.0
719,1377489900,393.0
719,1377489905,391.0
719,1377489910,390.0
719,1377489915,390.0
719,1377489920,392.0
719,1377489925,393.0
719,1377489930,398.0
719,1377489935,392.0
719,1377489940,393.0
719,1377489945,391.0
719,1377489950,393.0
719,1377489955,390.0
719,1377489960,390.0
719,1377489965,390.0
719,1377489970,387.0
719,1377489975,395.0
719,1377489980,401.0
719,1377489985,406.0
719,1377489990,401.0
719,1377489995,404.0
719,1377490000,393.0
719,1377490005,396.0
719,1377490010,393.0
719,1377490015,391.0
719,1377490020,391.0
719,1377490025,390.0
719,1377490030,388.0
719,1377490035,388.0
719,1377490040,388.0
719,1377490045,398.0
719,1377490050,400.0
719,1377490055,393.0
719,1377490060,396.0
719,1377490065,395.0
719,1377490070,393.0
719,1377490075,398.0
719,1377490080,400.0
719,1377490085,395.0
719,1377490090,398.0
719,1377490095,401.0
719,1377490100,403.0
719,1377490105,401.0
719,1377490110,398.0
719,1377490115,391.0
719,1377490120,391.0
719,1377490125,392.0
719,1377490130,388.0
719,1377490135,390.0
719,1377490140,390.0
719,1377490145,398.0
719,1377490150,392.0
719,1377490155,390.0
719,1377490160,392.0
719,1377490165,388.0
719,1377490170,388.0
719,1377490175,385.0
719,1377490180,383.0
719,1377490185,387.0
719,1377490190,396.0
719,1377490195,401.0
719,1377490200,403.0
719,1377490205,402.0
719,1377490210,396.0
719,1377490215,398.0
719,1377490220,391.0
719,1377490225,396.0
719,1377490230,387.0
719,1377490235,391.0
719,1377490240,393.0
719,1377490245,395.0
719,1377490250,393.0
719,1377490255,396.0
719,1377490260,396.0
719,1377490265,398.0
719,1377490270,396.0
719,1377490275,390.0
719,1377490280,388.0
719,1377490285,392.0
719,1377490290,392.0
719,1377490295,396.0
719,1377490300,398.0
719,1377490305,396.0
719,1377490310,396.0
719,1377490315,396.0
719,1377490320,398.0
719,1377490325,391.0
719,1377490330,397.0
719,1377490335,392.0
719,1377490340,390.0
719,1377490345,392.0
719,1377490350,398.0
719,1377490355,393.0
719,1377490360,396.0
719,1377490365,391.0
719,1377490370,391.0
719,1377490375,392.0
719,1377490380,391.0
719,1377490385,390.0
719,1377490390,396.0
719,1377490395,398.0
719,1377490400,398.0
719,1377490405,403.0
719,1377490410,403.0
719,1377490415,399.0
719,1377490420,406.0
719,1377490425,404.0
719,1377490430,399.0
719,1377490435,397.0
719,1377490440,398.0
719,1377490445,391.0
719,1377490453,390.0
719,1377490455,393.0
719,1377490460,396.0
719,1377490465,395.0
719,1377490470,393.0
719,1377490475,396.0
719,1377490480,392.0
719,1377490485,383.0
719,1377490490,385.0
719,1377490495,383.0
719,1377490500,390.0
719,1377490505,398.0
719,1377490510,396.0
719,1377490515,401.0
719,1377490520,398.0
719,1377490525,398.0
719,1377490530,393.0
719,1377490535,392.0
719,1377490540,392.0
719,1377490545,392.0
719,1377490550,395.0
719,1377490555,400.0
719,1377490560,406.0
719,1377490565,407.0
719,1377490570,403.0
719,1377490575,404.0
719,1377490580,403.0
719,1377490585,401.0
719,1377490590,398.0
719,1377490595,398.0
719,1377490600,391.0
719,1377490605,396.0
719,1377490610,391.0
719,1377490615,398.0
719,1377490620,396.0
719,1377490625,391.0
719,1377490630,391.0
719,1377490635,396.0
719,1377490640,396.0
719,1377490645,393.0
719,1377490650,388.0
719,1377490655,387.0
719,1377490660,388.0
719,1377490665,390.0
719,1377490670,392.0
719,1377490675,396.0
719,1377490680,398.0
719,1377490685,408.0
719,1377490690,403.0
719,1377490695,406.0
719,1377490700,402.0
719,1377490705,401.0
719,1377490710,398.0
719,1377490715,395.0
719,1377490720,392.0
719,1377490725,396.0
719,1377490730,393.0
719,1377490735,395.0
719,1377490740,391.0
719,1377490745,395.0
719,1377490750,391.0
719,1377490755,391.0
719,1377490760,396.0
719,1377490765,396.0
719,1377490770,393.0
719,1377490775,391.0
719,1377490780,395.0
719,1377490785,398.0
719,1377490790,396.0
719,1377490795,393.0
719,1377490800,398.0
719,1377490805,398.0
719,1377490810,393.0
719,1377490815,395.0
719,1377490820,396.0
719,1377490825,393.0
719,1377490830,393.0
719,1377490835,385.0
719,1377490840,396.0
719,1377490845,390.0
719,1377490850,398.0
719,1377490855,390.0
719,1377490860,393.0
719,1377490865,392.0
719,1377490870,393.0
719,1377490875,388.0
719,1377490880,388.0
719,1377490885,393.0
719,1377490890,396.0
719,1377490895,401.0
719,1377490900,398.0
719,1377490905,392.0
719,1377490910,390.0
719,1377490915,387.0
719,1377490920,387.0
719,1377490925,392.0
719,1377490930,392.0
719,1377490935,387.0
719,1377490940,392.0
719,1377490945,392.0
719,1377490950,393.0
719,1377490955,395.0
719,1377490960,396.0
719,1377490965,403.0
719,1377490970,402.0
719,1377490975,406.0
719,1377490980,398.0
719,1377490985,400.0
719,1377490990,398.0
719,1377490995,398.0
719,1377491000,392.0
719,1377491005,391.0
719,1377491010,388.0
719,1377491015,390.0
719,1377491020,393.0
719,1377491025,396.0
719,1377491030,393.0
719,1377491035,400.0
719,1377491040,398.0
719,1377491045,401.0
719,1377491050,404.0
719,1377491055,401.0
719,1377491060,393.0
719,1377491065,383.0
719,1377491070,385.0
719,1377491075,385.0
719,1377491080,388.0
719,1377491085,382.0
719,1377491090,386.0
719,1377491095,382.0
719,1377491100,385.0
719,1377491105,390.0
719,1377491110,398.0
719,1377491115,385.0
719,1377491120,390.0
719,1377491125,388.0
719,1377491130,387.0
719,1377491135,387.0
719,1377491140,390.0
719,1377491145,388.0
719,1377491150,388.0
719,1377491155,390.0
719,1377491160,393.0
719,1377491165,391.0
719,1377491170,400.0
719,1377491175,398.0
719,1377491180,397.0
719,1377491185,393.0
719,1377491190,393.0
719,1377491195,392.0
719,1377491200,387.0
719,1377491205,392.0
719,1377491210,387.0
719,1377491215,390.0
719,1377491220,393.0
719,1377491225,392.0
719,1377491230,390.0
719,1377491235,385.0
719,1377491240,383.0
719,1377491245,387.0
719,1377491250,392.0
719,1377491255,391.0
719,1377491260,398.0
719,1377491265,398.0
719,1377491270,398.0
719,1377491275,396.0
719,1377491280,398.0
719,1377491285,401.0
719,1377491290,403.0
719,1377491295,398.0
719,1377491300,393.0
719,1377491305,391.0
719,1377491310,392.0
719,1377491315,392.0
719,1377491320,391.0
719,1377491327,396.0
719,1377491330,396.0
719,1377491335,390.0
719,1377491340,396.0
719,1377491345,391.0
719,1377491350,391.0
719,1377491355,383.0
719,1377491360,388.0
719,1377491365,383.0
719,1377491370,385.0
719,1377491375,388.0
719,1377491380,388.0
719,1377491385,388.0
719,1377491390,391.0
719,1377491395,392.0
719,1377491400,387.0
719,1377491405,388.0
719,1377491410,385.0
719,1377491415,388.0
719,1377491420,385.0
719,1377491425,383.0
719,1377491430,396.0
719,1377491435,396.0
719,1377491440,401.0
719,1377491445,401.0
719,1377491450,402.0
719,1377491455,403.0
719,1377491460,403.0
719,1377491465,401.0
719,1377491470,391.0
719,1377491475,387.0
719,1377491480,385.0
719,1377491485,388.0
719,1377491490,388.0
719,1377491495,385.0
719,1377491500,388.0
719,1377491505,383.0
719,1377491510,388.0
719,1377491515,392.0
719,1377491520,388.0
719,1377491525,387.0
719,1377491530,390.0
719,1377491535,398.0
719,1377491540,401.0
719,1377491545,403.0
719,1377491550,406.0
719,1377491555,401.0
719,1377491560,401.0
719,1377491565,396.0
719,1377491570,396.0
719,1377491575,401.0
719,1377491580,403.0
719,1377491585,401.0
719,1377491590,406.0
719,1377491595,393.0
719,1377491600,396.0
719,1377491605,390.0
719,1377491610,390.0
719,1377491615,385.0
719,1377491620,390.0
719,1377491625,383.0
719,1377491630,385.0
719,1377491635,384.0
719,1377491640,383.0
719,1377491645,384.0
719,1377491650,383.0
719,1377491655,382.0
719,1377491660,388.0
719,1377491665,383.0
719,1377491670,384.0
719,1377491675,380.0
719,1377491680,385.0
719,1377491685,379.0
719,1377491690,390.0
719,1377491695,383.0
719,1377491700,388.0
719,1377491705,390.0
719,1377491710,388.0
719,1377491715,385.0
719,1377491720,388.0
719,1377491725,388.0
719,1377491730,388.0
719,1377491735,392.0
719,1377491740,392.0
719,1377491745,383.0
719,1377491750,388.0
719,1377491755,392.0
719,1377491760,396.0
719,1377491765,398.0
719,1377491770,402.0
719,1377491775,403.0
719,1377491780,401.0
719,1377491785,402.0
719,1377491790,398.0
719,1377491795,398.0
719,1377491800,398.0
719,1377491805,396.0
719,1377491810,392.0
719,1377491815,388.0
719,1377491820,390.0
719,1377491825,395.0
719,1377491830,397.0
719,1377491835,395.0
719,1377491840,398.0
719,1377491845,393.0
719,1377491850,393.0
719,1377491855,391.0
719,1377491860,393.0
719,1377491865,395.0
719,1377491870,395.0
719,1377491875,390.0
719,1377491880,396.0
719,1377491885,387.0
719,1377491890,383.0
719,1377491895,388.0
719,1377491900,392.0
719,1377491905,392.0
719,1377491910,391.0
719,1377491915,396.0
719,1377491920,395.0
719,1377491925,391.0
719,1377491930,393.0
719,1377491935,396.0
719,1377491940,393.0
719,1377491945,396.0
719,1377491950,391.0
719,1377491955,393.0
719,1377491960,391.0
719,1377491965,391.0
719,1377491970,392.0
719,1377491975,387.0
719,1377491980,383.0
719,1377491985,390.0
719,1377491990,387.0
719,1377491995,395.0
719,1377492000,400.0
719,1377492005,403.0
719,1377492010,404.0
719,1377492015,400.0
719,1377492020,393.0
719,1377492025,383.0
719,1377492030,390.0
719,1377492035,388.0
719,1377492040,388.0
719,1377492045,383.0
719,1377492050,387.0
719,1377492055,382.0
719,1377492060,382.0
719,1377492065,382.0
719,1377492070,383.0
719,1377492075,384.0
719,1377492080,384.0
719,1377492085,384.0
719,1377492090,387.0
719,1377492095,392.0
719,1377492100,397.0
719,1377492105,398.0
719,1377492110,400.0
719,1377492115,392.0
719,1377492120,392.0
719,1377492125,392.0
719,1377492130,397.0
719,1377492135,398.0
719,1377492140,401.0
719,1377492145,391.0
719,1377492150,390.0
719,1377492155,387.0
719,1377492160,390.0
719,1377492165,388.0
719,1377492170,390.0
719,1377492175,396.0
719,1377492182,396.0
719,1377492185,393.0
719,1377492190,392.0
719,1377492195,388.0
719,1377492200,388.0
719,1377492205,385.0
719,1377492210,383.0
719,1377492215,383.0
719,1377492220,385.0
719,1377492225,391.0
719,1377492230,395.0
719,1377492235,398.0
719,1377492240,398.0
719,1377492245,397.0
719,1377492250,395.0
719,1377492255,401.0
719,1377492260,396.0
719,1377492265,392.0
719,1377492270,390.0
719,1377492275,392.0
719,1377492280,390.0
719,1377492285,396.0
719,1377492290,401.0
719,1377492295,403.0
719,1377492300,404.0
719,1377492305,406.0
719,1377492310,391.0
719,1377492315,392.0
719,1377492320,388.0
719,1377492325,382.0
719,1377492330,377.0
719,1377492335,382.0
719,1377492340,384.0
719,1377492345,385.0
719,1377492350,387.0
719,1377492355,392.0
719,1377492360,393.0
719,1377492365,398.0
719,1377492370,406.0
719,1377492375,398.0
719,1377492380,397.0
719,1377492385,395.0
719,1377492390,395.0
719,1377492395,396.0
719,1377492400,398.0
719,1377492405,391.0
719,1377492410,392.0
719,1377492415,391.0
719,1377492420,396.0
719,1377492425,392.0
719,1377492430,390.0
719,1377492435,387.0
719,1377492440,385.0
719,1377492445,384.0
719,1377492450,380.0
719,1377492455,384.0
719,1377492460,384.0
719,1377492465,385.0
719,1377492470,392.0
719,1377492475,398.0
719,1377492480,392.0
719,1377492485,396.0
719,1377492490,396.0
719,1377492495,396.0
719,1377492500,395.0
719,1377492505,400.0
719,1377492510,391.0
719,1377492515,393.0
719,1377492520,391.0
719,1377492525,398.0
719,1377492530,395.0
719,1377492535,396.0
719,1377492540,398.0
719,1377492545,392.0
719,1377492550,385.0
719,1377492555,385.0
719,1377492560,382.0
719,1377492565,385.0
719,1377492570,385.0
719,1377492575,385.0
719,1377492580,388.0
719,1377492585,387.0
719,1377492590,392.0
719,1377492595,388.0
719,1377492600,398.0
719,1377492605,385.0
719,1377492610,390.0
719,1377492615,387.0
719,1377492620,391.0
719,1377492625,385.0
719,1377492630,388.0
719,1377492635,380.0
719,1377492640,384.0
719,1377492645,388.0
719,1377492650,391.0
719,1377492655,395.0
719,1377492660,400.0
719,1377492665,391.0
719,1377492670,393.0
719,1377492675,396.0
719,1377492680,395.0
719,1377492685,396.0
719,1377492690,401.0
719,1377492695,396.0
719,1377492700,391.0
719,1377492705,383.0
719,1377492710,384.0
719,1377492715,382.0
719,1377492720,385.0
719,1377492725,387.0
719,1377492730,393.0
719,1377492735,396.0
719,1377492740,390.0
719,1377492745,392.0
719,1377492750,383.0
719,1377492755,393.0
719,1377492760,390.0
719,1377492765,390.0
719,1377492770,392.0
719,1377492775,387.0
719,1377492780,388.0
719,1377492785,385.0
719,1377492790,388.0
719,1377492795,390.0
719,1377492800,392.0
719,1377492805,398.0
719,1377492810,391.0
719,1377492815,392.0
719,1377492820,390.0
719,1377492825,383.0
719,1377492830,391.0
719,1377492835,398.0
719,1377492840,401.0
719,1377492845,403.0
719,1377492850,403.0
719,1377492855,406.0
719,1377492860,397.0
719,1377492865,390.0
719,1377492870,385.0
719,1377492875,384.0
719,1377492880,379.0
719,1377492885,382.0
719,1377492890,382.0
719,1377492895,385.0
719,1377492900,388.0
719,1377492905,388.0
719,1377492910,383.0
719,1377492915,385.0
719,1377492920,385.0
719,1377492925,383.0
719,1377492930,382.0
719,1377492935,382.0
719,1377492940,384.0
719,1377492945,382.0
719,1377492950,382.0
719,1377492955,390.0
719,1377492960,390.0
719,1377492965,390.0
719,1377492970,385.0
719,1377492975,387.0
719,1377492980,390.0
719,1377492985,398.0
719,1377492990,395.0
719,1377492995,404.0
719,1377493000,401.0
719,1377493005,406.0
719,1377493010,397.0
719,1377493015,398.0
719,1377493020,393.0
719,1377493025,396.0
719,1377493030,392.0
719,1377493035,383.0
719,1377493040,385.0
719,1377493045,388.0
719,1377493050,385.0
719,1377493055,388.0
719,1377493060,388.0
719,1377493065,393.0
719,1377493070,393.0
719,1377493075,393.0
719,1377493080,390.0
719,1377493085,385.0
719,1377493090,390.0
719,1377493095,393.0
719,1377493100,398.0
719,1377493105,397.0
719,1377493110,406.0
719,1377493115,392.0
719,1377493120,388.0
719,1377493125,375.0
719,1377493130,384.0
719,1377493135,384.0
719,1377493140,385.0
719,1377493145,385.0
719,1377493150,383.0
719,1377493155,387.0
719,1377493160,393.0
719,1377493165,391.0
719,1377493170,393.0
719,1377493175,396.0
719,1377493180,390.0
719,1377493185,388.0
719,1377493190,382.0
719,1377493195,379.0
719,1377493200,388.0
719,1377493205,392.0
719,1377493210,391.0
719,1377493215,391.0
719,1377493220,396.0
719,1377493225,391.0
719,1377493230,385.0
719,1377493235,385.0
719,1377493240,387.0
719,1377493245,392.0
719,1377493250,383.0
719,1377493255,391.0
719,1377493260,396.0
719,1377493265,391.0
719,1377493270,398.0
719,1377493275,391.0
719,1377493280,393.0
719,1377493285,388.0
719,1377493290,383.0
719,1377493295,390.0
719,1377493300,393.0
719,1377493305,398.0
719,1377493310,391.0
719,1377493315,390.0
719,1377493320,392.0
719,1377493325,391.0
719,1377493330,383.0
719,1377493335,388.0
719,1377493340,390.0
719,1377493345,388.0
719,1377493350,388.0
719,1377493355,387.0
719,1377493360,390.0
719,1377493365,388.0
719,1377493370,393.0
719,1377493375,392.0
719,1377493380,393.0
719,1377493385,393.0
719,1377493390,391.0
719,1377493395,398.0
719,1377493400,391.0
719,1377493405,393.0
719,1377493410,395.0
719,1377493415,398.0
719,1377493420,396.0
719,1377493425,396.0
719,1377493430,396.0
719,1377493435,396.0
719,1377493440,391.0
719,1377493445,391.0
719,1377493450,390.0
719,1377493455,393.0
719,1377493460,390.0
719,1377493465,383.0
719,1377493470,385.0
719,1377493475,383.0
719,1377493480,388.0
719,1377493485,393.0
719,1377493490,391.0
719,1377493495,396.0
719,1377493500,400.0
719,1377493505,396.0
719,1377493510,393.0
719,1377493515,398.0
719,1377493520,393.0
719,1377493525,391.0
719,1377493530,395.0
719,1377493535,391.0
719,1377493540,391.0
719,1377493545,393.0
719,1377493550,390.0
719,1377493555,391.0
719,1377493560,392.0
719,1377493565,390.0
719,1377493570,390.0
719,1377493575,392.0
719,1377493580,392.0
719,1377493585,393.0
719,1377493590,391.0
719,1377493595,392.0
719,1377493600,396.0
719,1377493605,392.0
719,1377493610,390.0
719,1377493615,390.0
719,1377493620,390.0
719,1377493625,388.0
719,1377493630,385.0
719,1377493635,383.0
719,1377493640,390.0
719,1377493645,388.0
719,1377493650,385.0
719,1377493655,388.0
719,1377493660,390.0
719,1377493665,388.0
719,1377493670,387.0
719,1377493675,385.0
719,1377493680,385.0
719,1377493685,382.0
719,1377493690,388.0
719,1377493695,393.0
719,1377493700,398.0
719,1377493705,397.0
719,1377493710,401.0
719,1377493715,398.0
719,1377493720,391.0
719,1377493725,390.0
719,1377493730,387.0
719,1377493735,390.0
719,1377493740,387.0
719,1377493745,387.0
719,1377493750,388.0
719,1377493755,383.0
719,1377493760,385.0
719,1377493765,390.0
719,1377493770,385.0
719,1377493775,385.0
719,1377493780,387.0
719,1377493785,390.0
719,1377493790,383.0
719,1377493795,390.0
719,1377493800,396.0
719,1377493805,396.0
719,1377493810,393.0
719,1377493815,393.0
719,1377493820,393.0
719,1377493825,393.0
719,1377493830,398.0
719,1377493835,395.0
719,1377493840,396.0
719,1377493845,385.0
719,1377493850,390.0
719,1377493855,391.0
719,1377493860,401.0
719,1377493865,391.0
719,1377493870,395.0
719,1377493877,393.0
719,1377493880,398.0
719,1377493885,398.0
719,1377493890,398.0
719,1377493895,398.0
719,1377493900,397.0
719,1377493905,398.0
719,1377493910,393.0
719,1377493915,385.0
719,1377493920,380.0
719,1377493925,380.0
719,1377493930,384.0
719,1377493935,375.0
719,1377493940,388.0
719,1377493945,390.0
719,1377493950,396.0
719,1377493955,396.0
719,1377493960,398.0
719,1377493965,390.0
719,1377493970,392.0
719,1377493975,396.0
719,1377493980,393.0
719,1377493985,400.0
719,1377493990,398.0
719,1377493995,391.0
719,1377494000,398.0
719,1377494005,396.0
719,1377494010,391.0
719,1377494015,396.0
719,1377494020,393.0
719,1377494025,387.0
719,1377494030,388.0
719,1377494035,382.0
719,1377494040,384.0
719,1377494045,390.0
719,1377494050,389.0
719,1377494055,396.0
719,1377494060,398.0
719,1377494065,398.0
719,1377494070,401.0
719,1377494075,391.0
719,1377494080,388.0
719,1377494085,385.0
719,1377494090,383.0
719,1377494095,392.0
719,1377494100,395.0
719,1377494105,393.0
719,1377494110,400.0
719,1377494115,395.0
719,1377494120,391.0
719,1377494125,393.0
719,1377494130,393.0
719,1377494135,393.0
719,1377494140,401.0
719,1377494145,390.0
719,1377494150,392.0
719,1377494155,387.0
719,1377494160,390.0
719,1377494165,391.0
719,1377494170,391.0
719,1377494175,396.0
719,1377494180,392.0
719,1377494185,392.0
719,1377494190,390.0
719,1377494195,383.0
719,1377494200,392.0
719,1377494205,383.0
719,1377494210,384.0
719,1377494215,379.0
719,1377494220,380.0
719,1377494225,377.0
719,1377494230,380.0
719,1377494235,379.0
719,1377494240,380.0
719,1377494245,383.0
719,1377494250,385.0
719,1377494255,387.0
719,1377494260,393.0
719,1377494265,401.0
719,1377494270,396.0
719,1377494275,401.0
719,1377494280,398.0
719,1377494285,404.0
719,1377494290,401.0
719,1377494295,397.0
719,1377494300,393.0
719,1377494305,390.0
719,1377494310,382.0
719,1377494315,382.0
719,1377494320,380.0
719,1377494325,385.0
719,1377494330,387.0
719,1377494335,391.0
719,1377494340,391.0
719,1377494345,396.0
719,1377494350,396.0
719,1377494355,391.0
719,1377494360,398.0
719,1377494365,397.0
719,1377494370,403.0
719,1377494375,401.0
719,1377494380,408.0
719,1377494385,397.0
719,1377494390,397.0
719,1377494395,388.0
719,1377494400,386.0
719,1377494405,385.0
719,1377494410,383.0
719,1377494415,385.0
719,1377494420,393.0
719,1377494425,391.0
719,1377494430,400.0
719,1377494435,401.0
719,1377494440,397.0
719,1377494445,401.0
719,1377494450,398.0
719,1377494455,403.0
719,1377494460,403.0
719,1377494465,403.0
719,1377494470,397.0
719,1377494475,400.0
719,1377494480,398.0
719,1377494485,391.0
719,1377494490,391.0
719,1377494495,391.0
719,1377494500,393.0
719,1377494505,398.0
719,1377494510,398.0
719,1377494515,401.0
719,1377494520,401.0
719,1377494525,398.0
719,1377494530,398.0
719,1377494535,398.0
719,1377494540,398.0
719,1377494545,391.0
719,1377494550,390.0
719,1377494555,383.0
719,1377494560,390.0
719,1377494565,383.0
719,1377494570,388.0
719,1377494575,380.0
719,1377494580,384.0
719,1377494585,384.0
719,1377494590,384.0
719,1377494595,383.0
719,1377494600,383.0
719,1377494605,384.0
719,1377494610,382.0
719,1377494615,383.0
719,1377494620,385.0
719,1377494625,388.0
719,1377494630,388.0
719,1377494635,388.0
719,1377494640,391.0
719,1377494645,391.0
719,1377494650,393.0
719,1377494655,398.0
719,1377494660,392.0
719,1377494665,383.0
719,1377494670,387.0
719,1377494676,388.0
719,1377494680,385.0
719,1377494685,387.0
719,1377494690,387.0
719,1377494695,387.0
719,1377494700,392.0
719,1377494705,391.0
719,1377494710,387.0
719,1377494715,387.0
719,1377494720,392.0
719,1377494725,391.0
719,1377494730,392.0
719,1377494735,391.0
719,1377494740,385.0
719,1377494745,382.0
719,1377494750,382.0
719,1377494755,380.0
719,1377494760,380.0
719,1377494765,388.0
719,1377494770,383.0
719,1377494775,384.0
719,1377494780,384.0
719,1377494785,383.0
719,1377494790,387.0
719,1377494795,393.0
719,1377494800,398.0
719,1377494805,398.0
719,1377494810,400.0
719,1377494815,396.0
719,1377494820,392.0
719,1377494825,383.0
719,1377494830,383.0
719,1377494835,383.0
719,1377494840,388.0
719,1377494845,388.0
719,1377494850,383.0
719,1377494855,381.0
719,1377494860,382.0
719,1377494865,382.0
719,1377494870,390.0
719,1377494875,385.0
719,1377494880,393.0
719,1377494885,392.0
719,1377494890,397.0
719,1377494895,396.0
719,1377494900,391.0
719,1377494905,401.0
719,1377494910,395.0
719,1377494915,396.0
719,1377494920,393.0
719,1377494925,387.0
719,1377494930,383.0
719,1377494935,385.0
719,1377494940,385.0
719,1377494945,383.0
719,1377494950,383.0
719,1377494955,383.0
719,1377494960,392.0
719,1377494965,393.0
719,1377494970,393.0
719,1377494975,390.0
719,1377494980,383.0
719,1377494985,392.0
719,1377494990,388.0
719,1377494995,388.0
719,1377495000,392.0
719,1377495005,392.0
719,1377495010,393.0
719,1377495015,398.0
719,1377495020,396.0
719,1377495025,400.0
719,1377495030,399.0
719,1377495035,404.0
719,1377495040,407.0
719,1377495045,408.0
719,1377495050,403.0
719,1377495055,397.0
719,1377495060,401.0
719,1377495065,402.0
719,1377495070,401.0
719,1377495075,395.0
719,1377495080,391.0
719,1377495085,393.0
719,1377495090,392.0
719,1377495095,396.0
719,1377495100,402.0
719,1377495105,408.0
719,1377495110,411.0
719,1377495115,406.0
719,1377495120,408.0
719,1377495125,399.0
719,1377495130,404.0
719,1377495135,398.0
719,1377495140,393.0
719,1377495145,388.0
719,1377495150,383.0
719,1377495155,392.0
719,1377495160,396.0
719,1377495165,395.0
719,1377495170,397.0
719,1377495175,397.0
719,1377495180,398.0
719,1377495185,401.0
719,1377495190,398.0
719,1377495195,401.0
719,1377495200,398.0
719,1377495205,401.0
719,1377495210,397.0
719,1377495215,397.0
719,1377495220,401.0
719,1377495225,398.0
719,1377495230,401.0
719,1377495235,408.0
719,1377495240,403.0
719,1377495245,403.0
719,1377495250,397.0
719,1377495255,395.0
719,1377495260,392.0
719,1377495265,398.0
719,1377495270,392.0
719,1377495275,396.0
719,1377495280,393.0
719,1377495285,406.0
719,1377495290,401.0
719,1377495295,401.0
719,1377495300,403.0
719,1377495305,401.0
719,1377495310,404.0
719,1377495315,399.0
719,1377495320,406.0
719,1377495325,402.0
719,1377495330,401.0
719,1377495335,404.0
719,1377495340,401.0
719,1377495345,404.0
719,1377495350,406.0
719,1377495355,401.0
719,1377495360,404.0
719,1377495365,406.0
719,1377495370,404.0
719,1377495375,397.0
719,1377495380,401.0
719,1377495385,395.0
719,1377495390,400.0
719,1377495395,401.0
719,1377495400,406.0
719,1377495405,401.0
719,1377495410,396.0
719,1377495415,393.0
719,1377495420,385.0
719,1377495425,375.0
719,1377495430,377.0
719,1377495435,377.0
719,1377495440,380.0
719,1377495445,384.0
719,1377495450,390.0
719,1377495455,387.0
719,1377495460,387.0
719,1377495465,393.0
719,1377495470,390.0
719,1377495475,388.0
719,1377495480,379.0
719,1377495485,385.0
719,1377495490,382.0
719,1377495495,383.0
719,1377495500,392.0
719,1377495505,393.0
719,1377495513,393.0
719,1377495515,400.0
719,1377495520,395.0
719,1377495525,392.0
719,1377495530,388.0
719,1377495535,388.0
719,1377495540,390.0
719,1377495545,385.0
719,1377495550,392.0
719,1377495555,394.0
719,1377495560,391.0
719,1377495565,398.0
719,1377495570,396.0
719,1377495575,390.0
719,1377495580,387.0
719,1377495585,392.0
719,1377495590,383.0
719,1377495595,387.0
719,1377495600,388.0
719,1377495605,388.0
719,1377495610,388.0
719,1377495615,392.0
719,1377495620,387.0
719,1377495625,390.0
719,1377495630,392.0
719,1377495635,392.0
719,1377495640,393.0
719,1377495645,387.0
719,1377495650,391.0
719,1377495655,391.0
719,1377495660,397.0
719,1377495665,398.0
719,1377495670,396.0
719,1377495675,401.0
719,1377495680,397.0
719,1377495685,401.0
719,1377495690,401.0
719,1377495695,400.0
719,1377495700,403.0
719,1377495705,401.0
719,1377495710,404.0
719,1377495715,403.0
719,1377495720,401.0
719,1377495725,401.0
719,1377495730,397.0
719,1377495735,401.0
719,1377495740,400.0
719,1377495745,404.0
719,1377495750,408.0
719,1377495755,409.0
719,1377495760,407.0
719,1377495765,412.0
719,1377495770,402.0
719,1377495775,401.0
719,1377495780,398.0
719,1377495785,398.0
719,1377495790,393.0
719,1377495795,393.0
719,1377495800,393.0
719,1377495805,393.0
719,1377495810,396.0
719,1377495815,398.0
719,1377495820,388.0
719,1377495825,383.0
719,1377495830,383.0
719,1377495835,390.0
719,1377495840,391.0
719,1377495845,392.0
719,1377495850,393.0
719,1377495855,392.0
719,1377495860,393.0
719,1377495865,390.0
719,1377495870,387.0
719,1377495875,388.0
719,1377495880,388.0
719,1377495885,385.0
719,1377495890,383.0
719,1377495895,390.0
719,1377495900,390.0
719,1377495905,388.0
719,1377495910,392.0
719,1377495915,387.0
719,1377495920,387.0
719,1377495925,387.0
719,1377495930,385.0
719,1377495935,388.0
719,1377495940,387.0
719,1377495945,387.0
719,1377495950,392.0
719,1377495955,392.0
719,1377495960,400.0
719,1377495965,398.0
719,1377495970,398.0
719,1377495975,408.0
719,1377495980,403.0
719,1377495985,398.0
719,1377495990,401.0
719,1377495995,397.0
719,1377496000,398.0
719,1377496005,398.0
719,1377496010,397.0
719,1377496015,408.0
719,1377496020,404.0
719,1377496025,398.0
719,1377496030,399.0
719,1377496035,400.0
719,1377496040,403.0
719,1377496045,403.0
719,1377496050,403.0
719,1377496055,403.0
719,1377496060,408.0
719,1377496065,403.0
719,1377496070,399.0
719,1377496075,403.0
719,1377496080,403.0
719,1377496085,400.0
719,1377496090,391.0
719,1377496095,390.0
719,1377496100,390.0
719,1377496105,390.0
719,1377496110,398.0
719,1377496115,402.0
719,1377496120,401.0
719,1377496125,414.0
719,1377496130,412.0
719,1377496135,404.0
719,1377496140,406.0
719,1377496145,395.0
719,1377496150,398.0
719,1377496155,390.0
719,1377496160,392.0
719,1377496165,398.0
719,1377496170,406.0
719,1377496175,397.0
719,1377496180,401.0
719,1377496185,397.0
719,1377496190,392.0
719,1377496195,388.0
719,1377496200,382.0
719,1377496205,381.0
719,1377496210,382.0
719,1377496215,383.0
719,1377496220,398.0
719,1377496225,392.0
719,1377496230,387.0
719,1377496235,391.0
719,1377496240,396.0
719,1377496245,396.0
719,1377496250,396.0
719,1377496255,396.0
719,1377496260,385.0
719,1377496265,393.0
719,1377496270,393.0
719,1377496275,401.0
719,1377496280,403.0
719,1377496285,406.0
719,1377496290,395.0
719,1377496295,391.0
719,1377496300,390.0
719,1377496305,383.0
719,1377496310,388.0
719,1377496315,388.0
719,1377496320,385.0
719,1377496325,390.0
719,1377496330,385.0
719,1377496335,392.0
719,1377496340,391.0
719,1377496345,401.0
719,1377496352,399.0
719,1377496355,395.0
719,1377496360,396.0
719,1377496365,396.0
719,1377496370,393.0
719,1377496375,388.0
719,1377496380,383.0
719,1377496385,387.0
719,1377496390,390.0
719,1377496395,393.0
719,1377496400,400.0
719,1377496405,395.0
719,1377496410,390.0
719,1377496415,392.0
719,1377496420,387.0
719,1377496425,387.0
719,1377496430,383.0
719,1377496435,383.0
719,1377496440,387.0
719,1377496445,388.0
719,1377496450,388.0
719,1377496455,391.0
719,1377496460,395.0
719,1377496465,401.0
719,1377496470,401.0
719,1377496475,404.0
719,1377496480,403.0
719,1377496485,401.0
719,1377496490,391.0
719,1377496495,398.0
719,1377496500,396.0
719,1377496505,391.0
719,1377496510,396.0
719,1377496515,399.0
719,1377496520,391.0
719,1377496525,396.0
719,1377496530,390.0
719,1377496535,396.0
719,1377496540,396.0
719,1377496545,397.0
719,1377496550,404.0
719,1377496555,403.0
719,1377496560,401.0
719,1377496565,396.0
719,1377496570,398.0
719,1377496575,393.0
719,1377496580,395.0
719,1377496585,400.0
719,1377496590,401.0
719,1377496595,400.0
719,1377496600,401.0
719,1377496605,397.0
719,1377496610,398.0
719,1377496615,387.0
719,1377496620,383.0
719,1377496625,382.0
719,1377496630,382.0
719,1377496635,388.0
719,1377496640,390.0
719,1377496645,383.0
719,1377496650,392.0
719,1377496655,388.0
719,1377496660,390.0
719,1377496665,391.0
719,1377496670,393.0
719,1377496675,391.0
719,1377496680,392.0
719,1377496685,392.0
719,1377496690,390.0
719,1377496695,393.0
719,1377496700,391.0
719,1377496705,387.0
719,1377496710,385.0
719,1377496715,388.0
719,1377496720,385.0
719,1377496725,390.0
719,1377496730,391.0
719,1377496735,396.0
719,1377496740,398.0
719,1377496745,393.0
719,1377496750,395.0
719,1377496755,401.0
719,1377496760,400.0
719,1377496765,401.0
719,1377496770,396.0
719,1377496775,397.0
719,1377496780,391.0
719,1377496785,397.0
719,1377496790,402.0
719,1377496795,404.0
719,1377496800,407.0
719,1377496805,408.0
719,1377496810,398.0
719,1377496815,395.0
719,1377496820,396.0
719,1377496825,388.0
719,1377496830,398.0
719,1377496835,392.0
719,1377496840,392.0
719,1377496845,387.0
719,1377496850,390.0
719,1377496855,390.0
719,1377496860,387.0
719,1377496865,379.0
719,1377496870,384.0
719,1377496875,385.0
719,1377496880,392.0
719,1377496885,393.0
719,1377496890,398.0
719,1377496895,396.0
719,1377496900,390.0
719,1377496905,392.0
719,1377496910,385.0
719,1377496915,385.0
719,1377496920,388.0
719,1377496925,385.0
719,1377496930,388.0
719,1377496935,385.0
719,1377496940,390.0
719,1377496945,385.0
719,1377496950,387.0
719,1377496955,392.0
719,1377496960,398.0
719,1377496965,390.0
719,1377496970,390.0
719,1377496975,390.0
719,1377496980,398.0
719,1377496985,396.0
719,1377496990,391.0
719,1377496995,395.0
719,1377497000,395.0
719,1377497005,395.0
719,1377497010,398.0
719,1377497015,396.0
719,1377497020,396.0
719,1377497025,393.0
719,1377497030,391.0
719,1377497035,392.0
719,1377497040,391.0
719,1377497045,388.0
719,1377497050,387.0
719,1377497055,383.0
719,1377497060,393.0
719,1377497065,387.0
719,1377497070,390.0
719,1377497075,390.0
719,1377497080,390.0
719,1377497085,387.0
719,1377497090,388.0
719,1377497095,383.0
719,1377497100,392.0
719,1377497105,392.0
719,1377497110,392.0
719,1377497115,385.0
719,1377497120,385.0
719,1377497125,385.0
719,1377497130,387.0
719,1377497135,383.0
719,1377497140,392.0
719,1377497145,388.0
719,1377497150,392.0
719,1377497155,398.0
719,1377497160,388.0
719,1377497165,388.0
719,1377497170,385.0
719,1377497175,383.0
719,1377497180,391.0
719,1377497185,396.0
719,1377497190,391.0
719,1377497195,393.0
719,1377497200,396.0
719,1377497205,392.0
719,1377497210,393.0
719,1377497215,392.0
719,1377497220,390.0
719,1377497225,388.0
719,1377497230,385.0
719,1377497235,392.0
719,1377497240,392.0
719,1377497245,396.0
719,1377497250,396.0
719,1377497255,397.0
719,1377497260,393.0
719,1377497265,393.0
719,1377497270,392.0
719,1377497275,390.0
719,1377497280,396.0
719,1377497285,398.0
719,1377497290,393.0
719,1377497295,394.0
719,1377497300,382.0
719,1377497305,379.0
719,1377497310,382.0
719,1377497315,383.0
719,1377497320,387.0
719,1377497325,398.0
719,1377497330,396.0
719,1377497335,398.0
719,1377497340,392.0
719,1377497345,392.0
719,1377497350,392.0
719,1377497355,392.0
719,1377497360,392.0
719,1377497365,387.0
719,1377497370,392.0
719,1377497375,393.0
719,1377497380,392.0
719,1377497385,391.0
719,1377497390,383.0
719,1377497395,388.0
719,1377497400,388.0
719,1377497405,390.0
719,1377497410,391.0
719,1377497415,398.0
719,1377497420,400.0
719,1377497425,398.0
719,1377497430,395.0
719,1377497435,393.0
719,1377497440,393.0
719,1377497445,393.0
719,1377497450,396.0
719,1377497455,391.0
719,1377497460,393.0
719,1377497465,392.0
719,1377497470,393.0
719,1377497475,396.0
719,1377497480,387.0
719,1377497485,392.0
719,1377497490,382.0
719,1377497495,388.0
719,1377497500,388.0
719,1377497505,390.0
719,1377497510,388.0
719,1377497515,390.0
719,1377497520,383.0
719,1377497525,383.0
719,1377497530,383.0
719,1377497535,392.0
719,1377497540,396.0
719,1377497545,395.0
719,1377497550,398.0
719,1377497555,396.0
719,1377497560,396.0
719,1377497565,396.0
719,1377497570,400.0
719,1377497575,401.0
719,1377497580,406.0
719,1377497585,399.0
719,1377497590,401.0
719,1377497595,395.0
719,1377497600,395.0
719,1377497605,391.0
719,1377497610,393.0
719,1377497615,391.0
719,1377497620,391.0
719,1377497625,393.0
719,1377497630,396.0
719,1377497635,397.0
719,1377497640,397.0
719,1377497645,400.0
719,1377497650,406.0
719,1377497655,396.0
719,1377497660,395.0
719,1377497665,393.0
719,1377497670,396.0
719,1377497675,398.0
719,1377497680,395.0
719,1377497685,398.0
719,1377497690,390.0
719,1377497695,383.0
719,1377497700,385.0
719,1377497705,379.0
719,1377497710,384.0
719,1377497715,384.0
719,1377497720,391.0
719,1377497725,391.0
719,1377497730,401.0
719,1377497735,397.0
719,1377497740,401.0
719,1377497745,398.0
719,1377497750,396.0
719,1377497755,396.0
719,1377497760,391.0
719,1377497765,392.0
719,1377497770,385.0
719,1377497775,390.0
719,1377497780,391.0
719,1377497785,396.0
719,1377497790,398.0
719,1377497795,396.0
719,1377497800,393.0
719,1377497805,383.0
719,1377497810,387.0
719,1377497815,388.0
719,1377497820,382.0
719,1377497825,390.0
719,1377497830,393.0
719,1377497835,395.0
719,1377497840,397.0
719,1377497845,393.0
719,1377497850,387.0
719,1377497855,388.0
719,1377497860,393.0
719,1377497865,398.0
719,1377497870,402.0
719,1377497875,396.0
719,1377497880,396.0
719,1377497885,383.0
719,1377497890,392.0
719,1377497895,390.0
719,1377497900,393.0
719,1377497905,396.0
719,1377497910,393.0
719,1377497915,392.0
719,1377497920,393.0
719,1377497925,393.0
719,1377497930,391.0
719,1377497935,396.0
719,1377497940,395.0
719,1377497945,396.0
719,1377497950,392.0
719,1377497955,388.0
719,1377497960,392.0
719,1377497965,393.0
719,1377497970,396.0
719,1377497975,396.0
719,1377497980,400.0
719,1377497985,398.0
719,1377497990,398.0
719,1377497995,406.0
719,1377498000,395.0
719,1377498005,393.0
719,1377498010,390.0
719,1377498015,387.0
719,1377498022,385.0
719,1377498025,387.0
719,1377498030,392.0
719,1377498035,391.0
719,1377498040,393.0
719,1377498045,387.0
719,1377498050,383.0
719,1377498055,375.0
719,1377498060,377.0
719,1377498065,384.0
719,1377498070,384.0
719,1377498075,392.0
719,1377498080,390.0
719,1377498085,391.0
719,1377498090,396.0
719,1377498095,396.0
719,1377498100,398.0
719,1377498105,393.0
719,1377498110,401.0
719,1377498115,401.0
719,1377498120,404.0
719,1377498125,401.0
719,1377498130,396.0
719,1377498135,396.0
719,1377498140,396.0
719,1377498145,396.0
719,1377498150,391.0
719,1377498155,392.0
719,1377498160,390.0
719,1377498165,387.0
719,1377498170,387.0
719,1377498175,387.0
719,1377498180,392.0
719,1377498185,392.0
719,1377498190,396.0
719,1377498195,392.0
719,1377498200,390.0
719,1377498205,389.0
719,1377498210,392.0
719,1377498215,391.0
719,1377498220,393.0
719,1377498225,391.0
719,1377498230,392.0
719,1377498235,390.0
719,1377498240,393.0
719,1377498245,398.0
719,1377498250,395.0
719,1377498255,391.0
719,1377498260,398.0
719,1377498265,398.0
719,1377498270,391.0
719,1377498275,393.0
719,1377498280,390.0
719,1377498285,391.0
719,1377498290,387.0
719,1377498295,388.0
719,1377498300,383.0
719,1377498305,388.0
719,1377498310,388.0
719,1377498315,392.0
719,1377498320,393.0
719,1377498325,393.0
719,1377498330,388.0
719,1377498335,385.0
719,1377498340,388.0
719,1377498345,382.0
719,1377498350,379.0
719,1377498355,384.0
719,1377498360,385.0
719,1377498365,384.0
719,1377498370,385.0
719,1377498375,380.0
719,1377498380,382.0
719,1377498385,390.0
719,1377498390,391.0
719,1377498395,391.0
719,1377498400,398.0
719,1377498405,393.0
719,1377498410,393.0
719,1377498415,390.0
719,1377498420,391.0
719,1377498425,398.0
719,1377498430,391.0
719,1377498435,396.0
719,1377498440,387.0
719,1377498445,385.0
719,1377498450,390.0
719,1377498455,393.0
719,1377498460,398.0
719,1377498465,396.0
719,1377498470,393.0
719,1377498475,392.0
719,1377498480,390.0
719,1377498485,383.0
719,1377498490,385.0
719,1377498495,387.0
719,1377498500,385.0
719,1377498505,385.0
719,1377498510,380.0
719,1377498515,375.0
719,1377498520,379.0
719,1377498525,384.0
719,1377498530,379.0
719,1377498535,390.0
719,1377498540,375.0
719,1377498545,382.0
719,1377498550,383.0
719,1377498555,383.0
719,1377498560,390.0
719,1377498565,396.0
719,1377498570,401.0
719,1377498575,393.0
719,1377498580,398.0
719,1377498585,390.0
719,1377498590,390.0
719,1377498595,393.0
719,1377498600,396.0
719,1377498605,397.0
719,1377498610,401.0
719,1377498615,396.0
719,1377498620,391.0
719,1377498625,392.0
719,1377498630,396.0
719,1377498635,396.0
719,1377498640,395.0
719,1377498645,395.0
719,1377498650,395.0
719,1377498655,392.0
719,1377498660,395.0
719,1377498665,392.0
719,1377498670,393.0
719,1377498675,395.0
719,1377498680,398.0
719,1377498685,404.0
719,1377498690,404.0
719,1377498695,401.0
719,1377498700,397.0
719,1377498705,397.0
719,1377498710,393.0
719,1377498715,392.0
719,1377498720,383.0
719,1377498725,385.0
719,1377498730,382.0
719,1377498735,383.0
719,1377498740,385.0
719,1377498745,391.0
719,1377498750,393.0
719,1377498755,400.0
719,1377498760,401.0
719,1377498765,414.0
719,1377498770,401.0
719,1377498775,406.0
719,1377498780,398.0
719,1377498785,401.0
719,1377498790,400.0
719,1377498795,393.0
719,1377498800,392.0
719,1377498805,385.0
719,1377498810,382.0
719,1377498815,388.0
719,1377498820,388.0
719,1377498825,391.0
719,1377498830,392.0
719,1377498835,392.0
719,1377498840,390.0
719,1377498845,385.0
719,1377498850,384.0
719,1377498855,382.0
719,1377498860,383.0
719,1377498865,385.0
719,1377498870,387.0
719,1377498875,385.0
719,1377498880,385.0
719,1377498885,383.0
719,1377498890,382.0
719,1377498895,384.0
719,1377498900,387.0
719,1377498905,385.0
719,1377498911,392.0
719,1377498915,383.0
719,1377498920,390.0
719,1377498925,388.0
719,1377498930,383.0
719,1377498935,392.0
719,1377498940,392.0
719,1377498945,393.0
719,1377498950,390.0
719,1377498955,396.0
719,1377498960,392.0
719,1377498965,393.0
719,1377498970,396.0
719,1377498975,398.0
719,1377498980,393.0
719,1377498985,388.0
719,1377498990,382.0
719,1377498995,384.0
719,1377499000,375.0
719,1377499005,384.0
719,1377499010,380.0
719,1377499015,390.0
719,1377499020,382.0
719,1377499025,385.0
719,1377499030,388.0
719,1377499035,387.0
719,1377499040,383.0
719,1377499045,385.0
719,1377499050,385.0
719,1377499055,390.0
719,1377499060,375.0
719,1377499065,375.0
719,1377499070,380.0
719,1377499075,380.0
719,1377499080,379.0
719,1377499085,382.0
719,1377499090,380.0
719,1377499095,388.0
719,1377499100,392.0
719,1377499105,390.0
719,1377499110,382.0
719,1377499115,382.0
719,1377499120,390.0
719,1377499125,382.0
719,1377499130,390.0
719,1377499135,391.0
719,1377499140,398.0
719,1377499145,391.0
719,1377499150,398.0
719,1377499155,392.0
719,1377499160,398.0
719,1377499165,388.0
719,1377499170,392.0
719,1377499175,392.0
719,1377499180,392.0
719,1377499185,396.0
719,1377499190,396.0
719,1377499195,396.0
719,1377499200,390.0
719,1377499205,391.0
719,1377499210,385.0
719,1377499215,388.0
719,1377499220,393.0
719,1377499225,391.0
719,1377499230,390.0
719,1377499235,383.0
719,1377499240,384.0
719,1377499245,384.0
719,1377499250,383.0
719,1377499255,387.0
719,1377499260,398.0
719,1377499265,393.0
719,1377499270,391.0
719,1377499275,396.0
719,1377499280,393.0
719,1377499285,393.0
719,1377499290,391.0
719,1377499295,398.0
719,1377499300,393.0
719,1377499305,392.0
719,1377499310,390.0
719,1377499315,385.0
719,1377499320,383.0
719,1377499325,382.0
719,1377499330,390.0
719,1377499335,388.0
719,1377499340,385.0
719,1377499345,382.0
719,1377499350,379.0
719,1377499355,375.0
719,1377499360,385.0
719,1377499365,382.0
719,1377499370,388.0
719,1377499375,388.0
719,1377499380,387.0
719,1377499385,391.0
719,1377499390,392.0
719,1377499395,387.0
719,1377499400,398.0
719,1377499405,385.0
719,1377499410,387.0
719,1377499415,390.0
719,1377499420,391.0
719,1377499425,391.0
719,1377499430,401.0
719,1377499435,401.0
719,1377499440,403.0
719,1377499445,399.0
719,1377499450,398.0
719,1377499455,396.0
719,1377499460,393.0
719,1377499465,392.0
719,1377499470,382.0
719,1377499475,383.0
719,1377499480,387.0
719,1377499485,392.0
719,1377499490,391.0
719,1377499495,396.0
719,1377499500,392.0
719,1377499505,392.0
719,1377499510,390.0
719,1377499515,393.0
719,1377499520,393.0
719,1377499525,398.0
719,1377499530,390.0
719,1377499535,393.0
719,1377499540,391.0
719,1377499545,392.0
719,1377499550,387.0
719,1377499555,387.0
719,1377499560,396.0
719,1377499565,392.0
719,1377499570,396.0
719,1377499575,398.0
719,1377499580,396.0
719,1377499585,393.0
719,1377499590,383.0
719,1377499595,382.0
719,1377499600,383.0
719,1377499605,388.0
719,1377499610,387.0
719,1377499615,387.0
719,1377499620,387.0
719,1377499625,398.0
719,1377499630,390.0
719,1377499635,390.0
719,1377499640,388.0
719,1377499645,383.0
719,1377499650,398.0
719,1377499655,385.0
719,1377499660,398.0
719,1377499665,396.0
719,1377499670,393.0
719,1377499675,392.0
719,1377499680,385.0
719,1377499685,380.0
719,1377499690,384.0
719,1377499695,384.0
719,1377499700,383.0
719,1377499705,383.0
719,1377499710,387.0
719,1377499715,396.0
719,1377499720,385.0
719,1377499725,380.0
719,1377499730,382.0
719,1377499735,374.0
719,1377499740,379.0
719,1377499745,385.0
719,1377499750,388.0
719,1377499755,391.0
719,1377499760,392.0
719,1377499765,383.0
719,1377499770,385.0
719,1377499775,383.0
719,1377499780,384.0
719,1377499785,385.0
719,1377499790,375.0
719,1377499795,382.0
719,1377499800,382.0
719,1377499805,383.0
719,1377499810,390.0
719,1377499815,388.0
719,1377499820,388.0
719,1377499825,379.0
719,1377499830,382.0
719,1377499835,385.0
719,1377499840,387.0
719,1377499845,385.0
719,1377499850,387.0
719,1377499855,390.0
719,1377499860,384.0
719,1377499865,380.0
719,1377499870,384.0
719,1377499875,382.0
719,1377499880,382.0
719,1377499885,388.0
719,1377499890,387.0
719,1377499895,384.0
719,1377499900,387.0
719,1377499905,388.0
719,1377499910,385.0
719,1377499915,383.0
719,1377499920,387.0
719,1377499925,383.0
719,1377499930,387.0
719,1377499935,390.0
719,1377499940,385.0
719,1377499945,383.0
719,1377499950,387.0
719,1377499955,390.0
719,1377499960,385.0
719,1377499965,391.0
719,1377499970,396.0
719,1377499975,398.0
719,1377499980,396.0
719,1377499985,392.0
719,1377499990,383.0
719,1377499995,382.0
719,1377500000,383.0
719,1377500005,390.0
719,1377500010,390.0
719,1377500015,392.0
719,1377500020,392.0
719,1377500025,396.0
719,1377500030,390.0
719,1377500035,385.0
719,1377500040,383.0
719,1377500045,384.0
719,1377500050,387.0
719,1377500055,390.0
719,1377500060,393.0
719,1377500065,396.0
719,1377500070,396.0
719,1377500075,396.0
719,1377500080,390.0
719,1377500085,392.0
719,1377500090,392.0
719,1377500095,388.0
719,1377500100,385.0
719,1377500105,385.0
719,1377500110,388.0
719,1377500115,391.0
719,1377500120,396.0
719,1377500125,400.0
719,1377500130,402.0
719,1377500135,396.0
719,1377500140,396.0
719,1377500145,398.0
719,1377500150,390.0
719,1377500155,392.0
719,1377500160,388.0
719,1377500165,393.0
719,1377500170,391.0
719,1377500175,398.0
719,1377500180,398.0
719,1377500185,392.0
719,1377500190,390.0
719,1377500195,388.0
719,1377500200,390.0
719,1377500205,390.0
719,1377500210,391.0
719,1377500215,398.0
719,1377500220,393.0
719,1377500225,390.0
719,1377500230,392.0
719,1377500235,392.0
719,1377500240,391.0
719,1377500245,391.0
719,1377500250,390.0
719,1377500255,387.0
719,1377500260,384.0
719,1377500265,390.0
719,1377500270,393.0
719,1377500275,393.0
719,1377500280,391.0
719,1377500285,396.0
719,1377500290,387.0
719,1377500295,385.0
719,1377500300,382.0
719,1377500305,388.0
719,1377500310,382.0
719,1377500315,379.0
719,1377500320,380.0
719,1377500325,384.0
719,1377500330,389.0
719,1377500335,396.0
719,1377500340,395.0
719,1377500345,396.0
719,1377500350,391.0
719,1377500355,391.0
719,1377500360,394.0
719,1377500365,392.0
719,1377500370,392.0
719,1377500375,390.0
719,1377500380,393.0
719,1377500385,388.0
719,1377500390,392.0
719,1377500395,391.0
719,1377500400,391.0
719,1377500405,390.0
719,1377500410,390.0
719,1377500415,390.0
719,1377500420,393.0
719,1377500425,393.0
719,1377500430,391.0
719,1377500435,396.0
719,1377500440,393.0
719,1377500445,391.0
719,1377500450,387.0
719,1377500455,387.0
719,1377500460,387.0
719,1377500465,392.0
719,1377500470,396.0
719,1377500475,396.0
719,1377500480,387.0
719,1377500485,382.0
719,1377500490,390.0
719,1377500495,383.0
719,1377500500,382.0
719,1377500505,385.0
719,1377500510,385.0
719,1377500515,388.0
719,1377500520,392.0
719,1377500525,393.0
719,1377500530,396.0
719,1377500535,390.0
719,1377500540,392.0
719,1377500545,390.0
719,1377500550,384.0
719,1377500555,380.0
719,1377500560,377.0
719,1377500565,377.0
719,1377500570,380.0
719,1377500575,375.0
719,1377500580,379.0
719,1377500585,390.0
719,1377500590,382.0
719,1377500595,392.0
719,1377500600,392.0
719,1377500605,393.0
719,1377500610,390.0
719,1377500615,388.0
719,1377500620,384.0
719,1377500625,384.0
719,1377500630,379.0
719,1377500635,380.0
719,1377500640,380.0
719,1377500645,380.0
719,1377500650,385.0
719,1377500655,390.0
719,1377500660,393.0
719,1377500665,391.0
719,1377500670,401.0
719,1377500675,401.0
719,1377500680,398.0
719,1377500685,402.0
719,1377500690,396.0
719,1377500695,398.0
719,1377500700,393.0
719,1377500705,393.0
719,1377500710,396.0
719,1377500715,390.0
719,1377500720,383.0
719,1377500725,387.0
719,1377500730,387.0
719,1377500735,388.0
719,1377500740,388.0
719,1377500745,390.0
719,1377500750,396.0
719,1377500755,406.0
719,1377500760,396.0
719,1377500765,398.0
719,1377500770,388.0
719,1377500775,390.0
719,1377500780,385.0
719,1377500785,398.0
719,1377500790,401.0
719,1377500795,409.0
719,1377500800,398.0
719,1377500805,404.0
719,1377500810,402.0
719,1377500815,401.0
719,1377500820,401.0
719,1377500825,396.0
719,1377500830,392.0
719,1377500835,384.0
719,1377500840,385.0
719,1377500845,385.0
719,1377500850,383.0
719,1377500855,392.0
719,1377500860,388.0
719,1377500865,392.0
719,1377500870,393.0
719,1377500875,387.0
719,1377500880,392.0
719,1377500885,387.0
719,1377500890,393.0
719,1377500895,394.0
719,1377500900,391.0
719,1377500905,393.0
719,1377500910,396.0
719,1377500915,392.0
719,1377500920,391.0
719,1377500925,395.0
719,1377500930,393.0
719,1377500935,391.0
719,1377500940,393.0
719,1377500945,391.0
719,1377500950,391.0
719,1377500955,391.0
719,1377500960,393.0
719,1377500965,396.0
719,1377500970,393.0
719,1377500975,395.0
719,1377500980,393.0
719,1377500985,398.0
719,1377500990,387.0
719,1377500995,390.0
719,1377501000,393.0
719,1377501005,391.0
719,1377501010,391.0
719,1377501015,391.0
719,1377501020,384.0
719,1377501025,385.0
719,1377501030,382.0
719,1377501035,388.0
719,1377501040,392.0
719,1377501045,390.0
719,1377501050,393.0
719,1377501055,392.0
719,1377501060,390.0
719,1377501065,387.0
719,1377501070,387.0
719,1377501075,391.0
719,1377501080,391.0
719,1377501085,385.0
719,1377501090,388.0
719,1377501095,383.0
719,1377501100,387.0
719,1377501105,387.0
719,1377501110,387.0
719,1377501115,388.0
719,1377501120,390.0
719,1377501125,387.0
719,1377501130,392.0
719,1377501135,383.0
719,1377501140,382.0
719,1377501145,384.0
719,1377501150,382.0
719,1377501155,383.0
719,1377501160,390.0
719,1377501165,383.0
719,1377501170,387.0
719,1377501175,388.0
719,1377501180,388.0
719,1377501185,388.0
719,1377501190,393.0
719,1377501195,390.0
719,1377501200,388.0
719,1377501205,385.0
719,1377501210,383.0
719,1377501215,388.0
719,1377501220,392.0
719,1377501225,392.0
719,1377501230,388.0
719,1377501235,398.0
719,1377501240,396.0
719,1377501245,392.0
719,1377501250,388.0
719,1377501255,383.0
719,1377501260,385.0
719,1377501265,382.0
719,1377501270,383.0
719,1377501275,390.0
719,1377501280,387.0
719,1377501285,396.0
719,1377501290,403.0
719,1377501295,403.0
719,1377501300,398.0
719,1377501305,391.0
719,1377501310,388.0
719,1377501315,383.0
719,1377501320,385.0
719,1377501325,390.0
719,1377501330,392.0
719,1377501335,390.0
719,1377501340,395.0
719,1377501345,398.0
719,1377501350,396.0
719,1377501355,388.0
719,1377501360,385.0
719,1377501365,385.0
719,1377501370,385.0
719,1377501375,390.0
719,1377501380,392.0
719,1377501385,383.0
719,1377501390,388.0
719,1377501395,392.0
719,1377501400,396.0
719,1377501405,393.0
719,1377501410,396.0
719,1377501415,396.0
719,1377501420,390.0
719,1377501425,382.0
719,1377501430,390.0
719,1377501435,383.0
719,1377501440,388.0
719,1377501445,392.0
719,1377501450,382.0
719,1377501455,387.0
719,1377501460,385.0
719,1377501465,384.0
719,1377501470,383.0
719,1377501475,388.0
719,1377501480,392.0
719,1377501485,388.0
719,1377501490,383.0
719,1377501495,385.0
719,1377501500,381.0
719,1377501505,388.0
719,1377501510,382.0
719,1377501516,382.0
719,1377501520,385.0
719,1377501525,392.0
719,1377501530,383.0
719,1377501535,390.0
719,1377501540,383.0
719,1377501545,388.0
719,1377501550,385.0
719,1377501555,392.0
719,1377501560,391.0
719,1377501565,397.0
719,1377501570,402.0
719,1377501575,398.0
719,1377501580,396.0
719,1377501585,396.0
719,1377501590,392.0
719,1377501595,385.0
719,1377501600,380.0
719,1377501605,382.0
719,1377501610,385.0
719,1377501615,383.0
719,1377501620,390.0
719,1377501625,385.0
719,1377501630,390.0
719,1377501635,382.0
719,1377501640,382.0
719,1377501645,387.0
719,1377501650,392.0
719,1377501655,387.0
719,1377501660,390.0
719,1377501665,387.0
719,1377501670,390.0
719,1377501675,383.0
719,1377501680,380.0
719,1377501685,385.0
719,1377501690,388.0
719,1377501695,388.0
719,1377501700,391.0
719,1377501705,396.0
719,1377501710,401.0
719,1377501715,401.0
719,1377501720,403.0
719,1377501725,396.0
719,1377501730,383.0
719,1377501735,383.0
719,1377501740,390.0
719,1377501745,388.0
719,1377501750,390.0
719,1377501755,391.0
719,1377501760,396.0
719,1377501765,395.0
719,1377501770,396.0
719,1377501775,391.0
719,1377501780,392.0
719,1377501785,392.0
719,1377501790,387.0
719,1377501795,393.0
719,1377501800,392.0
719,1377501805,393.0
719,1377501810,392.0
719,1377501815,387.0
719,1377501820,385.0
719,1377501825,389.0
719,1377501830,393.0
719,1377501835,398.0
719,1377501840,397.0
719,1377501845,398.0
719,1377501850,395.0
719,1377501855,393.0
719,1377501860,393.0
719,1377501865,390.0
719,1377501870,390.0
719,1377501875,385.0
719,1377501880,390.0
719,1377501885,388.0
719,1377501890,391.0
719,1377501895,392.0
719,1377501900,390.0
719,1377501905,391.0
719,1377501910,401.0
719,1377501915,395.0
719,1377501920,391.0
719,1377501925,392.0
719,1377501930,388.0
719,1377501935,388.0
719,1377501940,390.0
719,1377501945,387.0
719,1377501950,390.0
719,1377501955,392.0
719,1377501960,396.0
719,1377501965,387.0
719,1377501970,380.0
719,1377501975,379.0
719,1377501980,384.0
719,1377501985,384.0
719,1377501990,383.0
719,1377501995,387.0
719,1377502000,396.0
719,1377502005,396.0
719,1377502010,398.0
719,1377502015,393.0
719,1377502020,395.0
719,1377502025,391.0
719,1377502030,391.0
719,1377502035,395.0
719,1377502040,393.0
719,1377502045,396.0
719,1377502050,392.0
719,1377502055,387.0
719,1377502060,388.0
719,1377502065,385.0
719,1377502070,385.0
719,1377502075,380.0
719,1377502080,384.0
719,1377502085,388.0
719,1377502090,390.0
719,1377502095,388.0
719,1377502100,390.0
719,1377502105,392.0
719,1377502110,392.0
719,1377502115,398.0
719,1377502120,396.0
719,1377502125,401.0
719,1377502130,399.0
719,1377502135,398.0
719,1377502140,400.0
719,1377502145,396.0
719,1377502150,393.0
719,1377502155,385.0
719,1377502160,390.0
719,1377502165,383.0
719,1377502170,385.0
719,1377502175,383.0
719,1377502180,382.0
719,1377502185,385.0
719,1377502190,385.0
719,1377502195,398.0
719,1377502200,393.0
719,1377502205,393.0
719,1377502210,392.0
719,1377502215,387.0
719,1377502220,390.0
719,1377502225,388.0
719,1377502230,383.0
719,1377502235,381.0
719,1377502240,382.0
719,1377502245,384.0
719,1377502250,390.0
719,1377502255,379.0
719,1377502260,382.0
719,1377502265,374.0
719,1377502270,382.0
719,1377502275,375.0
719,1377502280,385.0
719,1377502285,396.0
719,1377502290,398.0
719,1377502295,396.0
719,1377502300,388.0
719,1377502305,382.0
719,1377502310,385.0
719,1377502315,382.0
719,1377502320,374.0
719,1377502325,380.0
719,1377502330,379.0
719,1377502335,385.0
719,1377502340,388.0
719,1377502345,391.0
719,1377502350,393.0
719,1377502355,391.0
719,1377502361,392.0
719,1377502365,387.0
719,1377502370,388.0
719,1377502375,392.0
719,1377502380,391.0
719,1377502385,392.0
719,1377502390,392.0
719,1377502395,382.0
719,1377502400,385.0
719,1377502405,384.0
719,1377502410,388.0
719,1377502415,392.0
719,1377502420,391.0
719,1377502425,396.0
719,1377502430,392.0
719,1377502435,385.0
719,1377502440,375.0
719,1377502445,384.0
719,1377502450,382.0
719,1377502455,382.0
719,1377502460,390.0
719,1377502465,387.0
719,1377502470,383.0
719,1377502475,383.0
719,1377502480,388.0
719,1377502485,387.0
719,1377502490,383.0
719,1377502495,385.0
719,1377502500,396.0
719,1377502505,392.0
719,1377502510,390.0
719,1377502515,393.0
719,1377502520,391.0
719,1377502525,400.0
719,1377502530,396.0
719,1377502535,396.0
719,1377502540,401.0
719,1377502545,401.0
719,1377502550,397.0
719,1377502555,393.0
719,1377502560,392.0
719,1377502565,383.0
719,1377502570,383.0
719,1377502575,387.0
719,1377502580,382.0
719,1377502585,388.0
719,1377502590,388.0
719,1377502595,398.0
719,1377502600,392.0
719,1377502605,396.0
719,1377502610,387.0
719,1377502615,385.0
719,1377502620,383.0
719,1377502625,383.0
719,1377502630,385.0
719,1377502635,385.0
719,1377502640,382.0
719,1377502645,382.0
719,1377502650,385.0
719,1377502655,380.0
719,1377502660,388.0
719,1377502665,385.0
719,1377502670,388.0
719,1377502675,392.0
719,1377502680,388.0
719,1377502685,388.0
719,1377502690,382.0
719,1377502695,383.0
719,1377502700,383.0
719,1377502705,388.0
719,1377502710,388.0
719,1377502715,387.0
719,1377502720,385.0
719,1377502725,384.0
719,1377502730,382.0
719,1377502735,388.0
719,1377502740,398.0
719,1377502745,401.0
719,1377502750,401.0
719,1377502755,408.0
719,1377502760,396.0
719,1377502765,387.0
719,1377502770,383.0
719,1377502775,384.0
719,1377502780,382.0
719,1377502785,388.0
719,1377502790,383.0
719,1377502795,391.0
719,1377502800,392.0
719,1377502805,392.0
719,1377502810,382.0
719,1377502815,383.0
719,1377502820,383.0
719,1377502825,385.0
719,1377502830,382.0
719,1377502835,390.0
719,1377502840,393.0
719,1377502845,396.0
719,1377502850,398.0
719,1377502855,398.0
719,1377502860,391.0
719,1377502865,390.0
719,1377502870,392.0
719,1377502875,396.0
719,1377502880,396.0
719,1377502885,401.0
719,1377502890,396.0
719,1377502895,391.0
719,1377502900,387.0
719,1377502905,384.0
719,1377502910,387.0
719,1377502915,387.0
719,1377502920,391.0
719,1377502925,387.0
719,1377502930,396.0
719,1377502935,390.0
719,1377502940,398.0
719,1377502945,397.0
719,1377502950,398.0
719,1377502955,398.0
719,1377502960,396.0
719,1377502965,391.0
719,1377502970,395.0
719,1377502975,398.0
719,1377502980,395.0
719,1377502985,396.0
719,1377502990,392.0
719,1377502995,383.0
719,1377503000,392.0
719,1377503005,388.0
719,1377503010,382.0
719,1377503015,385.0
719,1377503020,379.0
719,1377503025,374.0
719,1377503030,382.0
719,1377503035,384.0
719,1377503040,382.0
719,1377503045,385.0
719,1377503050,385.0
719,1377503055,383.0
719,1377503060,390.0
719,1377503065,390.0
719,1377503070,385.0
719,1377503075,382.0
719,1377503080,385.0
719,1377503085,387.0
719,1377503090,390.0
719,1377503095,392.0
719,1377503100,396.0
719,1377503105,393.0
719,1377503110,396.0
719,1377503115,391.0
719,1377503120,396.0
719,1377503125,390.0
719,1377503130,384.0
719,1377503135,375.0
719,1377503140,376.0
719,1377503145,371.0
719,1377503150,376.0
719,1377503155,376.0
719,1377503160,377.0
719,1377503165,371.0
719,1377503170,375.0
719,1377503175,380.0
719,1377503180,396.0
719,1377503185,385.0
719,1377503191,383.0
719,1377503195,390.0
719,1377503200,380.0
719,1377503205,382.0
719,1377503210,382.0
719,1377503215,385.0
719,1377503220,390.0
719,1377503225,388.0
719,1377503230,387.0
719,1377503235,391.0
719,1377503240,392.0
719,1377503245,385.0
719,1377503250,387.0
719,1377503255,383.0
719,1377503260,387.0
719,1377503265,398.0
719,1377503270,385.0
719,1377503275,383.0
719,1377503280,388.0
719,1377503285,383.0
719,1377503290,388.0
719,1377503295,383.0
719,1377503300,390.0
719,1377503305,393.0
719,1377503310,390.0
719,1377503315,392.0
719,1377503320,385.0
719,1377503325,385.0
719,1377503330,383.0
719,1377503335,390.0
719,1377503340,392.0
719,1377503345,392.0
719,1377503350,392.0
719,1377503355,388.0
719,1377503360,384.0
719,1377503365,380.0
719,1377503370,377.0
719,1377503375,378.0
719,1377503380,380.0
719,1377503385,384.0
719,1377503390,387.0
719,1377503395,382.0
719,1377503400,393.0
719,1377503405,392.0
719,1377503410,390.0
719,1377503415,392.0
719,1377503420,390.0
719,1377503425,392.0
719,1377503430,396.0
719,1377503435,396.0
719,1377503440,396.0
719,1377503445,393.0
719,1377503450,396.0
719,1377503455,396.0
719,1377503460,392.0
719,1377503465,385.0
719,1377503470,384.0
719,1377503475,384.0
719,1377503480,382.0
719,1377503485,388.0
719,1377503490,391.0
719,1377503495,400.0
719,1377503500,398.0
719,1377503505,403.0
719,1377503510,399.0
719,1377503515,395.0
719,1377503520,392.0
719,1377503525,390.0
719,1377503530,391.0
719,1377503535,391.0
719,1377503540,390.0
719,1377503545,390.0
719,1377503550,384.0
719,1377503555,385.0
719,1377503560,382.0
719,1377503565,379.0
719,1377503570,385.0
719,1377503575,385.0
719,1377503580,387.0
719,1377503585,387.0
719,1377503590,387.0
719,1377503595,382.0
719,1377503600,388.0
719,1377503605,383.0
719,1377503610,383.0
719,1377503615,383.0
719,1377503620,391.0
719,1377503625,395.0
719,1377503630,395.0
719,1377503635,391.0
719,1377503640,396.0
719,1377503645,393.0
719,1377503650,393.0
719,1377503655,383.0
719,1377503660,390.0
719,1377503665,389.0
719,1377503670,388.0
719,1377503675,392.0
719,1377503680,393.0
719,1377503685,392.0
719,1377503690,391.0
719,1377503695,393.0
719,1377503700,393.0
719,1377503705,392.0
719,1377503710,382.0
719,1377503715,385.0
719,1377503720,382.0
719,1377503725,383.0
719,1377503730,384.0
719,1377503735,382.0
719,1377503740,388.0
719,1377503745,388.0
719,1377503750,396.0
719,1377503755,398.0
719,1377503760,398.0
719,1377503765,391.0
719,1377503770,390.0
719,1377503775,393.0
719,1377503780,398.0
719,1377503785,391.0
719,1377503790,396.0
719,1377503795,398.0
719,1377503800,390.0
719,1377503805,393.0
719,1377503810,390.0
719,1377503815,385.0
719,1377503820,388.0
719,1377503825,385.0
719,1377503830,385.0
719,1377503835,388.0
719,1377503840,382.0
719,1377503845,387.0
719,1377503850,393.0
719,1377503855,393.0
719,1377503860,393.0
719,1377503865,390.0
719,1377503870,388.0
719,1377503875,390.0
719,1377503880,387.0
719,1377503885,391.0
719,1377503890,398.0
719,1377503895,393.0
719,1377503900,397.0
719,1377503905,395.0
719,1377503910,390.0
719,1377503915,391.0
719,1377503920,393.0
719,1377503925,396.0
719,1377503930,395.0
719,1377503935,395.0
719,1377503940,391.0
719,1377503945,390.0
719,1377503950,390.0
719,1377503955,388.0
719,1377503960,390.0
719,1377503965,387.0
719,1377503970,392.0
719,1377503975,393.0
719,1377503980,393.0
719,1377503985,393.0
719,1377503990,396.0
719,1377503995,398.0
719,1377504000,395.0
719,1377504005,398.0
719,1377504010,399.0
719,1377504015,403.0
719,1377504020,398.0
719,1377504025,395.0
719,1377504030,390.0
719,1377504035,398.0
719,1377504040,390.0
719,1377504045,388.0
719,1377504050,385.0
719,1377504055,392.0
719,1377504060,392.0
719,1377504065,390.0
719,1377504070,393.0
719,1377504075,393.0
719,1377504080,391.0
719,1377504085,396.0
719,1377504090,390.0
719,1377504095,392.0
719,1377504100,390.0
719,1377504105,388.0
719,1377504110,388.0
719,1377504115,390.0
719,1377504120,393.0
719,1377504125,396.0
719,1377504130,387.0
719,1377504135,383.0
719,1377504140,382.0
719,1377504145,379.0
719,1377504150,379.0
719,1377504155,380.0
719,1377504160,382.0
719,1377504165,382.0
719,1377504170,382.0
719,1377504175,383.0
719,1377504180,390.0
719,1377504185,390.0
719,1377504190,387.0
719,1377504195,383.0
719,1377504200,390.0
719,1377504205,392.0
719,1377504210,392.0
719,1377504215,387.0
719,1377504220,390.0
719,1377504225,391.0
719,1377504230,391.0
719,1377504235,395.0
719,1377504240,393.0
719,1377504245,388.0
719,1377504250,380.0
719,1377504255,382.0
719,1377504260,381.0
719,1377504265,384.0
719,1377504270,384.0
719,1377504275,388.0
719,1377504280,390.0
719,1377504285,383.0
719,1377504290,388.0
719,1377504295,398.0
719,1377504300,390.0
719,1377504305,387.0
719,1377504310,385.0
719,1377504315,390.0
719,1377504320,382.0
719,1377504325,384.0
719,1377504330,383.0
719,1377504335,387.0
719,1377504340,393.0
719,1377504345,392.0
719,1377504350,392.0
719,1377504355,390.0
719,1377504360,388.0
719,1377504365,382.0
719,1377504370,381.0
719,1377504375,375.0
719,1377504380,380.0
719,1377504385,382.0
719,1377504390,393.0
719,1377504395,395.0
719,1377504400,401.0
719,1377504405,396.0
719,1377504410,393.0
719,1377504415,388.0
719,1377504420,388.0
719,1377504425,384.0
719,1377504430,390.0
719,1377504435,382.0
719,1377504440,382.0
719,1377504445,385.0
719,1377504450,385.0
719,1377504455,385.0
719,1377504460,387.0
719,1377504465,393.0
719,1377504470,390.0
719,1377504475,392.0
719,1377504480,390.0
719,1377504485,392.0
719,1377504490,383.0
719,1377504495,392.0
719,1377504500,392.0
719,1377504505,390.0
719,1377504510,384.0
719,1377504515,385.0
719,1377504520,390.0
719,1377504525,388.0
719,1377504530,380.0
719,1377504535,384.0
719,1377504540,382.0
719,1377504545,385.0
719,1377504550,383.0
719,1377504555,387.0
719,1377504560,383.0
719,1377504565,390.0
719,1377504570,385.0
719,1377504575,383.0
719,1377504580,382.0
719,1377504585,382.0
719,1377504590,379.0
719,1377504595,381.0
719,1377504600,380.0
719,1377504605,380.0
719,1377504610,375.0
719,1377504615,382.0
719,1377504620,382.0
719,1377504625,381.0
719,1377504630,384.0
719,1377504635,384.0
719,1377504640,382.0
719,1377504645,382.0
719,1377504650,382.0
719,1377504655,392.0
719,1377504660,391.0
719,1377504665,392.0
719,1377504670,383.0
719,1377504675,388.0
719,1377504680,382.0
719,1377504685,380.0
719,1377504690,380.0
719,1377504695,384.0
719,1377504700,382.0
719,1377504705,382.0
719,1377504710,383.0
719,1377504715,396.0
719,1377504720,392.0
719,1377504725,385.0
719,1377504730,381.0
719,1377504735,382.0
719,1377504740,383.0
719,1377504745,382.0
719,1377504750,388.0
719,1377504755,392.0
719,1377504760,393.0
719,1377504765,392.0
719,1377504770,392.0
719,1377504775,390.0
719,1377504780,392.0
719,1377504785,391.0
719,1377504790,383.0
719,1377504795,382.0
719,1377504800,384.0
719,1377504805,388.0
719,1377504810,385.0
719,1377504815,387.0
719,1377504820,390.0
719,1377504825,392.0
719,1377504830,389.0
719,1377504835,383.0
719,1377504840,384.0
719,1377504845,375.0
719,1377504850,377.0
719,1377504855,379.0
719,1377504860,388.0
719,1377504865,392.0
719,1377504870,390.0
719,1377504875,383.0
719,1377504880,382.0
719,1377504885,385.0
719,1377504890,387.0
719,1377504895,392.0
719,1377504900,393.0
719,1377504905,391.0
719,1377504911,396.0
719,1377504915,393.0
719,1377504920,393.0
719,1377504925,396.0
719,1377504930,398.0
719,1377504935,393.0
719,1377504940,393.0
719,1377504945,392.0
719,1377504950,391.0
719,1377504955,387.0
719,1377504960,392.0
719,1377504965,392.0
719,1377504970,392.0
719,1377504975,387.0
719,1377504980,387.0
719,1377504985,387.0
719,1377504990,385.0
719,1377504995,383.0
719,1377505000,388.0
719,1377505005,388.0
719,1377505010,392.0
719,1377505015,392.0
719,1377505020,388.0
719,1377505025,396.0
719,1377505030,384.0
719,1377505035,383.0
719,1377505040,388.0
719,1377505045,392.0
719,1377505050,388.0
719,1377505055,382.0
719,1377505060,382.0
719,1377505065,384.0
719,1377505070,380.0
719,1377505075,384.0
719,1377505080,383.0
719,1377505085,383.0
719,1377505090,392.0
719,1377505095,395.0
719,1377505100,396.0
719,1377505105,398.0
719,1377505110,385.0
719,1377505115,382.0
719,1377505120,388.0
719,1377505125,383.0
719,1377505130,383.0
719,1377505135,392.0
719,1377505140,390.0
719,1377505145,393.0
719,1377505150,392.0
719,1377505155,390.0
719,1377505160,393.0
719,1377505165,387.0
719,1377505170,385.0
719,1377505175,375.0
719,1377505180,374.0
719,1377505185,382.0
719,1377505190,383.0
719,1377505195,392.0
719,1377505200,393.0
719,1377505205,390.0
719,1377505210,387.0
719,1377505215,388.0
719,1377505220,392.0
719,1377505225,392.0
719,1377505230,390.0
719,1377505235,392.0
719,1377505240,387.0
719,1377505245,392.0
719,1377505250,392.0
719,1377505255,387.0
719,1377505260,390.0
719,1377505265,392.0
719,1377505270,388.0
719,1377505275,391.0
719,1377505280,383.0
719,1377505285,385.0
719,1377505290,385.0
719,1377505295,390.0
719,1377505300,392.0
719,1377505305,391.0
719,1377505310,396.0
719,1377505315,401.0
719,1377505320,391.0
719,1377505325,383.0
719,1377505330,382.0
719,1377505335,385.0
719,1377505340,375.0
719,1377505345,375.0
719,1377505350,375.0
719,1377505355,384.0
719,1377505360,383.0
719,1377505365,396.0
719,1377505370,393.0
719,1377505375,392.0
719,1377505380,388.0
719,1377505385,392.0
719,1377505390,383.0
719,1377505395,392.0
719,1377505400,391.0
719,1377505405,392.0
719,1377505410,393.0
719,1377505415,396.0
719,1377505420,387.0
719,1377505425,384.0
719,1377505430,382.0
719,1377505435,387.0
719,1377505440,395.0
719,1377505445,400.0
719,1377505450,403.0
719,1377505455,395.0
719,1377505460,393.0
719,1377505465,385.0
719,1377505470,380.0
719,1377505475,376.0
719,1377505480,371.0
719,1377505485,371.0
719,1377505490,377.0
719,1377505495,379.0
719,1377505500,390.0
719,1377505505,385.0
719,1377505510,383.0
719,1377505515,387.0
719,1377505520,392.0
719,1377505525,392.0
719,1377505530,387.0
719,1377505535,393.0
719,1377505540,387.0
719,1377505545,398.0
719,1377505550,383.0
719,1377505555,389.0
719,1377505560,382.0
719,1377505565,385.0
719,1377505570,382.0
719,1377505575,380.0
719,1377505580,379.0
719,1377505585,377.0
719,1377505590,385.0
719,1377505595,392.0
719,1377505600,390.0
719,1377505605,396.0
719,1377505610,391.0
719,1377505615,390.0
719,1377505620,387.0
719,1377505625,385.0
719,1377505630,380.0
719,1377505635,380.0
719,1377505640,379.0
719,1377505645,383.0
719,1377505650,388.0
719,1377505655,388.0
719,1377505660,390.0
719,1377505665,383.0
719,1377505670,385.0
719,1377505675,379.0
719,1377505680,384.0
719,1377505685,382.0
719,1377505690,382.0
719,1377505695,387.0
719,1377505700,390.0
719,1377505705,398.0
719,1377505710,401.0
719,1377505715,397.0
719,1377505720,391.0
719,1377505725,382.0
719,1377505730,375.0
719,1377505735,383.0
719,1377505740,385.0
719,1377505745,388.0
719,1377505750,393.0
719,1377505755,390.0
719,1377505760,392.0
719,1377505765,390.0
719,1377505770,387.0
719,1377505775,388.0
719,1377505780,383.0
719,1377505785,390.0
719,1377505790,380.0
719,1377505795,389.0
719,1377505800,391.0
719,1377505805,391.0
719,1377505810,390.0
719,1377505815,382.0
719,1377505820,382.0
719,1377505825,384.0
719,1377505830,380.0
719,1377505835,383.0
719,1377505840,388.0
719,1377505845,392.0
719,1377505850,390.0
719,1377505855,390.0
719,1377505860,387.0
719,1377505865,392.0
719,1377505870,390.0
719,1377505875,393.0
719,1377505880,393.0
719,1377505885,390.0
719,1377505890,383.0
719,1377505895,375.0
719,1377505900,382.0
719,1377505905,374.0
719,1377505910,377.0
719,1377505915,384.0
719,1377505920,383.0
719,1377505925,385.0
719,1377505930,390.0
719,1377505935,391.0
719,1377505940,396.0
719,1377505945,395.0
719,1377505950,393.0
719,1377505955,392.0
719,1377505960,388.0
719,1377505965,382.0
719,1377505970,388.0
719,1377505975,385.0
719,1377505980,390.0
719,1377505985,390.0
719,1377505990,398.0
719,1377505995,396.0
719,1377506000,392.0
719,1377506005,392.0
719,1377506010,388.0
719,1377506015,392.0
719,1377506020,392.0
719,1377506025,391.0
719,1377506030,392.0
719,1377506035,388.0
719,1377506040,385.0
719,1377506045,387.0
719,1377506050,384.0
719,1377506055,382.0
719,1377506060,385.0
719,1377506065,396.0
719,1377506070,387.0
719,1377506075,388.0
719,1377506080,387.0
719,1377506085,390.0
719,1377506090,387.0
719,1377506095,391.0
719,1377506100,391.0
719,1377506105,382.0
719,1377506110,390.0
719,1377506115,395.0
719,1377506120,398.0
719,1377506125,395.0
719,1377506130,395.0
719,1377506135,390.0
719,1377506140,398.0
719,1377506145,390.0
719,1377506150,387.0
719,1377506155,383.0
719,1377506160,390.0
719,1377506165,383.0
719,1377506170,382.0
719,1377506175,387.0
719,1377506180,388.0
719,1377506185,384.0
719,1377506190,388.0
719,1377506195,382.0
719,1377506200,389.0
719,1377506205,393.0
719,1377506210,383.0
719,1377506215,383.0
719,1377506220,382.0
719,1377506225,383.0
719,1377506230,389.0
719,1377506235,392.0
719,1377506240,393.0
719,1377506245,388.0
719,1377506250,387.0
719,1377506255,383.0
719,1377506260,383.0
719,1377506265,381.0
719,1377506270,381.0
719,1377506275,385.0
719,1377506280,385.0
719,1377506285,388.0
719,1377506290,390.0
719,1377506295,396.0
719,1377506300,397.0
719,1377506305,403.0
719,1377506310,395.0
719,1377506315,398.0
719,1377506320,396.0
719,1377506325,396.0
719,1377506330,396.0
719,1377506335,398.0
719,1377506340,401.0
719,1377506345,406.0
719,1377506350,403.0
719,1377506355,398.0
719,1377506360,396.0
719,1377506365,390.0
719,1377506370,392.0
719,1377506375,383.0
719,1377506380,390.0
719,1377506385,387.0
719,1377506390,391.0
719,1377506395,391.0
719,1377506400,393.0
719,1377506405,393.0
719,1377506410,393.0
719,1377506415,382.0
719,1377506420,382.0
719,1377506425,385.0
719,1377506430,382.0
719,1377506435,383.0
719,1377506440,382.0
719,1377506445,387.0
719,1377506450,382.0
719,1377506455,385.0
719,1377506460,382.0
719,1377506465,383.0
719,1377506470,385.0
719,1377506475,379.0
719,1377506480,380.0
719,1377506485,382.0
719,1377506490,382.0
719,1377506495,384.0
719,1377506500,384.0
719,1377506505,387.0
719,1377506510,382.0
719,1377506515,388.0
719,1377506520,392.0
719,1377506525,390.0
719,1377506530,391.0
719,1377506535,390.0
719,1377506540,390.0
719,1377506545,391.0
719,1377506550,392.0
719,1377506555,392.0
719,1377506560,392.0
719,1377506565,395.0
719,1377506570,400.0
719,1377506575,398.0
719,1377506580,391.0
719,1377506585,391.0
719,1377506590,383.0
719,1377506595,385.0
719,1377506600,390.0
719,1377506605,383.0
719,1377506610,392.0
719,1377506615,388.0
719,1377506620,383.0
719,1377506625,382.0
719,1377506630,379.0
719,1377506635,377.0
719,1377506640,384.0
719,1377506645,380.0
719,1377506650,382.0
719,1377506655,380.0
719,1377506660,385.0
719,1377506665,382.0
719,1377506670,387.0
719,1377506675,387.0
719,1377506680,392.0
719,1377506685,382.0
719,1377506690,394.0
719,1377506695,383.0
719,1377506700,392.0
719,1377506705,392.0
719,1377506710,388.0
719,1377506715,382.0
719,1377506720,382.0
719,1377506725,382.0
719,1377506730,391.0
719,1377506735,396.0
719,1377506740,395.0
719,1377506745,396.0
719,1377506750,388.0
719,1377506755,382.0
719,1377506760,384.0
719,1377506765,383.0
719,1377506770,387.0
719,1377506775,383.0
719,1377506780,384.0
719,1377506785,385.0
719,1377506790,383.0
719,1377506795,387.0
719,1377506800,389.0
719,1377506805,393.0
719,1377506810,393.0
719,1377506815,396.0
719,1377506820,391.0
719,1377506825,387.0
719,1377506830,392.0
719,1377506835,387.0
719,1377506840,387.0
719,1377506845,385.0
719,1377506850,385.0
719,1377506855,387.0
719,1377506860,392.0
719,1377506865,388.0
719,1377506870,383.0
719,1377506875,388.0
719,1377506880,383.0
719,1377506885,387.0
719,1377506890,393.0
719,1377506895,395.0
719,1377506900,391.0
719,1377506905,387.0
719,1377506910,383.0
719,1377506915,390.0
719,1377506920,382.0
719,1377506925,387.0
719,1377506930,397.0
719,1377506935,398.0
719,1377506940,390.0
719,1377506945,396.0
719,1377506950,396.0
719,1377506955,390.0
719,1377506960,387.0
719,1377506965,383.0
719,1377506970,387.0
719,1377506975,382.0
719,1377506980,379.0
719,1377506985,384.0
719,1377506990,390.0
719,1377506995,388.0
719,1377507000,393.0
719,1377507005,387.0
719,1377507010,392.0
719,1377507015,383.0
719,1377507020,396.0
719,1377507025,390.0
719,1377507030,390.0
719,1377507035,393.0
719,1377507040,390.0
719,1377507045,391.0
719,1377507050,391.0
719,1377507055,406.0
719,1377507060,398.0
719,1377507065,401.0
719,1377507070,398.0
719,1377507075,392.0
719,1377507080,390.0
719,1377507085,383.0
719,1377507090,388.0
719,1377507095,388.0
719,1377507100,382.0
719,1377507105,382.0
719,1377507110,384.0
719,1377507115,379.0
719,1377507120,380.0
719,1377507125,379.0
719,1377507130,380.0
719,1377507135,381.0
719,1377507140,385.0
719,1377507145,391.0
719,1377507150,396.0
719,1377507155,401.0
719,1377507160,404.0
719,1377507165,397.0
719,1377507170,401.0
719,1377507175,390.0
719,1377507180,393.0
719,1377507185,387.0
719,1377507190,387.0
719,1377507195,390.0
719,1377507200,387.0
719,1377507205,395.0
719,1377507210,398.0
719,1377507215,398.0
719,1377507220,393.0
719,1377507225,385.0
719,1377507230,382.0
719,1377507235,382.0
719,1377507240,381.0
719,1377507245,385.0
719,1377507250,387.0
719,1377507255,390.0
719,1377507260,390.0
719,1377507265,383.0
719,1377507270,392.0
719,1377507275,392.0
719,1377507280,392.0
719,1377507285,393.0
719,1377507290,390.0
719,1377507295,396.0
719,1377507300,397.0
719,1377507305,395.0
719,1377507310,398.0
719,1377507315,393.0
719,1377507320,388.0
719,1377507325,396.0
719,1377507330,385.0
719,1377507335,388.0
719,1377507340,383.0
719,1377507345,384.0
719,1377507350,382.0
719,1377507355,394.0
719,1377507360,387.0
719,1377507365,387.0
719,1377507370,388.0
719,1377507375,393.0
719,1377507380,393.0
719,1377507385,391.0
719,1377507390,396.0
719,1377507395,390.0
719,1377507400,387.0
719,1377507405,387.0
719,1377507410,396.0
719,1377507415,396.0
719,1377507420,396.0
719,1377507425,390.0
719,1377507430,392.0
719,1377507435,396.0
719,1377507440,397.0
719,1377507445,398.0
719,1377507450,397.0
719,1377507455,391.0
719,1377507460,387.0
719,1377507465,382.0
719,1377507470,383.0
719,1377507475,382.0
719,1377507480,385.0
719,1377507485,382.0
719,1377507490,382.0
719,1377507495,382.0
719,1377507500,383.0
719,1377507505,385.0
719,1377507510,383.0
719,1377507515,385.0
719,1377507520,385.0
719,1377507525,392.0
719,1377507530,392.0
719,1377507535,387.0
719,1377507540,387.0
719,1377507546,393.0
719,1377507550,390.0
719,1377507555,390.0
719,1377507560,390.0
719,1377507565,398.0
719,1377507570,400.0
719,1377507575,406.0
719,1377507580,403.0
719,1377507585,404.0
719,1377507590,406.0
719,1377507595,399.0
719,1377507600,396.0
719,1377507605,389.0
719,1377507610,383.0
719,1377507615,388.0
719,1377507620,388.0
719,1377507625,396.0
719,1377507630,390.0
719,1377507635,397.0
719,1377507640,395.0
719,1377507645,395.0
719,1377507650,391.0
719,1377507655,392.0
719,1377507660,387.0
719,1377507665,382.0
719,1377507670,382.0
719,1377507675,383.0
719,1377507680,382.0
719,1377507685,393.0
719,1377507690,391.0
719,1377507695,391.0
719,1377507700,387.0
719,1377507705,385.0
719,1377507710,384.0
719,1377507715,387.0
719,1377507720,392.0
719,1377507725,396.0
719,1377507730,396.0
719,1377507735,393.0
719,1377507740,396.0
719,1377507745,396.0
719,1377507750,393.0
719,1377507755,396.0
719,1377507760,383.0
719,1377507765,382.0
719,1377507770,388.0
719,1377507775,383.0
719,1377507780,385.0
719,1377507785,396.0
719,1377507790,392.0
719,1377507795,391.0
719,1377507800,385.0
719,1377507805,382.0
719,1377507810,388.0
719,1377507815,391.0
719,1377507820,392.0
719,1377507825,396.0
719,1377507830,390.0
719,1377507835,390.0
719,1377507840,391.0
719,1377507845,387.0
719,1377507850,392.0
719,1377507855,390.0
719,1377507860,391.0
719,1377507865,393.0
719,1377507870,391.0
719,1377507875,396.0
719,1377507880,395.0
719,1377507885,393.0
719,1377507890,383.0
719,1377507895,380.0
719,1377507900,377.0
719,1377507905,379.0
719,1377507910,384.0
719,1377507915,379.0
719,1377507920,384.0
719,1377507925,377.0
719,1377507930,382.0
719,1377507935,375.0
719,1377507940,385.0
719,1377507945,387.0
719,1377507950,390.0
719,1377507955,392.0
719,1377507960,395.0
719,1377507965,398.0
719,1377507970,396.0
719,1377507975,390.0
719,1377507980,395.0
719,1377507985,390.0
719,1377507990,391.0
719,1377507995,391.0
719,1377508000,393.0
719,1377508005,393.0
719,1377508010,396.0
719,1377508015,398.0
719,1377508020,398.0
719,1377508025,391.0
719,1377508030,401.0
719,1377508035,397.0
719,1377508040,387.0
719,1377508045,396.0
719,1377508050,384.0
719,1377508055,381.0
719,1377508060,381.0
719,1377508065,382.0
719,1377508070,383.0
719,1377508075,390.0
719,1377508080,391.0
719,1377508085,396.0
719,1377508090,387.0
719,1377508095,388.0
719,1377508100,384.0
719,1377508105,381.0
719,1377508110,379.0
719,1377508115,382.0
719,1377508120,375.0
719,1377508125,390.0
719,1377508130,390.0
719,1377508135,393.0
719,1377508140,398.0
719,1377508145,396.0
719,1377508150,398.0
719,1377508155,393.0
719,1377508160,392.0
719,1377508165,383.0
719,1377508170,388.0
719,1377508175,385.0
719,1377508180,387.0
719,1377508185,390.0
719,1377508190,396.0
719,1377508195,392.0
719,1377508200,392.0
719,1377508205,388.0
719,1377508210,379.0
719,1377508215,380.0
719,1377508220,380.0
719,1377508225,384.0
719,1377508230,387.0
719,1377508235,387.0
719,1377508240,388.0
719,1377508245,381.0
719,1377508250,379.0
719,1377508255,380.0
719,1377508260,383.0
719,1377508265,381.0
719,1377508270,388.0
719,1377508275,384.0
719,1377508280,385.0
719,1377508285,391.0
719,1377508290,395.0
719,1377508295,401.0
719,1377508300,391.0
719,1377508305,396.0
719,1377508310,381.0
719,1377508315,383.0
719,1377508320,383.0
719,1377508325,388.0
719,1377508330,392.0
719,1377508335,392.0
719,1377508340,392.0
719,1377508345,390.0
719,1377508350,388.0
719,1377508355,385.0
719,1377508360,383.0
719,1377508365,396.0
719,1377508370,387.0
719,1377508375,385.0
719,1377508380,390.0
719,1377508385,388.0
719,1377508390,387.0
719,1377508395,385.0
719,1377508400,388.0
719,1377508405,387.0
719,1377508412,382.0
719,1377508415,382.0
719,1377508420,383.0
719,1377508425,393.0
719,1377508430,391.0
719,1377508435,391.0
719,1377508440,396.0
719,1377508445,395.0
719,1377508450,397.0
719,1377508455,392.0
719,1377508460,388.0
719,1377508465,388.0
719,1377508470,382.0
719,1377508475,388.0
719,1377508480,382.0
719,1377508485,392.0
719,1377508490,392.0
719,1377508495,389.0
719,1377508500,387.0
719,1377508505,388.0
719,1377508510,381.0
719,1377508515,384.0
719,1377508520,388.0
719,1377508525,382.0
719,1377508530,383.0
719,1377508535,385.0
719,1377508540,384.0
719,1377508545,385.0
719,1377508550,385.0
719,1377508555,396.0
719,1377508560,398.0
719,1377508565,397.0
719,1377508570,397.0
719,1377508575,403.0
719,1377508580,395.0
719,1377508585,396.0
719,1377508590,383.0
719,1377508595,382.0
719,1377508600,375.0
719,1377508605,374.0
719,1377508610,375.0
719,1377508615,382.0
719,1377508620,382.0
719,1377508625,388.0
719,1377508630,387.0
719,1377508635,390.0
719,1377508640,387.0
719,1377508645,385.0
719,1377508650,381.0
719,1377508655,388.0
719,1377508660,390.0
719,1377508665,398.0
719,1377508670,398.0
719,1377508675,391.0
719,1377508680,391.0
719,1377508685,390.0
719,1377508690,392.0
719,1377508695,388.0
719,1377508700,385.0
719,1377508705,382.0
719,1377508710,382.0
719,1377508715,388.0
719,1377508720,382.0
719,1377508725,382.0
719,1377508730,385.0
719,1377508735,388.0
719,1377508740,392.0
719,1377508745,390.0
719,1377508750,393.0
719,1377508755,391.0
719,1377508760,400.0
719,1377508765,396.0
719,1377508770,401.0
719,1377508775,406.0
719,1377508780,398.0
719,1377508785,393.0
719,1377508790,393.0
719,1377508795,390.0
719,1377508800,392.0
719,1377508805,391.0
719,1377508810,388.0
719,1377508815,383.0
719,1377508820,382.0
719,1377508825,385.0
719,1377508830,388.0
719,1377508835,393.0
719,1377508840,398.0
719,1377508845,397.0
719,1377508850,396.0
719,1377508855,393.0
719,1377508860,385.0
719,1377508865,385.0
719,1377508870,383.0
719,1377508875,387.0
719,1377508880,396.0
719,1377508885,398.0
719,1377508890,395.0
719,1377508895,387.0
719,1377508900,388.0
719,1377508905,385.0
719,1377508910,385.0
719,1377508915,390.0
719,1377508920,391.0
719,1377508925,393.0
719,1377508930,396.0
719,1377508935,390.0
719,1377508940,392.0
719,1377508945,393.0
719,1377508950,393.0
719,1377508955,383.0
719,1377508960,385.0
719,1377508965,382.0
719,1377508970,385.0
719,1377508975,382.0
719,1377508980,385.0
719,1377508985,387.0
719,1377508990,389.0
719,1377508995,392.0
719,1377509000,392.0
719,1377509005,385.0
719,1377509010,387.0
719,1377509015,396.0
719,1377509020,391.0
719,1377509025,393.0
719,1377509030,393.0
719,1377509035,391.0
719,1377509040,382.0
719,1377509045,384.0
719,1377509050,382.0
719,1377509055,384.0
719,1377509060,382.0
719,1377509065,393.0
719,1377509070,395.0
719,1377509075,412.0
719,1377509080,401.0
719,1377509085,400.0
719,1377509090,391.0
719,1377509095,385.0
719,1377509100,382.0
719,1377509105,382.0
719,1377509110,384.0
719,1377509115,385.0
719,1377509120,387.0
719,1377509125,393.0
719,1377509130,397.0
719,1377509135,398.0
719,1377509140,396.0
719,1377509145,401.0
719,1377509150,399.0
719,1377509155,397.0
719,1377509160,399.0
719,1377509165,400.0
719,1377509170,401.0
719,1377509175,398.0
719,1377509180,403.0
719,1377509185,397.0
719,1377509190,397.0
719,1377509195,397.0
719,1377509200,393.0
719,1377509205,383.0
719,1377509210,383.0
719,1377509215,388.0
719,1377509220,382.0
719,1377509225,384.0
719,1377509230,382.0
719,1377509235,384.0
719,1377509240,380.0
719,1377509245,375.0
719,1377509250,376.0
719,1377509255,377.0
719,1377509260,379.0
719,1377509265,382.0
719,1377509270,390.0
719,1377509275,398.0
719,1377509280,395.0
719,1377509285,401.0
719,1377509290,401.0
719,1377509295,400.0
719,1377509301,396.0
719,1377509305,396.0
719,1377509310,398.0
719,1377509315,390.0
719,1377509320,396.0
719,1377509325,401.0
719,1377509330,391.0
719,1377509335,396.0
719,1377509340,394.0
719,1377509345,383.0
719,1377509350,383.0
719,1377509355,382.0
719,1377509360,388.0
719,1377509365,396.0
719,1377509370,393.0
719,1377509375,391.0
719,1377509380,391.0
719,1377509385,396.0
719,1377509390,395.0
719,1377509395,395.0
719,1377509400,400.0
719,1377509405,392.0
719,1377509410,383.0
719,1377509415,388.0
719,1377509420,382.0
719,1377509425,388.0
719,1377509430,396.0
719,1377509435,393.0
719,1377509440,397.0
719,1377509445,396.0
719,1377509450,391.0
719,1377509455,398.0
719,1377509460,397.0
719,1377509465,397.0
719,1377509470,401.0
719,1377509475,400.0
719,1377509480,395.0
719,1377509485,396.0
719,1377509490,396.0
719,1377509495,391.0
719,1377509500,397.0
719,1377509505,396.0
719,1377509510,393.0
719,1377509515,388.0
719,1377509520,388.0
719,1377509525,388.0
719,1377509530,392.0
719,1377509535,390.0
719,1377509540,383.0
719,1377509545,390.0
719,1377509550,382.0
719,1377509555,383.0
719,1377509560,390.0
719,1377509565,398.0
719,1377509570,396.0
719,1377509575,391.0
719,1377509580,384.0
719,1377509585,388.0
719,1377509590,385.0
719,1377509595,383.0
719,1377509600,393.0
719,1377509605,397.0
719,1377509610,398.0
719,1377509615,390.0
719,1377509620,392.0
719,1377509625,392.0
719,1377509630,388.0
719,1377509635,393.0
719,1377509640,393.0
719,1377509645,393.0
719,1377509650,398.0
719,1377509655,397.0
719,1377509660,397.0
719,1377509665,401.0
719,1377509670,398.0
719,1377509675,396.0
719,1377509680,393.0
719,1377509685,396.0
719,1377509690,382.0
719,1377509695,383.0
719,1377509700,392.0
719,1377509705,385.0
719,1377509710,392.0
719,1377509715,388.0
719,1377509720,382.0
719,1377509725,383.0
719,1377509730,385.0
719,1377509735,388.0
719,1377509740,392.0
719,1377509745,396.0
719,1377509750,393.0
719,1377509755,396.0
719,1377509760,391.0
719,1377509765,391.0
719,1377509770,391.0
719,1377509775,401.0
719,1377509780,401.0
719,1377509785,401.0
719,1377509790,399.0
719,1377509795,397.0
719,1377509800,396.0
719,1377509805,393.0
719,1377509810,385.0
719,1377509815,385.0
719,1377509820,379.0
719,1377509825,380.0
719,1377509830,382.0
719,1377509835,382.0
719,1377509840,382.0
719,1377509845,384.0
719,1377509850,388.0
719,1377509855,382.0
719,1377509860,385.0
719,1377509865,388.0
719,1377509870,380.0
719,1377509875,385.0
719,1377509880,385.0
719,1377509885,391.0
719,1377509890,395.0
719,1377509895,397.0
719,1377509900,400.0
719,1377509905,398.0
719,1377509910,406.0
719,1377509915,401.0
719,1377509920,403.0
719,1377509925,391.0
719,1377509930,393.0
719,1377509935,385.0
719,1377509940,388.0
719,1377509945,387.0
719,1377509950,396.0
719,1377509955,392.0
719,1377509960,396.0
719,1377509965,392.0
719,1377509970,392.0
719,1377509975,395.0
719,1377509980,395.0
719,1377509985,391.0
719,1377509990,391.0
719,1377509995,387.0
719,1377510000,379.0
719,1377510005,377.0
719,1377510010,385.0
719,1377510015,387.0
719,1377510020,398.0
719,1377510025,400.0
719,1377510030,396.0
719,1377510035,391.0
719,1377510040,387.0
719,1377510045,390.0
719,1377510050,387.0
719,1377510055,390.0
719,1377510060,390.0
719,1377510065,396.0
719,1377510070,390.0
719,1377510075,393.0
719,1377510080,393.0
719,1377510085,397.0
719,1377510090,393.0
719,1377510095,398.0
719,1377510100,391.0
719,1377510105,388.0
719,1377510110,383.0
719,1377510115,382.0
719,1377510120,385.0
719,1377510125,382.0
719,1377510130,383.0
719,1377510135,384.0
719,1377510140,384.0
719,1377510145,380.0
719,1377510150,381.0
719,1377510155,387.0
719,1377510160,385.0
719,1377510165,391.0
719,1377510170,396.0
719,1377510175,382.0
719,1377510180,385.0
719,1377510185,379.0
719,1377510190,384.0
719,1377510197,381.0
719,1377510200,390.0
719,1377510205,387.0
719,1377510210,387.0
719,1377510215,382.0
719,1377510220,379.0
719,1377510225,380.0
719,1377510230,382.0
719,1377510235,387.0
719,1377510240,390.0
719,1377510245,393.0
719,1377510250,395.0
719,1377510255,393.0
719,1377510260,390.0
719,1377510265,385.0
719,1377510270,388.0
719,1377510275,396.0
719,1377510280,396.0
719,1377510285,390.0
719,1377510290,391.0
719,1377510295,390.0
719,1377510300,383.0
719,1377510305,382.0
719,1377510310,384.0
719,1377510315,392.0
719,1377510320,385.0
719,1377510325,396.0
719,1377510330,392.0
719,1377510335,391.0
719,1377510340,388.0
719,1377510345,392.0
719,1377510350,392.0
719,1377510355,382.0
719,1377510360,385.0
719,1377510365,387.0
719,1377510370,390.0
719,1377510375,395.0
719,1377510380,398.0
719,1377510385,396.0
719,1377510390,392.0
719,1377510395,385.0
719,1377510400,383.0
719,1377510405,385.0
719,1377510410,385.0
719,1377510415,387.0
719,1377510420,393.0
719,1377510425,392.0
719,1377510430,393.0
719,1377510435,383.0
719,1377510440,387.0
719,1377510445,380.0
719,1377510450,379.0
719,1377510455,388.0
719,1377510460,390.0
719,1377510465,390.0
719,1377510470,382.0
719,1377510475,392.0
719,1377510480,396.0
719,1377510485,396.0
719,1377510490,396.0
719,1377510495,395.0
719,1377510500,398.0
719,1377510505,396.0
719,1377510510,387.0
719,1377510515,383.0
719,1377510520,384.0
719,1377510525,384.0
719,1377510530,382.0
719,1377510535,388.0
719,1377510540,392.0
719,1377510545,387.0
719,1377510550,380.0
719,1377510555,385.0
719,1377510560,382.0
719,1377510565,387.0
719,1377510570,392.0
719,1377510575,390.0
719,1377510580,382.0
719,1377510585,382.0
719,1377510590,382.0
719,1377510595,382.0
719,1377510600,377.0
719,1377510605,379.0
719,1377510610,382.0
719,1377510615,385.0
719,1377510620,385.0
719,1377510625,392.0
719,1377510630,392.0
719,1377510635,393.0
719,1377510640,392.0
719,1377510645,394.0
719,1377510650,393.0
719,1377510655,395.0
719,1377510660,396.0
719,1377510665,398.0
719,1377510670,400.0
719,1377510675,398.0
719,1377510680,401.0
719,1377510685,391.0
719,1377510690,387.0
719,1377510695,384.0
719,1377510700,385.0
719,1377510705,383.0
719,1377510710,387.0
719,1377510715,387.0
719,1377510720,382.0
719,1377510725,390.0
719,1377510730,384.0
719,1377510735,383.0
719,1377510740,382.0
719,1377510745,384.0
719,1377510750,385.0
719,1377510755,381.0
719,1377510760,375.0
719,1377510765,382.0
719,1377510770,388.0
719,1377510775,392.0
719,1377510780,388.0
719,1377510785,385.0
719,1377510790,383.0
719,1377510795,383.0
719,1377510800,390.0
719,1377510805,390.0
719,1377510810,390.0
719,1377510815,387.0
719,1377510820,384.0
719,1377510825,385.0
719,1377510830,385.0
719,1377510835,396.0
719,1377510840,391.0
719,1377510845,396.0
719,1377510850,391.0
719,1377510855,396.0
719,1377510860,395.0
719,1377510865,391.0
719,1377510870,387.0
719,1377510875,388.0
719,1377510880,385.0
719,1377510885,390.0
719,1377510890,385.0
719,1377510895,384.0
719,1377510900,384.0
719,1377510905,388.0
719,1377510910,382.0
719,1377510915,383.0
719,1377510920,387.0
719,1377510925,390.0
719,1377510930,393.0
719,1377510935,390.0
719,1377510940,391.0
719,1377510945,393.0
719,1377510950,398.0
719,1377510955,396.0
719,1377510960,391.0
719,1377510965,393.0
719,1377510970,390.0
719,1377510975,392.0
719,1377510980,388.0
719,1377510985,384.0
719,1377510990,384.0
719,1377510995,382.0
719,1377511000,379.0
719,1377511005,375.0
719,1377511010,376.0
719,1377511015,382.0
719,1377511020,384.0
719,1377511025,383.0
719,1377511030,392.0
719,1377511035,390.0
719,1377511040,388.0
719,1377511045,384.0
719,1377511050,385.0
719,1377511055,387.0
719,1377511060,393.0
719,1377511065,396.0
719,1377511070,396.0
719,1377511075,396.0
719,1377511080,393.0
719,1377511085,382.0
719,1377511091,387.0
719,1377511095,388.0
719,1377511100,390.0
719,1377511105,390.0
719,1377511110,392.0
719,1377511115,387.0
719,1377511120,382.0
719,1377511125,383.0
719,1377511130,393.0
719,1377511135,390.0
719,1377511140,395.0
719,1377511145,396.0
719,1377511150,393.0
719,1377511155,398.0
719,1377511160,387.0
719,1377511165,379.0
719,1377511170,382.0
719,1377511175,382.0
719,1377511180,385.0
719,1377511185,388.0
719,1377511190,390.0
719,1377511195,387.0
719,1377511200,392.0
719,1377511205,385.0
719,1377511210,382.0
719,1377511215,375.0
719,1377511220,381.0
719,1377511225,379.0
719,1377511230,379.0
719,1377511235,380.0
719,1377511240,384.0
719,1377511245,381.0
719,1377511250,384.0
719,1377511255,380.0
719,1377511260,384.0
719,1377511265,382.0
719,1377511270,388.0
719,1377511275,384.0
719,1377511280,385.0
719,1377511285,383.0
719,1377511290,387.0
719,1377511295,393.0
719,1377511300,392.0
719,1377511305,393.0
719,1377511310,387.0
719,1377511315,383.0
719,1377511320,387.0
719,1377511325,395.0
719,1377511330,396.0
719,1377511335,395.0
719,1377511340,396.0
719,1377511345,388.0
719,1377511350,382.0
719,1377511355,388.0
719,1377511360,384.0
719,1377511365,385.0
719,1377511370,384.0
719,1377511375,380.0
719,1377511380,379.0
719,1377511385,379.0
719,1377511390,379.0
719,1377511395,382.0
719,1377511400,379.0
719,1377511405,388.0
719,1377511410,383.0
719,1377511415,390.0
719,1377511420,393.0
719,1377511425,393.0
719,1377511430,390.0
719,1377511435,391.0
719,1377511440,395.0
719,1377511445,388.0
719,1377511450,383.0
719,1377511455,383.0
719,1377511460,384.0
719,1377511465,382.0
719,1377511470,382.0
719,1377511475,385.0
719,1377511480,382.0
719,1377511485,380.0
719,1377511490,380.0
719,1377511495,390.0
719,1377511500,382.0
719,1377511505,393.0
719,1377511510,391.0
719,1377511515,400.0
719,1377511520,398.0
719,1377511525,395.0
719,1377511530,393.0
719,1377511535,387.0
719,1377511540,385.0
719,1377511545,383.0
719,1377511550,382.0
719,1377511555,385.0
719,1377511560,383.0
719,1377511565,387.0
719,1377511570,382.0
719,1377511575,380.0
719,1377511580,375.0
719,1377511585,384.0
719,1377511590,375.0
719,1377511595,384.0
719,1377511600,382.0
719,1377511605,388.0
719,1377511610,385.0
719,1377511615,385.0
719,1377511620,387.0
719,1377511625,382.0
719,1377511630,383.0
719,1377511635,374.0
719,1377511640,374.0
719,1377511645,375.0
719,1377511650,377.0
719,1377511655,380.0
719,1377511660,380.0
719,1377511665,382.0
719,1377511670,387.0
719,1377511675,382.0
719,1377511680,388.0
719,1377511685,384.0
719,1377511690,388.0
719,1377511695,382.0
719,1377511700,390.0
719,1377511705,392.0
719,1377511710,391.0
719,1377511715,387.0
719,1377511720,385.0
719,1377511725,385.0
719,1377511730,384.0
719,1377511735,379.0
719,1377511740,379.0
719,1377511745,380.0
719,1377511750,381.0
719,1377511755,384.0
719,1377511760,387.0
719,1377511765,392.0
719,1377511770,391.0
719,1377511775,383.0
719,1377511780,384.0
719,1377511785,382.0
719,1377511790,380.0
719,1377511795,374.0
719,1377511800,374.0
719,1377511805,384.0
719,1377511810,381.0
719,1377511815,382.0
719,1377511820,383.0
719,1377511825,388.0
719,1377511830,382.0
719,1377511835,382.0
719,1377511840,388.0
719,1377511845,391.0
719,1377511850,383.0
719,1377511855,390.0
719,1377511860,388.0
719,1377511865,383.0
719,1377511870,382.0
719,1377511875,384.0
719,1377511880,382.0
719,1377511885,385.0
719,1377511890,388.0
719,1377511895,387.0
719,1377511900,388.0
719,1377511905,385.0
719,1377511910,382.0
719,1377511915,381.0
719,1377511920,384.0
719,1377511925,383.0
719,1377511930,389.0
719,1377511935,392.0
719,1377511940,387.0
719,1377511945,391.0
719,1377511950,390.0
719,1377511955,387.0
719,1377511963,382.0
719,1377511965,381.0
719,1377511970,385.0
719,1377511975,385.0
719,1377511980,382.0
719,1377511985,382.0
719,1377511990,384.0
719,1377511995,388.0
719,1377512000,390.0
719,1377512005,390.0
719,1377512010,392.0
719,1377512015,387.0
719,1377512020,388.0
719,1377512025,387.0
719,1377512030,388.0
719,1377512035,382.0
719,1377512040,388.0
719,1377512045,383.0
719,1377512050,392.0
719,1377512055,390.0
719,1377512060,393.0
719,1377512065,395.0
719,1377512070,398.0
719,1377512075,395.0
719,1377512080,393.0
719,1377512085,396.0
719,1377512090,390.0
719,1377512095,388.0
719,1377512100,385.0
719,1377512105,385.0
719,1377512110,379.0
719,1377512115,381.0
719,1377512120,382.0
719,1377512125,375.0
719,1377512130,382.0
719,1377512135,382.0
719,1377512140,382.0
719,1377512145,388.0
719,1377512150,385.0
719,1377512155,385.0
719,1377512160,382.0
719,1377512165,385.0
719,1377512170,392.0
719,1377512175,391.0
719,1377512180,392.0
719,1377512185,392.0
719,1377512190,393.0
719,1377512195,392.0
719,1377512200,393.0
719,1377512205,390.0
719,1377512210,393.0
719,1377512215,392.0
719,1377512220,390.0
719,1377512225,388.0
719,1377512230,388.0
719,1377512235,384.0
719,1377512240,384.0
719,1377512245,384.0
719,1377512250,382.0
719,1377512255,388.0
719,1377512260,387.0
719,1377512265,393.0
719,1377512270,396.0
719,1377512275,398.0
719,1377512280,396.0
719,1377512285,393.0
719,1377512290,382.0
719,1377512295,383.0
719,1377512300,387.0
719,1377512305,393.0
719,1377512310,390.0
719,1377512315,393.0
719,1377512320,392.0
719,1377512325,396.0
719,1377512330,392.0
719,1377512335,393.0
719,1377512340,383.0
719,1377512345,382.0
719,1377512350,380.0
719,1377512355,379.0
719,1377512360,382.0
719,1377512365,381.0
719,1377512370,379.0
719,1377512375,380.0
719,1377512380,382.0
719,1377512385,380.0
719,1377512390,384.0
719,1377512395,381.0
719,1377512400,388.0
719,1377512405,388.0
719,1377512410,383.0
719,1377512415,393.0
719,1377512420,390.0
719,1377512425,391.0
719,1377512430,393.0
719,1377512435,387.0
719,1377512440,396.0
719,1377512445,383.0
719,1377512450,391.0
719,1377512455,387.0
719,1377512460,382.0
719,1377512465,385.0
719,1377512470,382.0
719,1377512475,382.0
719,1377512480,385.0
719,1377512485,387.0
719,1377512490,388.0
719,1377512495,388.0
719,1377512500,388.0
719,1377512505,387.0
719,1377512510,387.0
719,1377512515,388.0
719,1377512520,387.0
719,1377512525,382.0
719,1377512530,384.0
719,1377512535,384.0
719,1377512540,377.0
719,1377512545,382.0
719,1377512550,374.0
719,1377512555,379.0
719,1377512560,382.0
719,1377512565,388.0
719,1377512570,391.0
719,1377512575,391.0
719,1377512580,391.0
719,1377512585,396.0
719,1377512590,396.0
719,1377512595,398.0
719,1377512600,391.0
719,1377512605,398.0
719,1377512610,396.0
719,1377512615,385.0
719,1377512620,380.0
719,1377512625,375.0
719,1377512630,375.0
719,1377512635,379.0
719,1377512640,380.0
719,1377512645,385.0
719,1377512650,382.0
719,1377512655,379.0
719,1377512660,382.0
719,1377512665,374.0
719,1377512670,375.0
719,1377512675,379.0
719,1377512680,382.0
719,1377512685,387.0
719,1377512690,390.0
719,1377512695,387.0
719,1377512700,387.0
719,1377512705,388.0
719,1377512710,388.0
719,1377512715,385.0
719,1377512720,385.0
719,1377512725,383.0
719,1377512730,388.0
719,1377512735,392.0
719,1377512740,387.0
719,1377512745,389.0
719,1377512750,384.0
719,1377512755,380.0
719,1377512760,376.0
719,1377512765,371.0
719,1377512770,374.0
719,1377512775,377.0
719,1377512780,379.0
719,1377512785,380.0
719,1377512790,391.0
719,1377512797,393.0
719,1377512800,393.0
719,1377512805,393.0
719,1377512810,383.0
719,1377512815,382.0
719,1377512820,382.0
719,1377512825,384.0
719,1377512830,379.0
719,1377512835,383.0
719,1377512840,382.0
719,1377512845,383.0
719,1377512850,385.0
719,1377512855,385.0
719,1377512860,382.0
719,1377512865,381.0
719,1377512870,384.0
719,1377512875,383.0
719,1377512880,382.0
719,1377512885,382.0
719,1377512890,390.0
719,1377512895,390.0
719,1377512900,391.0
719,1377512905,389.0
719,1377512910,390.0
719,1377512915,387.0
719,1377512920,390.0
719,1377512925,396.0
719,1377512930,403.0
719,1377512935,397.0
719,1377512940,404.0
719,1377512945,393.0
719,1377512950,387.0
719,1377512955,382.0
719,1377512960,382.0
719,1377512965,380.0
719,1377512970,377.0
719,1377512975,377.0
719,1377512980,379.0
719,1377512985,382.0
719,1377512990,383.0
719,1377512995,388.0
719,1377513000,387.0
719,1377513005,383.0
719,1377513010,383.0
719,1377513015,388.0
719,1377513020,382.0
719,1377513025,377.0
719,1377513030,365.0
719,1377513035,372.0
719,1377513040,372.0
719,1377513045,371.0
719,1377513050,372.0
719,1377513055,374.0
719,1377513060,376.0
719,1377513065,375.0
719,1377513070,374.0
719,1377513075,381.0
719,1377513080,388.0
719,1377513085,383.0
719,1377513090,393.0
719,1377513095,404.0
719,1377513100,390.0
719,1377513105,382.0
719,1377513110,385.0
719,1377513115,383.0
719,1377513120,385.0
719,1377513125,382.0
719,1377513130,379.0
719,1377513135,384.0
719,1377513140,388.0
719,1377513145,384.0
719,1377513150,379.0
719,1377513155,385.0
719,1377513160,382.0
719,1377513165,388.0
719,1377513170,384.0
719,1377513175,374.0
719,1377513180,380.0
719,1377513185,380.0
719,1377513190,381.0
719,1377513195,384.0
719,1377513200,385.0
719,1377513205,385.0
719,1377513210,388.0
719,1377513215,381.0
719,1377513220,382.0
719,1377513225,377.0
719,1377513230,374.0
719,1377513235,375.0
719,1377513240,374.0
719,1377513245,380.0
719,1377513250,379.0
719,1377513255,379.0
719,1377513260,381.0
719,1377513265,385.0
719,1377513270,382.0
719,1377513275,382.0
719,1377513280,388.0
719,1377513285,385.0
719,1377513290,385.0
719,1377513295,385.0
719,1377513300,382.0
719,1377513305,382.0
719,1377513310,385.0
719,1377513315,387.0
719,1377513320,387.0
719,1377513325,395.0
719,1377513330,393.0
719,1377513335,395.0
719,1377513340,390.0
719,1377513345,387.0
719,1377513350,385.0
719,1377513355,390.0
719,1377513360,387.0
719,1377513365,396.0
719,1377513370,393.0
719,1377513375,391.0
719,1377513380,390.0
719,1377513385,396.0
719,1377513390,395.0
719,1377513395,382.0
719,1377513400,382.0
719,1377513405,379.0
719,1377513410,374.0
719,1377513415,380.0
719,1377513420,384.0
719,1377513425,388.0
719,1377513430,392.0
719,1377513435,387.0
719,1377513440,390.0
719,1377513445,382.0
719,1377513450,387.0
719,1377513455,382.0
719,1377513460,379.0
719,1377513465,384.0
719,1377513470,382.0
719,1377513475,383.0
719,1377513480,392.0
719,1377513485,390.0
719,1377513490,391.0
719,1377513495,395.0
719,1377513500,396.0
719,1377513505,390.0
719,1377513510,387.0
719,1377513515,388.0
719,1377513520,388.0
719,1377513525,391.0
719,1377513530,395.0
719,1377513535,387.0
719,1377513540,382.0
719,1377513545,384.0
719,1377513550,375.0
719,1377513555,384.0
719,1377513560,375.0
719,1377513565,384.0
719,1377513570,384.0
719,1377513575,385.0
719,1377513580,381.0
719,1377513585,375.0
719,1377513590,375.0
719,1377513595,382.0
719,1377513600,380.0
719,1377513605,384.0
719,1377513610,383.0
719,1377513615,382.0
719,1377513621,388.0
719,1377513625,385.0
719,1377513630,385.0
719,1377513635,392.0
719,1377513640,393.0
719,1377513645,396.0
719,1377513650,393.0
719,1377513655,392.0
719,1377513660,382.0
719,1377513665,382.0
719,1377513670,387.0
719,1377513675,392.0
719,1377513680,390.0
719,1377513685,385.0
719,1377513690,380.0
719,1377513695,377.0
719,1377513700,380.0
719,1377513705,383.0
719,1377513710,382.0
719,1377513715,382.0
719,1377513720,382.0
719,1377513725,381.0
719,1377513730,380.0
719,1377513735,382.0
719,1377513740,382.0
719,1377513745,387.0
719,1377513750,390.0
719,1377513755,390.0
719,1377513760,398.0
719,1377513765,391.0
719,1377513770,396.0
719,1377513775,387.0
719,1377513780,387.0
719,1377513785,387.0
719,1377513790,388.0
719,1377513795,387.0
719,1377513800,392.0
719,1377513805,383.0
719,1377513810,382.0
719,1377513815,385.0
719,1377513820,380.0
719,1377513825,382.0
719,1377513830,374.0
719,1377513835,376.0
719,1377513840,380.0
719,1377513845,382.0
719,1377513850,383.0
719,1377513855,390.0
719,1377513860,391.0
719,1377513865,396.0
719,1377513870,393.0
719,1377513875,390.0
719,1377513880,388.0
719,1377513885,385.0
719,1377513890,382.0
719,1377513895,380.0
719,1377513900,374.0
719,1377513905,374.0
719,1377513910,375.0
719,1377513915,383.0
719,1377513920,385.0
719,1377513925,393.0
719,1377513930,390.0
719,1377513935,383.0
719,1377513940,382.0
719,1377513945,388.0
719,1377513950,384.0
719,1377513955,385.0
719,1377513960,385.0
719,1377513965,388.0
719,1377513970,391.0
719,1377513975,387.0
719,1377513980,395.0
719,1377513985,392.0
719,1377513990,396.0
719,1377513995,390.0
719,1377514000,382.0
719,1377514005,384.0
719,1377514010,382.0
719,1377514015,379.0
719,1377514020,382.0
719,1377514025,385.0
719,1377514030,387.0
719,1377514035,387.0
719,1377514040,390.0
719,1377514045,396.0
719,1377514050,392.0
719,1377514055,385.0
719,1377514060,384.0
719,1377514065,385.0
719,1377514070,382.0
719,1377514075,383.0
719,1377514080,391.0
719,1377514085,393.0
719,1377514090,383.0
719,1377514095,387.0
719,1377514100,384.0
719,1377514105,392.0
719,1377514110,392.0
719,1377514115,393.0
719,1377514120,390.0
719,1377514125,387.0
719,1377514130,390.0
719,1377514135,387.0
719,1377514140,393.0
719,1377514145,396.0
719,1377514150,397.0
719,1377514155,401.0
719,1377514160,391.0
719,1377514165,393.0
719,1377514170,382.0
719,1377514175,381.0
719,1377514180,388.0
719,1377514185,388.0
719,1377514190,396.0
719,1377514195,388.0
719,1377514200,383.0
719,1377514205,385.0
719,1377514210,387.0
719,1377514215,392.0
719,1377514220,397.0
719,1377514225,404.0
719,1377514230,403.0
719,1377514235,401.0
719,1377514240,400.0
719,1377514245,390.0
719,1377514250,382.0
719,1377514255,384.0
719,1377514260,380.0
719,1377514265,374.0
719,1377514270,375.0
719,1377514275,380.0
719,1377514280,384.0
719,1377514285,379.0
719,1377514290,381.0
719,1377514295,375.0
719,1377514300,379.0
719,1377514305,382.0
719,1377514310,383.0
719,1377514315,396.0
719,1377514320,392.0
719,1377514325,387.0
719,1377514330,385.0
719,1377514335,385.0
719,1377514340,383.0
719,1377514345,384.0
719,1377514350,381.0
719,1377514355,380.0
719,1377514360,375.0
719,1377514365,380.0
719,1377514370,381.0
719,1377514375,381.0
719,1377514380,388.0
719,1377514385,387.0
719,1377514390,390.0
719,1377514395,391.0
719,1377514400,398.0
719,1377514405,395.0
719,1377514410,397.0
719,1377514415,396.0
719,1377514420,390.0
719,1377514425,393.0
719,1377514430,385.0
719,1377514435,388.0
719,1377514440,385.0
719,1377514445,388.0
719,1377514450,390.0
719,1377514455,387.0
719,1377514460,393.0
719,1377514465,387.0
719,1377514470,390.0
719,1377514475,390.0
719,1377514480,382.0
719,1377514485,384.0
719,1377514490,382.0
719,1377514495,385.0
719,1377514500,383.0
719,1377514505,388.0
719,1377514510,388.0
719,1377514515,390.0
719,1377514520,385.0
719,1377514525,381.0
719,1377514530,384.0
719,1377514535,385.0
719,1377514540,382.0
719,1377514545,385.0
719,1377514550,384.0
719,1377514555,385.0
719,1377514560,382.0
719,1377514565,387.0
719,1377514570,392.0
719,1377514575,396.0
719,1377514580,393.0
719,1377514585,392.0
719,1377514590,387.0
719,1377514595,385.0
719,1377514600,379.0
719,1377514605,380.0
719,1377514610,369.0
719,1377514615,371.0
719,1377514620,372.0
719,1377514625,374.0
719,1377514630,381.0
719,1377514635,385.0
719,1377514640,387.0
719,1377514645,387.0
719,1377514650,387.0
719,1377514655,383.0
719,1377514660,385.0
719,1377514665,382.0
719,1377514670,385.0
719,1377514675,383.0
719,1377514680,388.0
719,1377514685,388.0
719,1377514690,383.0
719,1377514695,382.0
719,1377514700,393.0
719,1377514705,385.0
719,1377514710,387.0
719,1377514715,384.0
719,1377514720,385.0
719,1377514725,375.0
719,1377514730,385.0
719,1377514735,385.0
719,1377514740,382.0
719,1377514745,388.0
719,1377514750,385.0
719,1377514755,384.0
719,1377514760,384.0
719,1377514765,383.0
719,1377514770,385.0
719,1377514775,388.0
719,1377514780,388.0
719,1377514785,382.0
719,1377514790,383.0
719,1377514795,380.0
719,1377514800,380.0
719,1377514805,384.0
719,1377514810,387.0
719,1377514815,390.0
719,1377514820,388.0
719,1377514825,388.0
719,1377514830,385.0
719,1377514835,383.0
719,1377514840,382.0
719,1377514845,383.0
719,1377514850,371.0
719,1377514855,380.0
719,1377514860,374.0
719,1377514865,380.0
719,1377514870,384.0
719,1377514875,375.0
719,1377514880,384.0
719,1377514885,385.0
719,1377514890,390.0
719,1377514895,393.0
719,1377514900,391.0
719,1377514905,396.0
719,1377514910,396.0
719,1377514915,392.0
719,1377514920,383.0
719,1377514925,385.0
719,1377514930,385.0
719,1377514935,382.0
719,1377514940,381.0
719,1377514945,377.0
719,1377514950,375.0
719,1377514955,377.0
719,1377514960,375.0
719,1377514965,385.0
719,1377514970,387.0
719,1377514975,385.0
719,1377514980,383.0
719,1377514985,385.0
719,1377514990,383.0
719,1377514995,388.0
719,1377515000,385.0
719,1377515005,385.0
719,1377515010,396.0
719,1377515015,388.0
719,1377515020,387.0
719,1377515025,385.0
719,1377515030,388.0
719,1377515035,382.0
719,1377515040,384.0
719,1377515045,382.0
719,1377515050,382.0
719,1377515055,380.0
719,1377515060,382.0
719,1377515065,382.0
719,1377515070,390.0
719,1377515075,391.0
719,1377515080,391.0
719,1377515085,392.0
719,1377515090,387.0
719,1377515095,385.0
719,1377515100,377.0
719,1377515105,375.0
719,1377515110,379.0
719,1377515115,380.0
719,1377515120,380.0
719,1377515125,384.0
719,1377515130,388.0
719,1377515135,385.0
719,1377515140,387.0
719,1377515145,385.0
719,1377515150,387.0
719,1377515155,382.0
719,1377515160,388.0
719,1377515165,381.0
719,1377515170,384.0
719,1377515175,379.0
719,1377515180,382.0
719,1377515185,385.0
719,1377515190,382.0
719,1377515195,383.0
719,1377515200,387.0
719,1377515205,393.0
719,1377515210,398.0
719,1377515215,393.0
719,1377515220,396.0
719,1377515225,388.0
719,1377515230,382.0
719,1377515235,382.0
719,1377515240,382.0
719,1377515245,380.0
719,1377515250,382.0
719,1377515255,387.0
719,1377515260,385.0
719,1377515265,385.0
719,1377515270,387.0
719,1377515275,385.0
719,1377515280,385.0
719,1377515285,384.0
719,1377515290,382.0
719,1377515295,385.0
719,1377515300,392.0
719,1377515305,392.0
719,1377515310,390.0
719,1377515315,392.0
719,1377515320,392.0
719,1377515325,393.0
719,1377515330,387.0
719,1377515335,388.0
719,1377515340,390.0
719,1377515345,396.0
719,1377515350,390.0
719,1377515355,391.0
719,1377515360,385.0
719,1377515365,385.0
719,1377515370,383.0
719,1377515375,387.0
719,1377515380,388.0
719,1377515385,390.0
719,1377515390,390.0
719,1377515395,390.0
719,1377515400,390.0
719,1377515405,392.0
719,1377515410,390.0
719,1377515415,387.0
719,1377515420,383.0
719,1377515425,392.0
719,1377515430,388.0
719,1377515435,383.0
719,1377515440,392.0
719,1377515445,383.0
719,1377515450,390.0
719,1377515455,382.0
719,1377515460,382.0
719,1377515465,393.0
719,1377515470,395.0
719,1377515475,396.0
719,1377515480,393.0
719,1377515485,388.0
719,1377515490,387.0
719,1377515495,388.0
719,1377515500,383.0
719,1377515505,385.0
719,1377515510,379.0
719,1377515515,375.0
719,1377515520,379.0
719,1377515525,382.0
719,1377515530,393.0
719,1377515535,393.0
719,1377515540,393.0
719,1377515545,390.0
719,1377515550,388.0
719,1377515555,384.0
719,1377515560,382.0
719,1377515565,387.0
719,1377515570,387.0
719,1377515575,383.0
719,1377515580,387.0
719,1377515585,393.0
719,1377515590,390.0
719,1377515595,393.0
719,1377515600,392.0
719,1377515605,383.0
719,1377515610,385.0
719,1377515615,382.0
719,1377515620,382.0
719,1377515625,380.0
719,1377515630,377.0
719,1377515635,376.0
719,1377515640,377.0
719,1377515645,377.0
719,1377515650,380.0
719,1377515655,382.0
719,1377515660,388.0
719,1377515665,385.0
719,1377515670,387.0
719,1377515675,387.0
719,1377515680,391.0
719,1377515685,387.0
719,1377515690,396.0
719,1377515695,391.0
719,1377515700,393.0
719,1377515705,391.0
719,1377515710,396.0
719,1377515715,387.0
719,1377515720,389.0
719,1377515725,388.0
719,1377515730,382.0
719,1377515735,385.0
719,1377515740,383.0
719,1377515745,385.0
719,1377515750,382.0
719,1377515755,388.0
719,1377515760,387.0
719,1377515765,388.0
719,1377515770,387.0
719,1377515775,396.0
719,1377515780,390.0
719,1377515785,393.0
719,1377515790,383.0
719,1377515795,385.0
719,1377515800,385.0
719,1377515805,390.0
719,1377515810,387.0
719,1377515815,390.0
719,1377515820,392.0
719,1377515825,388.0
719,1377515830,382.0
719,1377515835,382.0
719,1377515840,381.0
719,1377515845,387.0
719,1377515850,388.0
719,1377515855,390.0
719,1377515860,382.0
719,1377515865,387.0
719,1377515870,388.0
719,1377515875,388.0
719,1377515880,388.0
719,1377515885,382.0
719,1377515890,382.0
719,1377515895,380.0
719,1377515900,382.0
719,1377515905,388.0
719,1377515910,392.0
719,1377515915,398.0
719,1377515920,395.0
719,1377515925,401.0
719,1377515930,403.0
719,1377515935,403.0
719,1377515940,401.0
719,1377515945,398.0
719,1377515950,396.0
719,1377515955,387.0
719,1377515960,396.0
719,1377515965,385.0
719,1377515970,389.0
719,1377515975,382.0
719,1377515980,392.0
719,1377515985,388.0
719,1377515990,382.0
719,1377515995,385.0
719,1377516000,383.0
719,1377516005,388.0
719,1377516010,389.0
719,1377516015,392.0
719,1377516020,382.0
719,1377516025,382.0
719,1377516030,379.0
719,1377516035,385.0
719,1377516040,383.0
719,1377516045,385.0
719,1377516050,385.0
719,1377516055,396.0
719,1377516060,396.0
719,1377516065,390.0
719,1377516070,382.0
719,1377516075,388.0
719,1377516080,392.0
719,1377516085,396.0
719,1377516090,393.0
719,1377516095,390.0
719,1377516100,393.0
719,1377516105,392.0
719,1377516110,388.0
719,1377516115,388.0
719,1377516120,392.0
719,1377516125,390.0
719,1377516130,387.0
719,1377516135,382.0
719,1377516140,382.0
719,1377516145,377.0
719,1377516150,375.0
719,1377516155,379.0
719,1377516160,382.0
719,1377516165,385.0
719,1377516170,388.0
719,1377516175,382.0
719,1377516180,387.0
719,1377516185,385.0
719,1377516190,385.0
719,1377516195,382.0
719,1377516200,385.0
719,1377516205,385.0
719,1377516210,385.0
719,1377516215,392.0
719,1377516220,395.0
719,1377516225,397.0
719,1377516230,397.0
719,1377516235,393.0
719,1377516240,391.0
719,1377516245,392.0
719,1377516250,382.0
719,1377516255,387.0
719,1377516260,392.0
719,1377516265,393.0
719,1377516270,396.0
719,1377516275,396.0
719,1377516280,390.0
719,1377516285,385.0
719,1377516290,375.0
719,1377516295,380.0
719,1377516300,375.0
719,1377516305,380.0
719,1377516310,382.0
719,1377516315,384.0
719,1377516320,375.0
719,1377516325,382.0
719,1377516330,375.0
719,1377516335,379.0
719,1377516340,381.0
719,1377516345,385.0
719,1377516350,388.0
719,1377516355,392.0
719,1377516360,392.0
719,1377516365,391.0
719,1377516370,396.0
719,1377516375,392.0
719,1377516380,388.0
719,1377516385,387.0
719,1377516390,383.0
719,1377516395,385.0
719,1377516400,382.0
719,1377516405,382.0
719,1377516410,385.0
719,1377516415,381.0
719,1377516420,381.0
719,1377516425,388.0
719,1377516430,385.0
719,1377516435,392.0
719,1377516440,396.0
719,1377516445,392.0
719,1377516450,390.0
719,1377516455,385.0
719,1377516460,387.0
719,1377516465,388.0
719,1377516470,383.0
719,1377516475,382.0
719,1377516480,382.0
719,1377516485,387.0
719,1377516490,387.0
719,1377516495,382.0
719,1377516500,382.0
719,1377516505,374.0
719,1377516510,380.0
719,1377516515,380.0
719,1377516520,384.0
719,1377516525,388.0
719,1377516530,396.0
719,1377516535,398.0
719,1377516540,397.0
719,1377516545,398.0
719,1377516550,393.0
719,1377516555,382.0
719,1377516560,384.0
719,1377516565,380.0
719,1377516570,385.0
719,1377516575,385.0
719,1377516580,382.0
719,1377516585,384.0
719,1377516590,382.0
719,1377516595,382.0
719,1377516600,388.0
719,1377516605,387.0
719,1377516610,384.0
719,1377516615,388.0
719,1377516620,384.0
719,1377516625,388.0
719,1377516630,374.0
719,1377516635,375.0
719,1377516640,375.0
719,1377516645,377.0
719,1377516650,380.0
719,1377516655,377.0
719,1377516660,377.0
719,1377516665,380.0
719,1377516670,375.0
719,1377516675,384.0
719,1377516680,385.0
719,1377516685,385.0
719,1377516690,384.0
719,1377516695,385.0
719,1377516700,385.0
719,1377516705,392.0
719,1377516710,391.0
719,1377516715,388.0
719,1377516720,388.0
719,1377516725,384.0
719,1377516730,381.0
719,1377516735,377.0
719,1377516740,385.0
719,1377516745,385.0
719,1377516750,390.0
719,1377516755,385.0
719,1377516760,385.0
719,1377516765,383.0
719,1377516770,387.0
719,1377516775,392.0
719,1377516780,392.0
719,1377516785,382.0
719,1377516790,384.0
719,1377516795,375.0
719,1377516800,384.0
719,1377516805,379.0
719,1377516810,381.0
719,1377516815,382.0
719,1377516820,382.0
719,1377516825,382.0
719,1377516830,393.0
719,1377516835,397.0
719,1377516840,395.0
719,1377516845,391.0
719,1377516850,387.0
719,1377516855,388.0
719,1377516860,387.0
719,1377516865,383.0
719,1377516870,382.0
719,1377516875,385.0
719,1377516880,385.0
719,1377516885,385.0
719,1377516890,385.0
719,1377516895,385.0
719,1377516900,383.0
719,1377516905,388.0
719,1377516910,387.0
719,1377516915,392.0
719,1377516920,387.0
719,1377516925,385.0
719,1377516930,382.0
719,1377516935,374.0
719,1377516940,375.0
719,1377516945,374.0
719,1377516950,379.0
719,1377516955,375.0
719,1377516960,381.0
719,1377516965,388.0
719,1377516970,393.0
719,1377516975,397.0
719,1377516980,401.0
719,1377516985,396.0
719,1377516990,391.0
719,1377516995,382.0
719,1377517000,375.0
719,1377517005,374.0
719,1377517010,375.0
719,1377517015,374.0
719,1377517020,371.0
719,1377517025,366.0
719,1377517032,372.0
719,1377517035,371.0
719,1377517040,377.0
719,1377517045,380.0
719,1377517050,385.0
719,1377517055,385.0
719,1377517060,387.0
719,1377517065,392.0
719,1377517070,392.0
719,1377517075,390.0
719,1377517080,388.0
719,1377517085,385.0
719,1377517090,383.0
719,1377517095,382.0
719,1377517100,382.0
719,1377517105,387.0
719,1377517110,388.0
719,1377517115,390.0
719,1377517120,382.0
719,1377517125,396.0
719,1377517130,392.0
719,1377517135,390.0
719,1377517140,383.0
719,1377517145,392.0
719,1377517150,387.0
719,1377517155,390.0
719,1377517160,387.0
719,1377517165,382.0
719,1377517170,385.0
719,1377517175,388.0
719,1377517180,382.0
719,1377517185,387.0
719,1377517190,390.0
719,1377517195,396.0
719,1377517200,397.0
719,1377517205,401.0
719,1377517210,400.0
719,1377517215,391.0
719,1377517220,398.0
719,1377517225,391.0
719,1377517230,391.0
719,1377517235,391.0
719,1377517240,393.0
719,1377517245,388.0
719,1377517250,396.0
719,1377517255,395.0
719,1377517260,398.0
719,1377517265,398.0
719,1377517270,401.0
719,1377517275,396.0
719,1377517280,397.0
719,1377517285,401.0
719,1377517290,400.0
719,1377517295,391.0
719,1377517300,390.0
719,1377517305,387.0
719,1377517310,385.0
719,1377517315,382.0
719,1377517320,382.0
719,1377517325,388.0
719,1377517330,384.0
719,1377517335,390.0
719,1377517340,388.0
719,1377517345,391.0
719,1377517350,387.0
719,1377517355,388.0
719,1377517360,382.0
719,1377517365,382.0
719,1377517370,382.0
719,1377517375,383.0
719,1377517380,389.0
719,1377517385,383.0
719,1377517390,392.0
719,1377517395,387.0
719,1377517400,382.0
719,1377517405,381.0
719,1377517410,382.0
719,1377517415,382.0
719,1377517420,383.0
719,1377517425,387.0
719,1377517430,390.0
719,1377517435,392.0
719,1377517440,392.0
719,1377517445,393.0
719,1377517450,396.0
719,1377517455,392.0
719,1377517460,396.0
719,1377517465,387.0
719,1377517470,388.0
719,1377517475,388.0
719,1377517480,387.0
719,1377517485,388.0
719,1377517490,390.0
719,1377517495,387.0
719,1377517500,382.0
719,1377517505,387.0
719,1377517510,387.0
719,1377517515,387.0
719,1377517520,388.0
719,1377517525,383.0
719,1377517530,384.0
719,1377517535,382.0
719,1377517540,379.0
719,1377517545,385.0
719,1377517550,384.0
719,1377517555,385.0
719,1377517560,385.0
719,1377517565,385.0
719,1377517570,381.0
719,1377517575,384.0
719,1377517580,385.0
719,1377517585,385.0
719,1377517590,383.0
719,1377517595,382.0
719,1377517600,382.0
719,1377517605,388.0
719,1377517610,387.0
719,1377517615,382.0
719,1377517620,387.0
719,1377517625,382.0
719,1377517630,383.0
719,1377517635,374.0
719,1377517640,380.0
719,1377517645,381.0
719,1377517650,382.0
719,1377517655,382.0
719,1377517660,380.0
719,1377517665,375.0
719,1377517670,375.0
719,1377517675,382.0
719,1377517680,387.0
719,1377517685,393.0
719,1377517690,398.0
719,1377517695,395.0
719,1377517700,391.0
719,1377517705,383.0
719,1377517710,377.0
719,1377517715,376.0
719,1377517720,377.0
719,1377517725,377.0
719,1377517730,385.0
719,1377517735,382.0
719,1377517740,383.0
719,1377517745,385.0
719,1377517750,385.0
719,1377517755,383.0
719,1377517760,385.0
719,1377517765,392.0
719,1377517770,393.0
719,1377517775,391.0
719,1377517780,395.0
719,1377517785,390.0
719,1377517790,390.0
719,1377517795,383.0
719,1377517800,385.0
719,1377517805,385.0
719,1377517810,387.0
719,1377517815,387.0
719,1377517820,392.0
719,1377517825,396.0
719,1377517830,393.0
719,1377517835,393.0
719,1377517840,381.0
719,1377517845,388.0
719,1377517850,374.0
719,1377517855,377.0
719,1377517860,375.0
719,1377517865,390.0
719,1377517870,382.0
719,1377517875,388.0
719,1377517880,385.0
719,1377517885,385.0
719,1377517891,383.0
719,1377517895,383.0
719,1377517900,387.0
719,1377517905,390.0
719,1377517910,393.0
719,1377517915,395.0
719,1377517920,397.0
719,1377517925,401.0
719,1377517930,398.0
719,1377517935,396.0
719,1377517940,398.0
719,1377517945,395.0
719,1377517950,390.0
719,1377517955,387.0
719,1377517960,385.0
719,1377517965,375.0
719,1377517970,382.0
719,1377517975,385.0
719,1377517980,385.0
719,1377517985,385.0
719,1377517990,385.0
719,1377517995,382.0
719,1377518000,382.0
719,1377518005,379.0
719,1377518010,379.0
719,1377518015,385.0
719,1377518020,382.0
719,1377518025,387.0
719,1377518030,382.0
719,1377518035,385.0
719,1377518040,385.0
719,1377518045,387.0
719,1377518050,393.0
719,1377518055,393.0
719,1377518060,395.0
719,1377518065,396.0
719,1377518070,390.0
719,1377518075,392.0
719,1377518080,383.0
719,1377518085,385.0
719,1377518090,382.0
719,1377518095,387.0
719,1377518100,382.0
719,1377518105,388.0
719,1377518110,377.0
719,1377518115,380.0
719,1377518120,371.0
719,1377518125,374.0
719,1377518130,380.0
719,1377518135,375.0
719,1377518140,375.0
719,1377518145,375.0
719,1377518150,374.0
719,1377518155,381.0
719,1377518160,385.0
719,1377518165,385.0
719,1377518170,382.0
719,1377518175,379.0
719,1377518180,380.0
719,1377518185,375.0
719,1377518190,380.0
719,1377518195,380.0
719,1377518200,388.0
719,1377518205,381.0
719,1377518210,385.0
719,1377518215,385.0
719,1377518220,392.0
719,1377518225,390.0
719,1377518230,396.0
719,1377518235,396.0
719,1377518240,396.0
719,1377518245,390.0
719,1377518250,387.0
719,1377518255,392.0
719,1377518260,387.0
719,1377518265,388.0
719,1377518270,382.0
719,1377518275,379.0
719,1377518280,382.0
719,1377518285,382.0
719,1377518290,383.0
719,1377518295,388.0
719,1377518300,382.0
719,1377518305,388.0
719,1377518310,381.0
719,1377518315,384.0
719,1377518320,382.0
719,1377518325,382.0
719,1377518330,385.0
719,1377518335,392.0
719,1377518340,395.0
719,1377518345,401.0
719,1377518350,402.0
719,1377518355,397.0
719,1377518360,390.0
719,1377518365,383.0
719,1377518370,385.0
719,1377518375,382.0
719,1377518380,385.0
719,1377518385,382.0
719,1377518390,385.0
719,1377518395,384.0
719,1377518400,383.0
719,1377518405,388.0
719,1377518410,380.0
719,1377518415,380.0
719,1377518420,380.0
719,1377518425,380.0
719,1377518430,382.0
719,1377518435,379.0
719,1377518440,380.0
719,1377518445,380.0
719,1377518450,375.0
719,1377518455,384.0
719,1377518460,385.0
719,1377518465,388.0
719,1377518470,382.0
719,1377518475,384.0
719,1377518480,388.0
719,1377518485,388.0
719,1377518490,382.0
719,1377518495,385.0
719,1377518500,391.0
719,1377518505,387.0
719,1377518510,384.0
719,1377518515,374.0
719,1377518520,380.0
719,1377518525,375.0
719,1377518530,376.0
719,1377518535,374.0
719,1377518540,385.0
719,1377518545,390.0
719,1377518550,396.0
719,1377518555,391.0
719,1377518560,396.0
719,1377518565,383.0
719,1377518570,388.0
719,1377518575,382.0
719,1377518580,379.0
719,1377518585,383.0
719,1377518590,379.0
719,1377518595,381.0
719,1377518600,382.0
719,1377518605,382.0
719,1377518610,383.0
719,1377518615,396.0
719,1377518620,383.0
719,1377518625,388.0
719,1377518630,377.0
719,1377518635,382.0
719,1377518640,379.0
719,1377518645,380.0
719,1377518650,385.0
719,1377518655,383.0
719,1377518660,393.0
719,1377518665,396.0
719,1377518670,395.0
719,1377518675,392.0
719,1377518680,387.0
719,1377518686,382.0
719,1377518690,388.0
719,1377518695,382.0
719,1377518700,387.0
719,1377518705,385.0
719,1377518710,385.0
719,1377518715,383.0
719,1377518720,388.0
719,1377518725,381.0
719,1377518730,385.0
719,1377518735,387.0
719,1377518740,393.0
719,1377518745,393.0
719,1377518750,395.0
719,1377518755,390.0
719,1377518760,388.0
719,1377518765,388.0
719,1377518770,383.0
719,1377518775,387.0
719,1377518780,392.0
719,1377518785,393.0
719,1377518790,396.0
719,1377518795,393.0
719,1377518800,393.0
719,1377518805,392.0
719,1377518810,385.0
719,1377518815,388.0
719,1377518820,388.0
719,1377518825,390.0
719,1377518830,392.0
719,1377518835,390.0
719,1377518840,383.0
719,1377518845,383.0
719,1377518850,382.0
719,1377518855,387.0
719,1377518860,390.0
719,1377518865,398.0
719,1377518870,391.0
719,1377518875,391.0
719,1377518880,385.0
719,1377518885,387.0
719,1377518890,396.0
719,1377518895,390.0
719,1377518900,388.0
719,1377518905,382.0
719,1377518910,385.0
719,1377518915,387.0
719,1377518920,382.0
719,1377518925,388.0
719,1377518930,388.0
719,1377518935,391.0
719,1377518940,393.0
719,1377518945,395.0
719,1377518950,396.0
719,1377518955,383.0
719,1377518960,393.0
719,1377518965,388.0
719,1377518970,391.0
719,1377518975,392.0
719,1377518980,382.0
719,1377518985,388.0
719,1377518990,385.0
719,1377518995,382.0
719,1377519000,388.0
719,1377519005,382.0
719,1377519010,382.0
719,1377519015,382.0
719,1377519020,385.0
719,1377519025,385.0
719,1377519030,385.0
719,1377519035,388.0
719,1377519040,385.0
719,1377519045,382.0
719,1377519050,382.0
719,1377519055,382.0
719,1377519060,385.0
719,1377519065,388.0
719,1377519070,393.0
719,1377519075,390.0
719,1377519080,383.0
719,1377519085,393.0
719,1377519090,387.0
719,1377519095,391.0
719,1377519100,393.0
719,1377519105,398.0
719,1377519110,397.0
719,1377519115,399.0
719,1377519120,396.0
719,1377519125,395.0
719,1377519130,387.0
719,1377519135,388.0
719,1377519140,388.0
719,1377519145,382.0
719,1377519150,387.0
719,1377519155,392.0
719,1377519160,387.0
719,1377519165,384.0
719,1377519170,385.0
719,1377519175,385.0
719,1377519180,385.0
719,1377519185,385.0
719,1377519190,387.0
719,1377519195,390.0
719,1377519200,392.0
719,1377519205,396.0
719,1377519210,395.0
719,1377519215,390.0
719,1377519220,391.0
719,1377519225,391.0
719,1377519230,396.0
719,1377519235,391.0
719,1377519240,391.0
719,1377519245,391.0
719,1377519250,396.0
719,1377519255,396.0
719,1377519260,393.0
719,1377519265,393.0
719,1377519270,382.0
719,1377519275,382.0
719,1377519280,382.0
719,1377519285,381.0
719,1377519290,387.0
719,1377519295,392.0
719,1377519300,391.0
719,1377519305,390.0
719,1377519310,388.0
719,1377519315,385.0
719,1377519320,385.0
719,1377519325,382.0
719,1377519330,388.0
719,1377519335,388.0
719,1377519340,382.0
719,1377519345,383.0
719,1377519350,390.0
719,1377519355,398.0
719,1377519360,393.0
719,1377519365,387.0
719,1377519370,377.0
719,1377519375,374.0
719,1377519380,367.0
719,1377519385,375.0
719,1377519390,381.0
719,1377519395,381.0
719,1377519400,385.0
719,1377519405,385.0
719,1377519410,385.0
719,1377519415,388.0
719,1377519420,383.0
719,1377519425,392.0
719,1377519430,387.0
719,1377519435,387.0
719,1377519440,382.0
719,1377519445,388.0
719,1377519450,385.0
719,1377519455,390.0
719,1377519460,400.0
719,1377519465,390.0
719,1377519470,393.0
719,1377519475,385.0
719,1377519480,388.0
719,1377519485,385.0
719,1377519490,388.0
719,1377519495,388.0
719,1377519500,385.0
719,1377519505,384.0
719,1377519510,384.0
719,1377519515,381.0
719,1377519521,382.0
719,1377519525,384.0
719,1377519530,383.0
719,1377519535,385.0
719,1377519540,387.0
719,1377519545,385.0
719,1377519550,390.0
719,1377519555,392.0
719,1377519560,387.0
719,1377519565,381.0
719,1377519570,380.0
719,1377519575,382.0
719,1377519580,393.0
719,1377519585,398.0
719,1377519590,398.0
719,1377519595,391.0
719,1377519600,392.0
719,1377519605,388.0
719,1377519610,388.0
719,1377519615,385.0
719,1377519620,382.0
719,1377519625,392.0
719,1377519630,388.0
719,1377519635,383.0
719,1377519640,382.0
719,1377519645,382.0
719,1377519650,382.0
719,1377519655,383.0
719,1377519660,382.0
719,1377519665,385.0
719,1377519670,387.0
719,1377519675,391.0
719,1377519680,391.0
719,1377519685,396.0
719,1377519690,393.0
719,1377519695,391.0
719,1377519700,393.0
719,1377519705,392.0
719,1377519710,392.0
719,1377519715,389.0
719,1377519720,382.0
719,1377519725,385.0
719,1377519730,388.0
719,1377519735,387.0
719,1377519740,390.0
719,1377519745,391.0
719,1377519750,396.0
719,1377519755,392.0
719,1377519760,392.0
719,1377519765,383.0
719,1377519770,384.0
719,1377519775,375.0
719,1377519780,380.0
719,1377519785,375.0
719,1377519790,388.0
719,1377519795,387.0
719,1377519800,382.0
719,1377519805,382.0
719,1377519810,384.0
719,1377519815,384.0
719,1377519820,384.0
719,1377519825,388.0
719,1377519830,382.0
719,1377519835,385.0
719,1377519840,385.0
719,1377519845,396.0
719,1377519850,390.0
719,1377519855,401.0
719,1377519860,401.0
719,1377519865,397.0
719,1377519870,393.0
719,1377519875,396.0
719,1377519880,391.0
719,1377519885,393.0
719,1377519890,390.0
719,1377519895,395.0
719,1377519900,387.0
719,1377519905,388.0
719,1377519910,392.0
719,1377519915,387.0
719,1377519920,392.0
719,1377519925,390.0
719,1377519930,390.0
719,1377519935,393.0
719,1377519940,396.0
719,1377519945,392.0
719,1377519950,393.0
719,1377519955,385.0
719,1377519960,388.0
719,1377519965,385.0
719,1377519970,385.0
719,1377519975,388.0
719,1377519980,392.0
719,1377519985,383.0
719,1377519990,390.0
719,1377519995,382.0
719,1377520000,393.0
719,1377520005,391.0
719,1377520010,393.0
719,1377520015,401.0
719,1377520020,396.0
719,1377520025,393.0
719,1377520030,396.0
719,1377520035,387.0
719,1377520040,387.0
719,1377520045,385.0
719,1377520050,392.0
719,1377520055,393.0
719,1377520060,391.0
719,1377520065,395.0
719,1377520070,393.0
719,1377520075,383.0
719,1377520080,388.0
719,1377520085,382.0
719,1377520090,387.0
719,1377520095,388.0
719,1377520100,387.0
719,1377520105,390.0
719,1377520110,390.0
719,1377520115,395.0
719,1377520120,391.0
719,1377520125,396.0
719,1377520130,388.0
719,1377520135,385.0
719,1377520140,375.0
719,1377520145,375.0
719,1377520150,377.0
719,1377520155,384.0
719,1377520160,388.0
719,1377520165,385.0
719,1377520170,392.0
719,1377520175,390.0
719,1377520180,390.0
719,1377520185,392.0
719,1377520190,387.0
719,1377520195,382.0
719,1377520200,382.0
719,1377520205,385.0
719,1377520210,392.0
719,1377520215,392.0
719,1377520220,390.0
719,1377520225,393.0
719,1377520230,391.0
719,1377520235,387.0
719,1377520240,389.0
719,1377520245,382.0
719,1377520250,392.0
719,1377520255,392.0
719,1377520260,387.0
719,1377520265,382.0
719,1377520270,385.0
719,1377520275,384.0
719,1377520280,385.0
719,1377520285,390.0
719,1377520290,390.0
719,1377520295,396.0
719,1377520300,390.0
719,1377520305,391.0
719,1377520310,396.0
719,1377520315,396.0
719,1377520320,393.0
719,1377520325,391.0
719,1377520330,382.0
719,1377520335,382.0
719,1377520340,385.0
719,1377520345,384.0
719,1377520350,380.0
719,1377520355,377.0
719,1377520360,374.0
719,1377520365,375.0
719,1377520370,382.0
719,1377520375,392.0
719,1377520380,393.0
719,1377520385,392.0
719,1377520390,383.0
719,1377520395,388.0
719,1377520400,385.0
719,1377520405,384.0
719,1377520410,384.0
719,1377520415,382.0
719,1377520420,384.0
719,1377520425,382.0
719,1377520430,385.0
719,1377520435,385.0
719,1377520440,388.0
719,1377520445,388.0
719,1377520450,385.0
719,1377520455,388.0
719,1377520460,387.0
719,1377520465,380.0
719,1377520470,381.0
719,1377520475,381.0
719,1377520480,383.0
719,1377520485,388.0
719,1377520490,392.0
719,1377520495,393.0
719,1377520500,396.0
719,1377520505,391.0
719,1377520510,393.0
719,1377520515,390.0
719,1377520520,390.0
719,1377520525,383.0
719,1377520530,388.0
719,1377520535,387.0
719,1377520540,382.0
719,1377520545,381.0
719,1377520550,379.0
719,1377520555,382.0
719,1377520560,381.0
719,1377520565,380.0
719,1377520570,388.0
719,1377520575,379.0
719,1377520580,379.0
719,1377520585,388.0
719,1377520590,382.0
719,1377520595,392.0
719,1377520600,391.0
719,1377520605,391.0
719,1377520610,393.0
719,1377520615,390.0
719,1377520620,387.0
719,1377520625,390.0
719,1377520630,392.0
719,1377520635,390.0
719,1377520640,386.0
719,1377520645,382.0
719,1377520650,384.0
719,1377520655,383.0
719,1377520660,387.0
719,1377520665,392.0
719,1377520670,388.0
719,1377520675,385.0
719,1377520680,385.0
719,1377520685,382.0
719,1377520690,382.0
719,1377520695,382.0
719,1377520700,379.0
719,1377520705,388.0
719,1377520710,388.0
719,1377520715,387.0
719,1377520720,392.0
719,1377520725,392.0
719,1377520730,387.0
719,1377520735,382.0
719,1377520740,392.0
719,1377520745,390.0
719,1377520750,396.0
719,1377520755,393.0
719,1377520760,395.0
719,1377520765,388.0
719,1377520770,385.0
719,1377520775,388.0
719,1377520780,390.0
719,1377520785,393.0
719,1377520790,393.0
719,1377520795,396.0
719,1377520800,396.0
719,1377520805,393.0
719,1377520810,391.0
719,1377520815,388.0
719,1377520820,382.0
719,1377520825,385.0
719,1377520830,385.0
719,1377520835,387.0
719,1377520840,388.0
719,1377520845,396.0
719,1377520850,396.0
719,1377520855,396.0
719,1377520860,392.0
719,1377520865,391.0
719,1377520870,390.0
719,1377520875,393.0
719,1377520880,396.0
719,1377520885,401.0
719,1377520890,391.0
719,1377520895,390.0
719,1377520900,387.0
719,1377520905,382.0
719,1377520910,381.0
719,1377520915,379.0
719,1377520920,380.0
719,1377520925,376.0
719,1377520930,376.0
719,1377520935,374.0
719,1377520940,380.0
719,1377520945,383.0
719,1377520950,390.0
719,1377520955,393.0
719,1377520960,391.0
719,1377520965,387.0
719,1377520970,382.0
719,1377520975,385.0
719,1377520980,385.0
719,1377520985,382.0
719,1377520990,382.0
719,1377520995,385.0
719,1377521000,383.0
719,1377521005,379.0
719,1377521010,382.0
719,1377521015,384.0
719,1377521020,385.0
719,1377521025,382.0
719,1377521030,382.0
719,1377521035,382.0
719,1377521040,381.0
719,1377521045,379.0
719,1377521050,382.0
719,1377521055,385.0
719,1377521060,383.0
719,1377521065,388.0
719,1377521070,385.0
719,1377521075,382.0
719,1377521080,387.0
719,1377521085,393.0
719,1377521090,393.0
719,1377521095,396.0
719,1377521100,391.0
719,1377521105,396.0
719,1377521110,390.0
719,1377521115,396.0
719,1377521120,383.0
719,1377521125,387.0
719,1377521130,390.0
719,1377521135,390.0
719,1377521140,390.0
719,1377521145,392.0
719,1377521150,396.0
719,1377521155,387.0
719,1377521160,393.0
719,1377521165,396.0
719,1377521170,391.0
719,1377521175,400.0
719,1377521180,401.0
719,1377521185,402.0
719,1377521190,401.0
719,1377521195,391.0
719,1377521200,396.0
719,1377521205,388.0
719,1377521210,388.0
719,1377521215,382.0
719,1377521220,392.0
719,1377521225,393.0
719,1377521230,390.0
719,1377521235,396.0
719,1377521240,393.0
719,1377521245,388.0
719,1377521250,382.0
719,1377521255,382.0
719,1377521260,380.0
719,1377521265,382.0
719,1377521270,385.0
719,1377521275,387.0
719,1377521280,385.0
719,1377521285,382.0
719,1377521290,385.0
719,1377521295,387.0
719,1377521300,393.0
719,1377521305,390.0
719,1377521310,397.0
719,1377521315,400.0
719,1377521320,396.0
719,1377521325,390.0
719,1377521330,388.0
719,1377521335,392.0
719,1377521340,382.0
719,1377521345,387.0
719,1377521350,385.0
719,1377521355,388.0
719,1377521360,387.0
719,1377521365,391.0
719,1377521370,390.0
719,1377521375,398.0
719,1377521380,395.0
719,1377521385,395.0
719,1377521390,390.0
719,1377521395,390.0
719,1377521400,393.0
719,1377521405,391.0
719,1377521410,395.0
719,1377521415,393.0
719,1377521420,396.0
719,1377521425,390.0
719,1377521430,392.0
719,1377521435,388.0
719,1377521440,385.0
719,1377521445,381.0
719,1377521450,379.0
719,1377521455,375.0
719,1377521460,385.0
719,1377521465,385.0
719,1377521470,387.0
719,1377521475,385.0
719,1377521480,383.0
719,1377521485,382.0
719,1377521490,382.0
719,1377521495,385.0
719,1377521500,391.0
719,1377521505,393.0
719,1377521510,395.0
719,1377521515,396.0
719,1377521520,393.0
719,1377521525,393.0
719,1377521530,396.0
719,1377521535,400.0
719,1377521540,397.0
719,1377521545,398.0
719,1377521550,396.0
719,1377521555,392.0
719,1377521560,382.0
719,1377521565,379.0
719,1377521570,377.0
719,1377521575,380.0
719,1377521580,382.0
719,1377521585,385.0
719,1377521590,382.0
719,1377521595,383.0
719,1377521600,385.0
719,1377521605,388.0
719,1377521610,375.0
719,1377521615,380.0
719,1377521620,385.0
719,1377521625,385.0
719,1377521630,375.0
719,1377521635,375.0
719,1377521640,377.0
719,1377521645,374.0
719,1377521650,385.0
719,1377521655,383.0
719,1377521660,383.0
719,1377521665,390.0
719,1377521670,385.0
719,1377521675,382.0
719,1377521680,382.0
719,1377521685,380.0
719,1377521690,375.0
719,1377521695,388.0
719,1377521700,382.0
719,1377521705,385.0
719,1377521710,382.0
719,1377521715,396.0
719,1377521720,396.0
719,1377521725,391.0
719,1377521730,395.0
719,1377521735,391.0
719,1377521740,389.0
719,1377521745,381.0
719,1377521750,381.0
719,1377521755,382.0
719,1377521760,387.0
719,1377521765,385.0
719,1377521770,388.0
719,1377521775,391.0
719,1377521780,398.0
719,1377521785,397.0
719,1377521790,398.0
719,1377521795,401.0
719,1377521800,396.0
719,1377521805,390.0
719,1377521810,391.0
719,1377521815,392.0
719,1377521820,382.0
719,1377521825,381.0
719,1377521830,375.0
719,1377521835,375.0
719,1377521840,375.0
719,1377521845,383.0
719,1377521850,385.0
719,1377521855,382.0
719,1377521860,382.0
719,1377521865,384.0
719,1377521870,382.0
719,1377521875,390.0
719,1377521880,390.0
719,1377521885,390.0
719,1377521890,383.0
719,1377521895,382.0
719,1377521900,387.0
719,1377521905,387.0
719,1377521910,395.0
719,1377521915,402.0
719,1377521920,397.0
719,1377521925,404.0
719,1377521930,398.0
719,1377521935,395.0
719,1377521940,391.0
719,1377521945,390.0
719,1377521950,396.0
719,1377521955,393.0
719,1377521960,393.0
719,1377521965,396.0
719,1377521970,391.0
719,1377521975,393.0
719,1377521980,395.0
719,1377521985,387.0
719,1377521990,396.0
719,1377521995,382.0
719,1377522000,381.0
719,1377522005,380.0
719,1377522010,382.0
719,1377522015,393.0
719,1377522020,391.0
719,1377522025,401.0
719,1377522030,397.0
719,1377522035,391.0
719,1377522040,391.0
719,1377522045,388.0
719,1377522050,385.0
719,1377522055,388.0
719,1377522060,382.0
719,1377522065,383.0
719,1377522070,383.0
719,1377522075,388.0
719,1377522080,382.0
719,1377522085,388.0
719,1377522090,388.0
719,1377522095,387.0
719,1377522100,390.0
719,1377522105,395.0
719,1377522110,396.0
719,1377522115,393.0
719,1377522120,382.0
719,1377522125,388.0
719,1377522130,384.0
719,1377522135,387.0
719,1377522140,385.0
719,1377522145,388.0
719,1377522150,382.0
719,1377522155,387.0
719,1377522160,392.0
719,1377522165,387.0
719,1377522170,392.0
719,1377522175,393.0
719,1377522180,393.0
719,1377522185,395.0
719,1377522190,396.0
719,1377522195,390.0
719,1377522200,390.0
719,1377522205,383.0
719,1377522210,385.0
719,1377522215,380.0
719,1377522220,385.0
719,1377522225,385.0
719,1377522230,393.0
719,1377522235,396.0
719,1377522240,391.0
719,1377522245,396.0
719,1377522250,390.0
719,1377522255,387.0
719,1377522260,396.0
719,1377522265,387.0
719,1377522270,382.0
719,1377522275,381.0
719,1377522280,379.0
719,1377522285,382.0
719,1377522290,379.0
719,1377522295,375.0
719,1377522300,381.0
719,1377522305,383.0
719,1377522310,388.0
719,1377522315,379.0
719,1377522320,388.0
719,1377522325,387.0
719,1377522330,387.0
719,1377522335,387.0
719,1377522340,382.0
719,1377522345,380.0
719,1377522350,376.0
719,1377522355,377.0
719,1377522360,372.0
719,1377522365,375.0
719,1377522370,377.0
719,1377522375,377.0
719,1377522380,382.0
719,1377522385,385.0
719,1377522390,387.0
719,1377522395,382.0
719,1377522400,388.0
719,1377522405,382.0
719,1377522410,384.0
719,1377522415,388.0
719,1377522420,390.0
719,1377522425,395.0
719,1377522430,393.0
719,1377522435,388.0
719,1377522440,383.0
719,1377522445,382.0
719,1377522450,383.0
719,1377522455,396.0
719,1377522460,392.0
719,1377522465,396.0
719,1377522470,391.0
719,1377522475,391.0
719,1377522480,393.0
719,1377522485,393.0
719,1377522490,390.0
719,1377522495,396.0
719,1377522500,390.0
719,1377522505,392.0
719,1377522510,390.0
719,1377522515,390.0
719,1377522520,388.0
719,1377522525,392.0
719,1377522530,393.0
719,1377522535,396.0
719,1377522540,390.0
719,1377522545,393.0
719,1377522550,390.0
719,1377522555,391.0
719,1377522560,401.0
719,1377522565,397.0
719,1377522570,395.0
719,1377522575,392.0
719,1377522580,382.0
719,1377522585,382.0
719,1377522590,374.0
719,1377522595,379.0
719,1377522600,377.0
719,1377522605,375.0
719,1377522610,379.0
719,1377522615,382.0
719,1377522620,388.0
719,1377522625,388.0
719,1377522630,382.0
719,1377522635,388.0
719,1377522640,379.0
719,1377522645,379.0
719,1377522650,382.0
719,1377522655,379.0
719,1377522660,387.0
719,1377522665,392.0
719,1377522670,395.0
719,1377522675,397.0
719,1377522680,398.0
719,1377522685,400.0
719,1377522690,398.0
719,1377522695,395.0
719,1377522700,393.0
719,1377522705,390.0
719,1377522710,387.0
719,1377522715,374.0
719,1377522720,377.0
719,1377522725,375.0
719,1377522730,384.0
719,1377522735,382.0
719,1377522740,387.0
719,1377522745,385.0
719,1377522750,387.0
719,1377522755,387.0
719,1377522760,387.0
719,1377522765,388.0
719,1377522770,385.0
719,1377522775,384.0
719,1377522780,380.0
719,1377522785,388.0
719,1377522790,388.0
719,1377522795,393.0
719,1377522800,390.0
719,1377522805,395.0
719,1377522810,392.0
719,1377522815,382.0
719,1377522820,383.0
719,1377522825,385.0
719,1377522830,382.0
719,1377522835,385.0
719,1377522840,392.0
719,1377522845,393.0
719,1377522850,383.0
719,1377522855,390.0
719,1377522860,387.0
719,1377522865,389.0
719,1377522870,388.0
719,1377522875,382.0
719,1377522880,388.0
719,1377522885,388.0
719,1377522890,384.0
719,1377522895,387.0
719,1377522900,377.0
719,1377522905,380.0
719,1377522910,380.0
719,1377522915,375.0
719,1377522920,381.0
719,1377522925,383.0
719,1377522930,375.0
719,1377522935,385.0
719,1377522940,385.0
719,1377522945,382.0
719,1377522950,392.0
719,1377522955,396.0
719,1377522960,393.0
719,1377522965,392.0
719,1377522970,388.0
719,1377522975,385.0
719,1377522980,382.0
719,1377522985,385.0
719,1377522990,387.0
719,1377522995,384.0
719,1377523000,385.0
719,1377523005,382.0
719,1377523010,382.0
719,1377523015,385.0
719,1377523020,390.0
719,1377523025,390.0
719,1377523030,390.0
719,1377523035,392.0
719,1377523040,383.0
719,1377523045,392.0
719,1377523050,390.0
719,1377523055,391.0
719,1377523060,398.0
719,1377523065,398.0
719,1377523070,398.0
719,1377523075,396.0
719,1377523080,396.0
719,1377523085,396.0
719,1377523090,391.0
719,1377523095,391.0
719,1377523100,390.0
719,1377523105,390.0
719,1377523110,387.0
719,1377523115,396.0
719,1377523120,390.0
719,1377523125,393.0
719,1377523130,393.0
719,1377523135,396.0
719,1377523140,396.0
719,1377523145,393.0
719,1377523150,392.0
719,1377523155,393.0
719,1377523160,393.0
719,1377523165,393.0
719,1377523170,393.0
719,1377523175,393.0
719,1377523180,389.0
719,1377523185,383.0
719,1377523190,382.0
719,1377523195,388.0
719,1377523200,388.0
719,1377523205,391.0
719,1377523210,390.0
719,1377523215,393.0
719,1377523220,395.0
719,1377523225,395.0
719,1377523230,398.0
719,1377523235,390.0
719,1377523240,387.0
719,1377523245,384.0
719,1377523250,385.0
719,1377523255,383.0
719,1377523260,389.0
719,1377523265,393.0
719,1377523270,401.0
719,1377523275,398.0
719,1377523280,398.0
719,1377523285,390.0
719,1377523290,393.0
719,1377523295,391.0
719,1377523300,392.0
719,1377523305,388.0
719,1377523310,377.0
719,1377523315,371.0
719,1377523320,380.0
719,1377523325,382.0
719,1377523330,392.0
719,1377523335,396.0
719,1377523340,390.0
719,1377523345,396.0
719,1377523350,396.0
719,1377523355,395.0
719,1377523360,390.0
719,1377523365,395.0
719,1377523370,387.0
719,1377523375,385.0
719,1377523380,375.0
719,1377523385,380.0
719,1377523390,383.0
719,1377523395,387.0
719,1377523400,381.0
719,1377523405,387.0
719,1377523410,387.0
719,1377523415,385.0
719,1377523420,382.0
719,1377523425,385.0
719,1377523430,383.0
719,1377523435,387.0
719,1377523440,387.0
719,1377523445,383.0
719,1377523450,388.0
719,1377523455,388.0
719,1377523460,385.0
719,1377523465,384.0
719,1377523470,384.0
719,1377523475,387.0
719,1377523480,393.0
719,1377523485,392.0
719,1377523490,387.0
719,1377523495,383.0
719,1377523500,386.0
719,1377523505,388.0
719,1377523511,387.0
719,1377523515,391.0
719,1377523520,396.0
719,1377523525,390.0
719,1377523530,392.0
719,1377523535,385.0
719,1377523540,388.0
719,1377523545,385.0
719,1377523550,383.0
719,1377523555,388.0
719,1377523560,396.0
719,1377523565,393.0
719,1377523570,390.0
719,1377523575,382.0
719,1377523580,380.0
719,1377523585,376.0
719,1377523590,375.0
719,1377523595,385.0
719,1377523600,393.0
719,1377523605,395.0
719,1377523610,390.0
719,1377523615,391.0
719,1377523620,393.0
719,1377523625,392.0
719,1377523630,387.0
719,1377523635,392.0
719,1377523640,387.0
719,1377523645,395.0
719,1377523650,392.0
719,1377523655,390.0
719,1377523660,387.0
719,1377523665,387.0
719,1377523670,388.0
719,1377523675,391.0
719,1377523680,391.0
719,1377523685,396.0
719,1377523690,398.0
719,1377523695,390.0
719,1377523700,393.0
719,1377523705,392.0
719,1377523710,387.0
719,1377523715,382.0
719,1377523720,385.0
719,1377523725,382.0
719,1377523730,388.0
719,1377523735,375.0
719,1377523740,384.0
719,1377523745,379.0
719,1377523750,384.0
719,1377523755,382.0
719,1377523760,385.0
719,1377523765,387.0
719,1377523770,392.0
719,1377523775,396.0
719,1377523780,395.0
719,1377523785,400.0
719,1377523790,395.0
719,1377523795,393.0
719,1377523800,390.0
719,1377523805,391.0
719,1377523810,396.0
719,1377523815,396.0
719,1377523820,395.0
719,1377523825,392.0
719,1377523830,387.0
719,1377523835,388.0
719,1377523840,392.0
719,1377523845,391.0
719,1377523850,393.0
719,1377523855,404.0
719,1377523860,395.0
719,1377523865,398.0
719,1377523870,401.0
719,1377523875,403.0
719,1377523880,401.0
719,1377523885,397.0
719,1377523890,391.0
719,1377523895,390.0
719,1377523900,390.0
719,1377523905,392.0
719,1377523910,396.0
719,1377523915,392.0
719,1377523920,383.0
719,1377523925,385.0
719,1377523930,385.0
719,1377523935,385.0
719,1377523940,382.0
719,1377523945,388.0
719,1377523950,385.0
719,1377523955,384.0
719,1377523960,383.0
719,1377523965,381.0
719,1377523970,384.0
719,1377523975,382.0
719,1377523980,382.0
719,1377523985,382.0
719,1377523990,374.0
719,1377523995,385.0
719,1377524000,383.0
719,1377524005,388.0
719,1377524010,393.0
719,1377524015,392.0
719,1377524020,390.0
719,1377524025,393.0
719,1377524030,390.0
719,1377524035,392.0
719,1377524040,387.0
719,1377524045,387.0
719,1377524050,385.0
719,1377524055,385.0
719,1377524060,392.0
719,1377524065,397.0
719,1377524070,402.0
719,1377524075,403.0
719,1377524080,404.0
719,1377524085,395.0
719,1377524090,393.0
719,1377524095,388.0
719,1377524100,382.0
719,1377524105,385.0
719,1377524110,385.0
719,1377524115,387.0
719,1377524120,390.0
719,1377524125,393.0
719,1377524130,385.0
719,1377524135,388.0
719,1377524140,387.0
719,1377524145,390.0
719,1377524150,393.0
719,1377524155,391.0
719,1377524160,390.0
719,1377524165,393.0
719,1377524170,390.0
719,1377524175,387.0
719,1377524180,388.0
719,1377524185,390.0
719,1377524190,390.0
719,1377524195,387.0
719,1377524200,390.0
719,1377524205,393.0
719,1377524210,393.0
719,1377524215,398.0
719,1377524220,401.0
719,1377524225,397.0
719,1377524230,397.0
719,1377524235,390.0
719,1377524240,392.0
719,1377524245,387.0
719,1377524250,387.0
719,1377524255,392.0
719,1377524260,396.0
719,1377524265,396.0
719,1377524270,404.0
719,1377524275,390.0
719,1377524280,393.0
719,1377524285,385.0
719,1377524290,382.0
719,1377524295,382.0
719,1377524300,385.0
719,1377524305,392.0
719,1377524310,393.0
719,1377524315,396.0
719,1377524320,390.0
719,1377524325,392.0
719,1377524330,392.0
719,1377524335,385.0
719,1377524340,382.0
719,1377524347,379.0
719,1377524350,380.0
719,1377524355,387.0
719,1377524360,392.0
719,1377524365,393.0
719,1377524370,397.0
719,1377524375,395.0
719,1377524380,391.0
719,1377524385,396.0
719,1377524390,393.0
719,1377524395,395.0
719,1377524400,392.0
719,1377524405,388.0
719,1377524410,385.0
719,1377524415,385.0
719,1377524420,379.0
719,1377524425,379.0
719,1377524430,388.0
719,1377524435,391.0
719,1377524440,398.0
719,1377524445,391.0
719,1377524450,392.0
719,1377524455,388.0
719,1377524460,382.0
719,1377524465,385.0
719,1377524470,385.0
719,1377524475,382.0
719,1377524480,396.0
719,1377524485,390.0
719,1377524490,393.0
719,1377524495,392.0
719,1377524500,396.0
719,1377524505,387.0
719,1377524510,392.0
719,1377524515,392.0
719,1377524520,395.0
719,1377524525,391.0
719,1377524530,390.0
719,1377524535,387.0
719,1377524540,390.0
719,1377524545,385.0
719,1377524550,382.0
719,1377524555,382.0
719,1377524560,383.0
719,1377524565,388.0
719,1377524570,387.0
719,1377524575,383.0
719,1377524580,390.0
719,1377524585,395.0
719,1377524590,397.0
719,1377524595,400.0
719,1377524600,398.0
719,1377524605,401.0
719,1377524610,397.0
719,1377524615,403.0
719,1377524620,403.0
719,1377524625,401.0
719,1377524630,395.0
719,1377524635,391.0
719,1377524640,393.0
719,1377524645,391.0
719,1377524650,387.0
719,1377524655,390.0
719,1377524660,391.0
719,1377524665,395.0
719,1377524670,401.0
719,1377524675,403.0
719,1377524680,401.0
719,1377524685,403.0
719,1377524690,403.0
719,1377524695,396.0
719,1377524700,390.0
719,1377524705,390.0
719,1377524710,390.0
719,1377524715,398.0
719,1377524720,390.0
719,1377524725,398.0
719,1377524730,396.0
719,1377524735,396.0
719,1377524740,393.0
719,1377524745,390.0
719,1377524750,395.0
719,1377524755,396.0
719,1377524760,398.0
719,1377524765,393.0
719,1377524770,391.0
719,1377524775,396.0
719,1377524780,391.0
719,1377524785,392.0
719,1377524790,391.0
719,1377524795,390.0
719,1377524800,395.0
719,1377524805,397.0
719,1377524810,401.0
719,1377524815,399.0
719,1377524820,406.0
719,1377524825,406.0
719,1377524830,403.0
719,1377524835,408.0
719,1377524840,401.0
719,1377524845,400.0
719,1377524850,398.0
719,1377524855,401.0
719,1377524860,401.0
719,1377524865,397.0
719,1377524870,395.0
719,1377524875,401.0
719,1377524880,398.0
719,1377524885,398.0
719,1377524890,397.0
719,1377524895,400.0
719,1377524900,395.0
719,1377524905,395.0
719,1377524910,398.0
719,1377524915,398.0
719,1377524920,403.0
719,1377524925,402.0
719,1377524930,395.0
719,1377524935,391.0
719,1377524940,393.0
719,1377524945,390.0
719,1377524950,392.0
719,1377524955,392.0
719,1377524960,387.0
719,1377524965,387.0
719,1377524970,392.0
719,1377524975,392.0
719,1377524980,392.0
719,1377524985,387.0
719,1377524990,388.0
719,1377524995,384.0
719,1377525000,382.0
719,1377525005,388.0
719,1377525011,393.0
719,1377525015,390.0
719,1377525020,398.0
719,1377525025,390.0
719,1377525030,401.0
719,1377525035,392.0
719,1377525040,383.0
719,1377525045,392.0
719,1377525050,396.0
719,1377525055,395.0
719,1377525060,397.0
719,1377525065,403.0
719,1377525070,401.0
719,1377525075,395.0
719,1377525080,397.0
719,1377525085,395.0
719,1377525090,395.0
719,1377525095,402.0
719,1377525100,396.0
719,1377525105,391.0
719,1377525110,395.0
719,1377525115,390.0
719,1377525120,396.0
719,1377525125,391.0
719,1377525130,396.0
719,1377525135,395.0
719,1377525140,395.0
719,1377525145,400.0
719,1377525150,395.0
719,1377525155,412.0
719,1377525160,398.0
719,1377525165,402.0
719,1377525170,406.0
719,1377525175,406.0
719,1377525180,402.0
719,1377525185,398.0
719,1377525190,393.0
719,1377525195,390.0
719,1377525200,387.0
719,1377525205,385.0
719,1377525210,392.0
719,1377525215,393.0
719,1377525220,397.0
719,1377525225,401.0
719,1377525230,404.0
719,1377525235,398.0
719,1377525240,398.0
719,1377525245,388.0
719,1377525250,392.0
719,1377525255,383.0
719,1377525260,382.0
719,1377525265,387.0
719,1377525270,391.0
719,1377525275,393.0
719,1377525280,391.0
719,1377525285,392.0
719,1377525290,385.0
719,1377525295,382.0
719,1377525300,388.0
719,1377525305,379.0
719,1377525310,377.0
719,1377525315,374.0
719,1377525320,382.0
719,1377525325,385.0
719,1377525330,393.0
719,1377525335,391.0
719,1377525340,391.0
719,1377525345,390.0
719,1377525350,396.0
719,1377525355,392.0
719,1377525360,388.0
719,1377525365,393.0
719,1377525370,390.0
719,1377525375,396.0
719,1377525380,401.0
719,1377525385,404.0
719,1377525390,404.0
719,1377525395,402.0
719,1377525400,401.0
719,1377525405,398.0
719,1377525410,396.0
719,1377525415,395.0
719,1377525420,396.0
719,1377525425,391.0
719,1377525430,393.0
719,1377525435,387.0
719,1377525440,387.0
719,1377525445,390.0
719,1377525450,393.0
719,1377525455,392.0
719,1377525460,392.0
719,1377525465,392.0
719,1377525470,390.0
719,1377525475,382.0
719,1377525480,382.0
719,1377525485,387.0
719,1377525490,392.0
719,1377525495,385.0
719,1377525500,382.0
719,1377525505,382.0
719,1377525510,385.0
719,1377525515,385.0
719,1377525520,388.0
719,1377525525,390.0
719,1377525530,398.0
719,1377525535,393.0
719,1377525540,395.0
719,1377525545,396.0
719,1377525550,390.0
719,1377525555,392.0
719,1377525560,382.0
719,1377525565,382.0
719,1377525570,388.0
719,1377525575,390.0
719,1377525580,391.0
719,1377525585,393.0
719,1377525590,396.0
719,1377525595,391.0
719,1377525600,396.0
719,1377525605,395.0
719,1377525610,393.0
719,1377525615,396.0
719,1377525620,393.0
719,1377525625,391.0
719,1377525630,382.0
719,1377525635,387.0
719,1377525640,383.0
719,1377525645,392.0
719,1377525650,393.0
719,1377525655,397.0
719,1377525660,396.0
719,1377525665,396.0
719,1377525670,390.0
719,1377525675,387.0
719,1377525680,389.0
719,1377525685,389.0
719,1377525690,393.0
719,1377525695,396.0
719,1377525700,392.0
719,1377525705,396.0
719,1377525710,392.0
719,1377525715,393.0
719,1377525720,396.0
719,1377525725,398.0
719,1377525730,398.0
719,1377525735,398.0
719,1377525740,403.0
719,1377525745,393.0
719,1377525750,391.0
719,1377525755,393.0
719,1377525760,396.0
719,1377525765,391.0
719,1377525770,397.0
719,1377525775,397.0
719,1377525780,408.0
719,1377525785,397.0
719,1377525790,401.0
719,1377525795,395.0
719,1377525800,396.0
719,1377525805,390.0
719,1377525810,385.0
719,1377525815,388.0
719,1377525820,383.0
719,1377525825,391.0
719,1377525830,390.0
719,1377525835,397.0
719,1377525840,399.0
719,1377525845,398.0
719,1377525850,395.0
719,1377525855,391.0
719,1377525860,392.0
719,1377525865,391.0
719,1377525870,382.0
719,1377525875,388.0
719,1377525880,385.0
719,1377525885,383.0
719,1377525890,388.0
719,1377525895,392.0
719,1377525900,388.0
719,1377525905,389.0
719,1377525910,387.0
719,1377525915,382.0
719,1377525920,391.0
719,1377525925,391.0
719,1377525930,397.0
719,1377525935,401.0
719,1377525940,402.0
719,1377525945,396.0
719,1377525950,391.0
719,1377525955,393.0
719,1377525960,390.0
719,1377525965,390.0
719,1377525970,396.0
719,1377525975,390.0
719,1377525980,396.0
719,1377525985,382.0
719,1377525990,388.0
719,1377525995,385.0
719,1377526000,383.0
719,1377526005,381.0
719,1377526010,388.0
719,1377526015,382.0
719,1377526020,383.0
719,1377526025,389.0
719,1377526030,393.0
719,1377526035,402.0
719,1377526040,404.0
719,1377526045,402.0
719,1377526050,393.0
719,1377526055,382.0
719,1377526060,388.0
719,1377526065,387.0
719,1377526070,382.0
719,1377526075,380.0
719,1377526080,382.0
719,1377526085,384.0
719,1377526090,384.0
719,1377526095,380.0
719,1377526100,382.0
719,1377526105,382.0
719,1377526110,387.0
719,1377526115,395.0
719,1377526120,390.0
719,1377526125,391.0
719,1377526130,396.0
719,1377526135,396.0
719,1377526140,391.0
719,1377526145,393.0
719,1377526150,392.0
719,1377526155,392.0
719,1377526160,379.0
719,1377526165,380.0
719,1377526170,379.0
719,1377526175,375.0
719,1377526180,383.0
719,1377526185,385.0
719,1377526190,384.0
719,1377526195,375.0
719,1377526200,379.0
719,1377526205,379.0
719,1377526210,383.0
719,1377526215,382.0
719,1377526220,383.0
719,1377526225,392.0
719,1377526230,392.0
719,1377526235,393.0
719,1377526240,396.0
719,1377526245,393.0
719,1377526250,392.0
719,1377526255,380.0
719,1377526260,388.0
719,1377526265,380.0
719,1377526270,385.0
719,1377526275,385.0
719,1377526280,396.0
719,1377526285,388.0
719,1377526290,390.0
719,1377526295,390.0
719,1377526300,393.0
719,1377526305,392.0
719,1377526310,387.0
719,1377526315,387.0
719,1377526320,385.0
719,1377526325,384.0
719,1377526330,379.0
719,1377526335,377.0
719,1377526340,377.0
719,1377526345,384.0
719,1377526350,390.0
719,1377526355,396.0
719,1377526360,390.0
719,1377526365,391.0
719,1377526370,392.0
719,1377526375,383.0
719,1377526380,385.0
719,1377526385,383.0
719,1377526390,384.0
719,1377526395,385.0
719,1377526400,382.0
719,1377526405,387.0
719,1377526410,396.0
719,1377526415,399.0
719,1377526420,402.0
719,1377526425,396.0
719,1377526430,396.0
719,1377526435,392.0
719,1377526440,383.0
719,1377526445,385.0
719,1377526450,385.0
719,1377526455,396.0
719,1377526460,396.0
719,1377526465,391.0
719,1377526470,398.0
719,1377526475,396.0
719,1377526480,393.0
719,1377526485,382.0
719,1377526490,387.0
719,1377526495,384.0
719,1377526500,382.0
719,1377526505,391.0
719,1377526510,395.0
719,1377526515,398.0
719,1377526520,398.0
719,1377526525,396.0
719,1377526530,397.0
719,1377526535,391.0
719,1377526540,391.0
719,1377526545,388.0
719,1377526550,383.0
719,1377526555,388.0
719,1377526560,390.0
719,1377526565,391.0
719,1377526570,391.0
719,1377526575,395.0
719,1377526580,391.0
719,1377526585,391.0
719,1377526590,400.0
719,1377526595,397.0
719,1377526600,398.0
719,1377526605,396.0
719,1377526610,391.0
719,1377526615,395.0
719,1377526620,391.0
719,1377526625,391.0
719,1377526630,383.0
719,1377526635,382.0
719,1377526640,388.0
719,1377526645,396.0
719,1377526650,390.0
719,1377526655,393.0
719,1377526660,395.0
719,1377526665,390.0
719,1377526670,393.0
719,1377526675,393.0
719,1377526680,393.0
719,1377526685,395.0
719,1377526690,390.0
719,1377526695,392.0
719,1377526700,387.0
719,1377526705,392.0
719,1377526710,383.0
719,1377526715,385.0
719,1377526720,379.0
719,1377526725,379.0
719,1377526730,379.0
719,1377526735,382.0
719,1377526740,397.0
719,1377526745,398.0
719,1377526750,401.0
719,1377526755,396.0
719,1377526760,393.0
719,1377526765,385.0
719,1377526770,385.0
719,1377526775,396.0
719,1377526780,401.0
719,1377526785,398.0
719,1377526790,400.0
719,1377526795,398.0
719,1377526800,396.0
719,1377526805,395.0
719,1377526810,396.0
719,1377526815,390.0
719,1377526820,391.0
719,1377526825,393.0
719,1377526830,390.0
719,1377526835,391.0
719,1377526840,393.0
719,1377526845,401.0
719,1377526850,404.0
719,1377526855,412.0
719,1377526860,404.0
719,1377526865,403.0
719,1377526870,396.0
719,1377526875,393.0
719,1377526880,387.0
719,1377526885,393.0
719,1377526890,393.0
719,1377526895,395.0
719,1377526900,393.0
719,1377526905,396.0
719,1377526910,390.0
719,1377526915,391.0
719,1377526920,391.0
719,1377526925,395.0
719,1377526930,396.0
719,1377526935,396.0
719,1377526940,395.0
719,1377526945,390.0
719,1377526950,392.0
719,1377526955,396.0
719,1377526960,390.0
719,1377526965,393.0
719,1377526970,391.0
719,1377526975,398.0
719,1377526980,398.0
719,1377526985,390.0
719,1377526990,396.0
719,1377526995,397.0
719,1377527000,401.0
719,1377527005,401.0
719,1377527010,398.0
719,1377527015,397.0
719,1377527020,398.0
719,1377527025,393.0
719,1377527030,390.0
719,1377527035,382.0
719,1377527040,382.0
719,1377527045,382.0
719,1377527050,390.0
719,1377527055,390.0
719,1377527060,392.0
719,1377527065,392.0
719,1377527070,392.0
719,1377527075,390.0
719,1377527080,392.0
719,1377527085,390.0
719,1377527090,395.0
719,1377527095,398.0
719,1377527100,397.0
719,1377527105,396.0
719,1377527110,391.0
719,1377527115,393.0
719,1377527120,391.0
719,1377527125,390.0
719,1377527130,391.0
719,1377527135,395.0
719,1377527140,401.0
719,1377527145,404.0
719,1377527150,402.0
719,1377527155,403.0
719,1377527160,391.0
719,1377527165,393.0
719,1377527170,395.0
719,1377527175,393.0
719,1377527180,390.0
719,1377527185,390.0
719,1377527190,393.0
719,1377527195,382.0
719,1377527200,387.0
719,1377527205,387.0
719,1377527210,387.0
719,1377527215,392.0
719,1377527220,393.0
719,1377527225,390.0
719,1377527230,395.0
719,1377527235,390.0
719,1377527240,390.0
719,1377527245,387.0
719,1377527250,382.0
719,1377527255,390.0
719,1377527260,390.0
719,1377527265,396.0
719,1377527270,398.0
719,1377527275,401.0
719,1377527280,403.0
719,1377527285,403.0
719,1377527290,401.0
719,1377527295,391.0
719,1377527300,396.0
719,1377527305,393.0
719,1377527310,393.0
719,1377527315,396.0
719,1377527320,396.0
719,1377527325,398.0
719,1377527330,393.0
719,1377527335,396.0
719,1377527340,390.0
719,1377527345,390.0
719,1377527350,388.0
719,1377527355,385.0
719,1377527360,377.0
719,1377527365,375.0
719,1377527370,380.0
719,1377527375,381.0
719,1377527380,390.0
719,1377527385,397.0
719,1377527390,396.0
719,1377527395,396.0
719,1377527400,392.0
719,1377527405,387.0
719,1377527410,383.0
719,1377527415,395.0
719,1377527420,390.0
719,1377527425,393.0
719,1377527430,385.0
719,1377527435,381.0
719,1377527440,379.0
719,1377527445,380.0
719,1377527450,382.0
719,1377527455,385.0
719,1377527460,388.0
719,1377527465,387.0
719,1377527470,392.0
719,1377527475,391.0
719,1377527480,390.0
719,1377527485,390.0
719,1377527490,393.0
719,1377527495,392.0
719,1377527500,382.0
719,1377527505,380.0
719,1377527510,385.0
719,1377527515,381.0
719,1377527520,392.0
719,1377527525,392.0
719,1377527530,391.0
719,1377527535,383.0
719,1377527540,391.0
719,1377527545,390.0
719,1377527550,396.0
719,1377527555,396.0
719,1377527560,393.0
719,1377527565,396.0
719,1377527570,393.0
719,1377527575,388.0
719,1377527580,382.0
719,1377527585,382.0
719,1377527590,381.0
719,1377527595,381.0
719,1377527600,387.0
719,1377527605,383.0
719,1377527610,393.0
719,1377527615,390.0
719,1377527620,388.0
719,1377527625,387.0
719,1377527630,382.0
719,1377527635,387.0
719,1377527640,393.0
719,1377527645,393.0
719,1377527650,400.0
719,1377527655,402.0
719,1377527660,403.0
719,1377527665,406.0
719,1377527670,402.0
719,1377527675,391.0
719,1377527680,390.0
719,1377527685,393.0
719,1377527690,396.0
719,1377527695,391.0
719,1377527700,396.0
719,1377527705,383.0
719,1377527710,388.0
719,1377527715,388.0
719,1377527720,390.0
719,1377527725,391.0
719,1377527730,401.0
719,1377527735,398.0
719,1377527740,404.0
719,1377527745,401.0
719,1377527750,401.0
719,1377527755,396.0
719,1377527760,396.0
719,1377527765,390.0
719,1377527770,387.0
719,1377527775,389.0
719,1377527780,392.0
719,1377527785,385.0
719,1377527790,390.0
719,1377527795,393.0
719,1377527800,395.0
719,1377527805,395.0
719,1377527810,390.0
719,1377527815,396.0
719,1377527820,400.0
719,1377527825,396.0
719,1377527830,400.0
719,1377527835,400.0
719,1377527840,398.0
719,1377527845,397.0
719,1377527850,390.0
719,1377527855,396.0
719,1377527860,385.0
719,1377527865,385.0
719,1377527870,381.0
719,1377527875,385.0
719,1377527880,387.0
719,1377527885,396.0
719,1377527890,387.0
719,1377527895,390.0
719,1377527900,382.0
719,1377527905,388.0
719,1377527910,388.0
719,1377527915,390.0
719,1377527920,395.0
719,1377527925,398.0
719,1377527930,398.0
719,1377527935,401.0
719,1377527940,401.0
719,1377527945,403.0
719,1377527950,403.0
719,1377527955,408.0
719,1377527960,401.0
719,1377527965,397.0
719,1377527970,395.0
719,1377527975,396.0
719,1377527980,395.0
719,1377527985,398.0
719,1377527990,401.0
719,1377527995,403.0
719,1377528000,399.0
719,1377528005,403.0
719,1377528010,403.0
719,1377528015,398.0
719,1377528020,406.0
719,1377528025,409.0
719,1377528030,412.0
719,1377528035,399.0
719,1377528040,406.0
719,1377528045,401.0
719,1377528050,400.0
719,1377528055,400.0
719,1377528060,398.0
719,1377528065,397.0
719,1377528070,395.0
719,1377528075,397.0
719,1377528080,404.0
719,1377528085,404.0
719,1377528090,416.0
719,1377528095,420.0
719,1377528100,419.0
719,1377528105,411.0
719,1377528110,407.0
719,1377528115,408.0
719,1377528120,399.0
719,1377528125,406.0
719,1377528130,414.0
719,1377528135,416.0
719,1377528140,412.0
719,1377528145,407.0
719,1377528150,409.0
719,1377528155,411.0
719,1377528160,419.0
719,1377528165,425.0
719,1377528170,419.0
719,1377528175,422.0
719,1377528180,427.0
719,1377528185,430.0
719,1377528190,427.0
719,1377528195,428.0
719,1377528200,427.0
719,1377528205,432.0
719,1377528210,433.0
719,1377528215,428.0
719,1377528220,432.0
719,1377528225,433.0
719,1377528230,430.0
719,1377528235,430.0
719,1377528240,435.0
719,1377528245,430.0
719,1377528250,444.0
719,1377528255,438.0
719,1377528260,437.0
719,1377528265,434.0
719,1377528270,429.0
719,1377528275,428.0
719,1377528280,433.0
719,1377528285,427.0
719,1377528290,430.0
719,1377528295,429.0
719,1377528300,430.0
719,1377528305,429.0
719,1377528310,433.0
719,1377528315,438.0
719,1377528320,435.0
719,1377528325,441.0
719,1377528330,439.0
719,1377528335,438.0
719,1377528340,440.0
719,1377528347,440.0
719,1377528350,439.0
719,1377528355,438.0
719,1377528360,441.0
719,1377528365,448.0
719,1377528370,441.0
719,1377528375,448.0
719,1377528380,444.0
719,1377528385,438.0
719,1377528390,431.0
719,1377528395,433.0
719,1377528400,434.0
719,1377528405,441.0
719,1377528410,443.0
719,1377528415,438.0
719,1377528420,434.0
719,1377528425,425.0
719,1377528430,425.0
719,1377528435,428.0
719,1377528440,425.0
719,1377528445,422.0
719,1377528450,419.0
719,1377528455,423.0
719,1377528460,429.0
719,1377528465,431.0
719,1377528470,441.0
719,1377528475,441.0
719,1377528480,435.0
719,1377528485,433.0
719,1377528490,428.0
719,1377528495,430.0
719,1377528500,435.0
719,1377528505,433.0
719,1377528510,431.0
719,1377528515,433.0
719,1377528520,430.0
719,1377528525,433.0
719,1377528530,433.0
719,1377528535,429.0
719,1377528540,429.0
719,1377528545,425.0
719,1377528550,422.0
719,1377528555,422.0
719,1377528560,424.0
719,1377528565,423.0
719,1377528570,432.0
719,1377528575,433.0
719,1377528580,427.0
719,1377528585,427.0
719,1377528590,427.0
719,1377528595,434.0
719,1377528600,435.0
719,1377528605,436.0
719,1377528610,431.0
719,1377528615,435.0
719,1377528620,432.0
719,1377528625,433.0
719,1377528630,433.0
719,1377528635,429.0
719,1377528640,430.0
719,1377528645,433.0
719,1377528650,430.0
719,1377528655,434.0
719,1377528660,427.0
719,1377528665,420.0
719,1377528670,418.0
719,1377528675,419.0
719,1377528680,420.0
719,1377528685,418.0
719,1377528690,415.0
719,1377528695,418.0
719,1377528700,418.0
719,1377528705,411.0
719,1377528710,411.0
719,1377528715,412.0
719,1377528720,411.0
719,1377528725,422.0
719,1377528730,422.0
719,1377528735,422.0
719,1377528740,423.0
719,1377528745,428.0
719,1377528750,425.0
719,1377528755,425.0
719,1377528760,423.0
719,1377528765,422.0
719,1377528770,422.0
719,1377528775,420.0
719,1377528780,420.0
719,1377528785,420.0
719,1377528790,418.0
719,1377528795,422.0
719,1377528800,423.0
719,1377528805,423.0
719,1377528810,428.0
719,1377528815,432.0
719,1377528820,432.0
719,1377528825,428.0
719,1377528830,425.0
719,1377528835,428.0
719,1377528840,424.0
719,1377528845,422.0
719,1377528850,424.0
719,1377528855,422.0
719,1377528860,425.0
719,1377528865,428.0
719,1377528870,429.0
719,1377528875,434.0
719,1377528880,423.0
719,1377528885,425.0
719,1377528890,425.0
719,1377528895,425.0
719,1377528900,422.0
719,1377528905,430.0
719,1377528910,423.0
719,1377528915,425.0
719,1377528920,415.0
719,1377528925,412.0
719,1377528930,411.0
719,1377528935,407.0
719,1377528940,407.0
719,1377528945,409.0
719,1377528950,406.0
719,1377528955,406.0
719,1377528960,409.0
719,1377528965,407.0
719,1377528970,416.0
719,1377528975,418.0
719,1377528980,413.0
719,1377528985,411.0
719,1377528990,409.0
719,1377528995,412.0
719,1377529000,418.0
719,1377529005,418.0
719,1377529010,422.0
719,1377529015,422.0
719,1377529020,422.0
719,1377529025,428.0
719,1377529030,423.0
719,1377529035,423.0
719,1377529040,424.0
719,1377529045,409.0
719,1377529050,416.0
719,1377529055,409.0
719,1377529060,406.0
719,1377529065,409.0
719,1377529070,416.0
719,1377529075,411.0
719,1377529080,420.0
719,1377529085,415.0
719,1377529090,419.0
719,1377529095,420.0
719,1377529100,411.0
719,1377529105,416.0
719,1377529110,407.0
719,1377529115,412.0
719,1377529120,409.0
719,1377529125,407.0
719,1377529130,411.0
719,1377529135,428.0
719,1377529140,417.0
719,1377529145,416.0
719,1377529150,413.0
719,1377529155,411.0
719,1377529160,414.0
719,1377529165,413.0
719,1377529170,411.0
719,1377529175,411.0
719,1377529180,420.0
719,1377529185,413.0
719,1377529190,411.0
719,1377529195,413.0
719,1377529200,411.0
719,1377529205,420.0
719,1377529210,412.0
719,1377529215,412.0
719,1377529220,416.0
719,1377529225,416.0
719,1377529230,413.0
719,1377529235,413.0
719,1377529240,412.0
719,1377529245,409.0
719,1377529250,409.0
719,1377529255,409.0
719,1377529260,409.0
719,1377529265,407.0
719,1377529270,419.0
719,1377529275,419.0
719,1377529280,422.0
719,1377529285,418.0
719,1377529290,415.0
719,1377529295,413.0
719,1377529300,413.0
719,1377529305,419.0
719,1377529310,420.0
719,1377529315,424.0
719,1377529320,415.0
719,1377529325,411.0
719,1377529330,416.0
719,1377529335,411.0
719,1377529340,416.0
719,1377529345,418.0
719,1377529350,416.0
719,1377529355,418.0
719,1377529360,419.0
719,1377529365,419.0
719,1377529370,425.0
719,1377529375,422.0
719,1377529380,428.0
719,1377529385,423.0
719,1377529390,424.0
719,1377529395,425.0
719,1377529400,415.0
719,1377529405,428.0
719,1377529410,418.0
719,1377529415,416.0
719,1377529420,416.0
719,1377529425,411.0
719,1377529430,407.0
719,1377529435,416.0
719,1377529440,411.0
719,1377529445,411.0
719,1377529450,416.0
719,1377529455,413.0
719,1377529460,413.0
719,1377529465,418.0
719,1377529470,411.0
719,1377529475,416.0
719,1377529480,413.0
719,1377529485,407.0
719,1377529490,401.0
719,1377529495,401.0
719,1377529500,403.0
719,1377529505,402.0
719,1377529510,412.0
719,1377529515,406.0
719,1377529520,412.0
719,1377529525,404.0
719,1377529530,403.0
719,1377529535,399.0
719,1377529540,404.0
719,1377529545,399.0
719,1377529550,407.0
719,1377529555,398.0
719,1377529560,399.0
719,1377529565,401.0
719,1377529570,401.0
719,1377529575,403.0
719,1377529580,406.0
719,1377529585,399.0
719,1377529590,407.0
719,1377529595,412.0
719,1377529600,407.0
719,1377529605,407.0
719,1377529610,416.0
719,1377529615,414.0
719,1377529620,403.0
719,1377529625,403.0
719,1377529630,409.0
719,1377529635,420.0
719,1377529640,411.0
719,1377529645,418.0
719,1377529650,412.0
719,1377529655,419.0
719,1377529660,418.0
719,1377529665,418.0
719,1377529670,412.0
719,1377529675,418.0
719,1377529680,411.0
719,1377529685,409.0
719,1377529690,411.0
719,1377529695,413.0
719,1377529700,420.0
719,1377529705,417.0
719,1377529710,416.0
719,1377529715,411.0
719,1377529720,411.0
719,1377529725,411.0
719,1377529730,411.0
719,1377529735,407.0
719,1377529740,412.0
719,1377529745,412.0
719,1377529750,412.0
719,1377529755,406.0
719,1377529760,409.0
719,1377529765,409.0
719,1377529770,412.0
719,1377529775,416.0
719,1377529780,420.0
719,1377529785,411.0
719,1377529790,412.0
719,1377529795,408.0
719,1377529800,404.0
719,1377529805,401.0
719,1377529810,402.0
719,1377529815,398.0
719,1377529820,404.0
719,1377529825,404.0
719,1377529830,408.0
719,1377529835,406.0
719,1377529840,412.0
719,1377529845,403.0
719,1377529850,404.0
719,1377529855,412.0
719,1377529860,406.0
719,1377529865,406.0
719,1377529870,408.0
719,1377529875,406.0
719,1377529880,409.0
719,1377529885,412.0
719,1377529890,412.0
719,1377529895,414.0
719,1377529900,409.0
719,1377529905,412.0
719,1377529910,406.0
719,1377529915,408.0
719,1377529920,401.0
719,1377529925,402.0
719,1377529930,400.0
719,1377529935,397.0
719,1377529940,406.0
719,1377529945,411.0
719,1377529950,411.0
719,1377529955,413.0
719,1377529960,416.0
719,1377529965,409.0
719,1377529970,412.0
719,1377529975,412.0
719,1377529980,406.0
719,1377529985,411.0
719,1377529990,411.0
719,1377529995,413.0
719,1377530000,420.0
719,1377530005,413.0
719,1377530010,411.0
719,1377530015,403.0
719,1377530020,396.0
719,1377530025,395.0
719,1377530030,395.0
719,1377530035,400.0
719,1377530040,408.0
719,1377530045,408.0
719,1377530050,412.0
719,1377530055,404.0
719,1377530060,406.0
719,1377530065,406.0
719,1377530070,403.0
719,1377530075,412.0
719,1377530080,412.0
719,1377530085,408.0
719,1377530090,403.0
719,1377530095,398.0
719,1377530100,395.0
719,1377530105,399.0
719,1377530110,397.0
719,1377530115,403.0
719,1377530120,406.0
719,1377530125,407.0
719,1377530130,408.0
719,1377530135,406.0
719,1377530140,401.0
719,1377530145,398.0
719,1377530150,401.0
719,1377530155,403.0
719,1377530160,409.0
719,1377530165,411.0
719,1377530170,414.0
719,1377530175,407.0
719,1377530180,407.0
719,1377530185,407.0
719,1377530190,408.0
719,1377530195,409.0
719,1377530200,412.0
719,1377530205,417.0
719,1377530210,418.0
719,1377530215,420.0
719,1377530220,424.0
719,1377530225,428.0
719,1377530230,422.0
719,1377530235,422.0
719,1377530240,418.0
719,1377530245,418.0
719,1377530250,415.0
719,1377530255,423.0
719,1377530260,423.0
719,1377530265,423.0
719,1377530270,429.0
719,1377530275,428.0
719,1377530280,427.0
719,1377530285,428.0
719,1377530290,425.0
719,1377530295,428.0
719,1377530300,427.0
719,1377530305,430.0
719,1377530310,429.0
719,1377530315,429.0
719,1377530320,425.0
719,1377530325,424.0
719,1377530330,424.0
719,1377530335,424.0
719,1377530340,428.0
719,1377530345,413.0
719,1377530350,411.0
719,1377530355,409.0
719,1377530360,413.0
719,1377530365,419.0
719,1377530370,429.0
719,1377530375,433.0
719,1377530380,422.0
719,1377530385,423.0
719,1377530390,422.0
719,1377530395,423.0
719,1377530400,425.0
719,1377530405,434.0
719,1377530410,429.0
719,1377530415,431.0
719,1377530420,438.0
719,1377530425,443.0
719,1377530430,444.0
719,1377530435,441.0
719,1377530440,440.0
719,1377530445,430.0
719,1377530450,427.0
719,1377530455,430.0
719,1377530460,433.0
719,1377530465,433.0
719,1377530470,436.0
719,1377530475,437.0
719,1377530480,440.0
719,1377530485,441.0
719,1377530490,438.0
719,1377530495,448.0
719,1377530500,446.0
719,1377530505,448.0
719,1377530510,452.0
719,1377530515,448.0
719,1377530520,454.0
719,1377530525,448.0
719,1377530530,448.0
719,1377530535,444.0
719,1377530540,441.0
719,1377530545,434.0
719,1377530550,430.0
719,1377530555,432.0
719,1377530560,429.0
719,1377530565,444.0
719,1377530570,440.0
719,1377530575,436.0
719,1377530580,429.0
719,1377530585,430.0
719,1377530590,433.0
719,1377530595,436.0
719,1377530600,441.0
719,1377530605,444.0
719,1377530610,438.0
719,1377530615,440.0
719,1377530620,433.0
719,1377530625,434.0
719,1377530630,438.0
719,1377530635,444.0
719,1377530640,448.0
719,1377530645,447.0
719,1377530650,448.0
719,1377530655,446.0
719,1377530660,441.0
719,1377530665,438.0
719,1377530670,438.0
719,1377530675,443.0
719,1377530680,443.0
719,1377530685,447.0
719,1377530690,439.0
719,1377530695,448.0
719,1377530700,439.0
719,1377530705,440.0
719,1377530710,446.0
719,1377530715,440.0
719,1377530720,439.0
719,1377530725,438.0
719,1377530730,435.0
719,1377530735,435.0
719,1377530740,435.0
719,1377530745,433.0
719,1377530750,435.0
719,1377530755,439.0
719,1377530760,444.0
719,1377530765,448.0
719,1377530770,446.0
719,1377530775,448.0
719,1377530780,448.0
719,1377530785,444.0
719,1377530794,439.0
719,1377530795,440.0
719,1377530800,438.0
719,1377530805,441.0
719,1377530810,440.0
719,1377530815,440.0
719,1377530820,438.0
719,1377530825,435.0
719,1377530830,436.0
719,1377530835,440.0
719,1377530840,440.0
719,1377530845,441.0
719,1377530850,444.0
719,1377530855,439.0
719,1377530860,446.0
719,1377530865,449.0
719,1377530870,447.0
719,1377530875,455.0
719,1377530880,450.0
719,1377530885,447.0
719,1377530890,439.0
719,1377530895,438.0
719,1377530900,444.0
719,1377530905,448.0
719,1377530910,443.0
719,1377530915,438.0
719,1377530920,439.0
719,1377530925,443.0
719,1377530930,448.0
719,1377530935,454.0
719,1377530940,450.0
719,1377530945,443.0
719,1377530950,447.0
719,1377530955,454.0
719,1377530960,452.0
719,1377530965,455.0
719,1377530970,451.0
719,1377530975,452.0
719,1377530980,451.0
719,1377530985,460.0
719,1377530990,460.0
719,1377530995,464.0
719,1377531000,460.0
719,1377531005,447.0
719,1377531010,456.0
719,1377531015,443.0
719,1377531020,452.0
719,1377531025,448.0
719,1377531030,443.0
719,1377531035,448.0
719,1377531040,449.0
719,1377531045,448.0
719,1377531050,452.0
719,1377531055,446.0
719,1377531060,446.0
719,1377531065,441.0
719,1377531070,448.0
719,1377531075,441.0
719,1377531080,444.0
719,1377531085,439.0
719,1377531090,439.0
719,1377531095,446.0
719,1377531100,454.0
719,1377531105,449.0
719,1377531110,456.0
719,1377531115,460.0
719,1377531120,456.0
719,1377531125,455.0
719,1377531130,460.0
719,1377531135,467.0
719,1377531140,462.0
719,1377531145,465.0
719,1377531150,462.0
719,1377531155,462.0
719,1377531160,460.0
719,1377531165,466.0
719,1377531170,464.0
719,1377531175,460.0
719,1377531180,460.0
719,1377531185,456.0
719,1377531190,452.0
719,1377531195,454.0
719,1377531200,447.0
719,1377531205,449.0
719,1377531210,454.0
719,1377531215,447.0
719,1377531220,447.0
719,1377531225,443.0
719,1377531230,448.0
719,1377531235,444.0
719,1377531240,441.0
719,1377531245,452.0
719,1377531250,439.0
719,1377531255,443.0
719,1377531260,447.0
719,1377531265,454.0
719,1377531270,462.0
719,1377531275,447.0
719,1377531280,447.0
719,1377531285,447.0
719,1377531290,449.0
719,1377531295,447.0
719,1377531300,447.0
719,1377531305,449.0
719,1377531310,447.0
719,1377531315,454.0
719,1377531320,439.0
719,1377531325,441.0
719,1377531330,439.0
719,1377531335,441.0
719,1377531340,443.0
719,1377531345,441.0
719,1377531350,443.0
719,1377531355,441.0
719,1377531360,444.0
719,1377531365,446.0
719,1377531370,443.0
719,1377531375,452.0
719,1377531380,454.0
719,1377531385,454.0
719,1377531390,454.0
719,1377531395,457.0
719,1377531400,460.0
719,1377531405,460.0
719,1377531410,456.0
719,1377531415,456.0
719,1377531420,457.0
719,1377531425,460.0
719,1377531430,457.0
719,1377531435,457.0
719,1377531440,447.0
719,1377531445,462.0
719,1377531450,454.0
719,1377531455,454.0
719,1377531460,452.0
719,1377531465,452.0
719,1377531470,447.0
719,1377531475,448.0
719,1377531480,443.0
719,1377531485,454.0
719,1377531490,455.0
719,1377531495,461.0
719,1377531500,460.0
719,1377531505,465.0
719,1377531510,465.0
719,1377531515,454.0
719,1377531520,455.0
719,1377531525,455.0
719,1377531530,460.0
719,1377531535,460.0
719,1377531540,462.0
719,1377531545,465.0
719,1377531550,459.0
719,1377531555,462.0
719,1377531560,459.0
719,1377531565,457.0
719,1377531570,457.0
719,1377531575,457.0
719,1377531580,457.0
719,1377531585,454.0
719,1377531590,456.0
719,1377531595,457.0
719,1377531600,460.0
719,1377531605,462.0
719,1377531610,465.0
719,1377531615,462.0
719,1377531620,455.0
719,1377531625,457.0
719,1377531630,457.0
719,1377531635,459.0
719,1377531640,460.0
719,1377531645,460.0
719,1377531650,452.0
719,1377531655,452.0
719,1377531660,443.0
719,1377531665,447.0
719,1377531671,447.0
719,1377531675,455.0
719,1377531680,460.0
719,1377531685,460.0
719,1377531690,461.0
719,1377531695,455.0
719,1377531700,451.0
719,1377531705,443.0
719,1377531710,448.0
719,1377531715,448.0
719,1377531720,443.0
719,1377531725,452.0
719,1377531730,454.0
719,1377531735,448.0
719,1377531740,447.0
719,1377531745,447.0
719,1377531750,443.0
719,1377531755,448.0
719,1377531760,448.0
719,1377531765,448.0
719,1377531770,449.0
719,1377531775,443.0
719,1377531780,447.0
719,1377531785,452.0
719,1377531790,452.0
719,1377531795,462.0
719,1377531800,460.0
719,1377531805,462.0
719,1377531810,465.0
719,1377531815,457.0
719,1377531820,459.0
719,1377531825,464.0
719,1377531830,462.0
719,1377531835,465.0
719,1377531840,461.0
719,1377531845,465.0
719,1377531850,465.0
719,1377531855,465.0
719,1377531860,462.0
719,1377531865,462.0
719,1377531870,456.0
719,1377531875,451.0
719,1377531880,454.0
719,1377531885,443.0
719,1377531890,454.0
719,1377531895,457.0
719,1377531900,460.0
719,1377531905,459.0
719,1377531910,457.0
719,1377531915,460.0
719,1377531920,465.0
719,1377531925,465.0
719,1377531930,457.0
719,1377531935,462.0
719,1377531940,461.0
719,1377531945,465.0
719,1377531950,468.0
719,1377531955,476.0
719,1377531960,475.0
719,1377531965,472.0
719,1377531970,461.0
719,1377531975,460.0
719,1377531980,455.0
719,1377531985,454.0
719,1377531990,457.0
719,1377531995,455.0
719,1377532000,465.0
719,1377532005,470.0
719,1377532010,465.0
719,1377532015,459.0
719,1377532020,455.0
719,1377532025,455.0
719,1377532030,455.0
719,1377532035,454.0
719,1377532040,460.0
719,1377532045,460.0
719,1377532050,460.0
719,1377532055,454.0
719,1377532060,462.0
719,1377532065,452.0
719,1377532070,452.0
719,1377532075,452.0
719,1377532080,456.0
719,1377532085,454.0
719,1377532090,457.0
719,1377532095,462.0
719,1377532100,465.0
719,1377532105,465.0
719,1377532110,460.0
719,1377532115,462.0
719,1377532120,455.0
719,1377532125,454.0
719,1377532130,457.0
719,1377532135,454.0
719,1377532140,457.0
719,1377532145,462.0
719,1377532150,462.0
719,1377532155,465.0
719,1377532160,465.0
719,1377532165,462.0
719,1377532170,465.0
719,1377532175,460.0
719,1377532180,460.0
719,1377532185,465.0
719,1377532190,455.0
719,1377532195,460.0
719,1377532200,451.0
719,1377532205,456.0
719,1377532210,454.0
719,1377532215,451.0
719,1377532220,456.0
719,1377532225,460.0
719,1377532230,457.0
719,1377532235,457.0
719,1377532240,457.0
719,1377532245,456.0
719,1377532250,455.0
719,1377532255,462.0
719,1377532260,459.0
719,1377532265,465.0
719,1377532270,467.0
719,1377532275,462.0
719,1377532280,454.0
719,1377532285,465.0
719,1377532290,465.0
719,1377532295,465.0
719,1377532300,462.0
719,1377532305,460.0
719,1377532310,462.0
719,1377532315,465.0
719,1377532320,462.0
719,1377532325,463.0
719,1377532330,467.0
719,1377532335,468.0
719,1377532340,467.0
719,1377532345,461.0
719,1377532350,459.0
719,1377532355,455.0
719,1377532360,455.0
719,1377532365,462.0
719,1377532370,460.0
719,1377532375,460.0
719,1377532380,462.0
719,1377532385,465.0
719,1377532390,462.0
719,1377532395,462.0
719,1377532400,456.0
719,1377532405,451.0
719,1377532410,454.0
719,1377532415,452.0
719,1377532420,454.0
719,1377532425,457.0
719,1377532430,457.0
719,1377532435,454.0
719,1377532440,459.0
719,1377532445,454.0
719,1377532450,457.0
719,1377532455,460.0
719,1377532460,457.0
719,1377532465,462.0
719,1377532470,462.0
719,1377532475,464.0
719,1377532480,466.0
719,1377532485,465.0
719,1377532490,465.0
719,1377532495,465.0
719,1377532500,464.0
719,1377532505,462.0
719,1377532510,456.0
719,1377532515,451.0
719,1377532520,457.0
719,1377532525,454.0
719,1377532530,457.0
719,1377532539,454.0
719,1377532540,454.0
719,1377532545,451.0
719,1377532550,460.0
719,1377532555,464.0
719,1377532560,470.0
719,1377532565,464.0
719,1377532570,461.0
719,1377532575,465.0
719,1377532580,462.0
719,1377532585,466.0
719,1377532590,467.0
719,1377532595,467.0
719,1377532600,468.0
719,1377532605,460.0
719,1377532610,465.0
719,1377532615,465.0
719,1377532620,465.0
719,1377532625,470.0
719,1377532630,460.0
719,1377532635,457.0
719,1377532640,457.0
719,1377532645,459.0
719,1377532650,460.0
719,1377532655,457.0
719,1377532660,456.0
719,1377532665,457.0
719,1377532670,457.0
719,1377532675,460.0
719,1377532680,454.0
719,1377532685,455.0
719,1377532690,465.0
719,1377532695,465.0
719,1377532700,462.0
719,1377532705,454.0
719,1377532710,460.0
719,1377532715,462.0
719,1377532720,457.0
719,1377532725,457.0
719,1377532730,455.0
719,1377532735,462.0
719,1377532740,457.0
719,1377532745,460.0
719,1377532750,457.0
719,1377532755,460.0
719,1377532760,464.0
719,1377532765,465.0
719,1377532770,472.0
719,1377532775,468.0
719,1377532780,461.0
719,1377532785,455.0
719,1377532790,454.0
719,1377532795,460.0
719,1377532800,462.0
719,1377532805,460.0
719,1377532810,461.0
719,1377532815,455.0
719,1377532820,447.0
719,1377532825,455.0
719,1377532830,462.0
719,1377532835,468.0
719,1377532840,472.0
719,1377532845,476.0
719,1377532850,471.0
719,1377532855,472.0
719,1377532860,467.0
719,1377532865,467.0
719,1377532870,467.0
719,1377532875,470.0
719,1377532880,467.0
719,1377532885,467.0
719,1377532890,461.0
719,1377532895,467.0
719,1377532900,465.0
719,1377532905,467.0
719,1377532910,462.0
719,1377532915,457.0
719,1377532920,457.0
719,1377532925,457.0
719,1377532930,460.0
719,1377532935,459.0
719,1377532940,462.0
719,1377532945,455.0
719,1377532950,460.0
719,1377532955,462.0
719,1377532960,455.0
719,1377532965,462.0
719,1377532970,455.0
719,1377532975,462.0
719,1377532980,460.0
719,1377532985,461.0
719,1377532990,465.0
719,1377532995,461.0
719,1377533000,460.0
719,1377533005,456.0
719,1377533010,454.0
719,1377533015,454.0
719,1377533020,456.0
719,1377533025,451.0
719,1377533030,457.0
719,1377533035,457.0
719,1377533040,464.0
719,1377533045,454.0
719,1377533050,466.0
719,1377533055,460.0
719,1377533060,455.0
719,1377533065,456.0
719,1377533070,452.0
719,1377533075,452.0
719,1377533080,456.0
719,1377533085,452.0
719,1377533090,455.0
719,1377533095,460.0
719,1377533100,465.0
719,1377533105,465.0
719,1377533110,462.0
719,1377533115,462.0
719,1377533120,456.0
719,1377533125,452.0
719,1377533130,448.0
719,1377533135,439.0
719,1377533140,454.0
719,1377533145,462.0
719,1377533150,457.0
719,1377533155,460.0
719,1377533160,457.0
719,1377533165,455.0
719,1377533170,455.0
719,1377533175,457.0
719,1377533180,455.0
719,1377533185,460.0
719,1377533190,452.0
719,1377533195,454.0
719,1377533200,443.0
719,1377533205,443.0
719,1377533210,443.0
719,1377533215,443.0
719,1377533220,443.0
719,1377533225,443.0
719,1377533230,441.0
719,1377533235,447.0
719,1377533240,452.0
719,1377533245,447.0
719,1377533250,454.0
719,1377533255,450.0
719,1377533260,443.0
719,1377533265,444.0
719,1377533270,443.0
719,1377533275,443.0
719,1377533280,446.0
719,1377533285,452.0
719,1377533290,452.0
719,1377533295,449.0
719,1377533300,450.0
719,1377533305,451.0
719,1377533310,454.0
719,1377533315,448.0
719,1377533320,448.0
719,1377533325,448.0
719,1377533330,452.0
719,1377533335,454.0
719,1377533340,443.0
719,1377533345,441.0
719,1377533350,436.0
719,1377533355,440.0
719,1377533360,441.0
719,1377533365,443.0
719,1377533370,452.0
719,1377533375,451.0
719,1377533380,451.0
719,1377533385,452.0
719,1377533394,447.0
719,1377533395,443.0
719,1377533400,454.0
719,1377533405,462.0
719,1377533410,451.0
719,1377533415,447.0
719,1377533420,454.0
719,1377533425,443.0
719,1377533430,439.0
719,1377533435,435.0
719,1377533440,435.0
719,1377533445,435.0
719,1377533450,437.0
719,1377533455,438.0
719,1377533460,452.0
719,1377533465,443.0
719,1377533470,447.0
719,1377533475,446.0
719,1377533480,444.0
719,1377533485,438.0
719,1377533490,438.0
719,1377533495,431.0
719,1377533500,440.0
719,1377533505,433.0
719,1377533510,429.0
719,1377533515,430.0
719,1377533520,428.0
719,1377533525,435.0
719,1377533529,440.0
719,1377533535,438.0
719,1377533540,444.0
719,1377533545,435.0
719,1377533550,438.0
719,1377533555,440.0
719,1377533560,440.0
719,1377533565,435.0
719,1377533570,438.0
719,1377533575,443.0
719,1377533580,452.0
719,1377533585,462.0
719,1377533590,454.0
719,1377533595,451.0
719,1377533600,443.0
719,1377533605,443.0
719,1377533610,448.0
719,1377533615,448.0
719,1377533620,439.0
719,1377533625,439.0
719,1377533630,448.0
719,1377533635,450.0
719,1377533640,447.0
719,1377533645,447.0
719,1377533650,455.0
719,1377533655,462.0
719,1377533660,454.0
719,1377533665,460.0
719,1377533670,455.0
719,1377533675,456.0
719,1377533680,449.0
719,1377533685,447.0
719,1377533690,452.0
719,1377533695,443.0
719,1377533700,450.0
719,1377533705,443.0
719,1377533710,452.0
719,1377533715,454.0
719,1377533720,456.0
719,1377533725,454.0
719,1377533730,450.0
719,1377533735,448.0
719,1377533740,446.0
719,1377533745,450.0
719,1377533750,448.0
719,1377533755,443.0
719,1377533760,443.0
719,1377533765,448.0
719,1377533770,454.0
719,1377533775,449.0
719,1377533780,452.0
719,1377533785,457.0
719,1377533790,460.0
719,1377533795,460.0
719,1377533800,465.0
719,1377533805,468.0
719,1377533810,470.0
719,1377533815,461.0
719,1377533820,454.0
719,1377533825,462.0
719,1377533830,451.0
719,1377533835,452.0
719,1377533840,448.0
719,1377533845,448.0
719,1377533850,448.0
719,1377533855,450.0
719,1377533860,447.0
719,1377533865,450.0
719,1377533870,447.0
719,1377533875,454.0
719,1377533880,454.0
719,1377533885,454.0
719,1377533890,454.0
719,1377533895,457.0
719,1377533900,456.0
719,1377533905,455.0
719,1377533910,460.0
719,1377533915,457.0
719,1377533920,457.0
719,1377533925,461.0
719,1377533930,465.0
719,1377533935,465.0
719,1377533940,461.0
719,1377533945,454.0
719,1377533950,455.0
719,1377533955,455.0
719,1377533960,462.0
719,1377533965,467.0
719,1377533970,465.0
719,1377533975,461.0
719,1377533980,462.0
719,1377533985,461.0
719,1377533990,468.0
719,1377533995,467.0
719,1377534000,472.0
719,1377534005,470.0
719,1377534010,467.0
719,1377534015,467.0
719,1377534020,460.0
719,1377534025,462.0
719,1377534030,467.0
719,1377534035,467.0
719,1377534040,473.0
719,1377534045,473.0
719,1377534050,473.0
719,1377534055,467.0
719,1377534060,467.0
719,1377534065,465.0
719,1377534070,465.0
719,1377534075,455.0
719,1377534080,461.0
719,1377534085,465.0
719,1377534090,470.0
719,1377534095,465.0
719,1377534100,465.0
719,1377534105,465.0
719,1377534110,471.0
719,1377534115,472.0
719,1377534120,476.0
719,1377534125,480.0
719,1377534130,473.0
719,1377534135,467.0
719,1377534140,461.0
719,1377534145,465.0
719,1377534150,457.0
719,1377534155,460.0
719,1377534160,460.0
719,1377534165,460.0
719,1377534170,461.0
719,1377534175,470.0
719,1377534180,473.0
719,1377534185,471.0
719,1377534190,468.0
719,1377534195,463.0
719,1377534200,460.0
719,1377534205,460.0
719,1377534210,460.0
719,1377534215,465.0
719,1377534220,465.0
719,1377534225,465.0
719,1377534230,465.0
719,1377534235,465.0
719,1377534240,462.0
719,1377534245,460.0
719,1377534250,460.0
719,1377534257,461.0
719,1377534260,462.0
719,1377534265,467.0
719,1377534270,470.0
719,1377534275,476.0
719,1377534280,482.0
719,1377534285,480.0
719,1377534290,482.0
719,1377534295,476.0
719,1377534300,486.0
719,1377534305,476.0
719,1377534310,476.0
719,1377534315,476.0
719,1377534320,477.0
719,1377534325,473.0
719,1377534330,476.0
719,1377534335,472.0
719,1377534340,472.0
719,1377534345,463.0
719,1377534350,472.0
719,1377534355,472.0
719,1377534360,478.0
719,1377534365,467.0
719,1377534370,462.0
719,1377534375,461.0
719,1377534380,465.0
719,1377534385,465.0
719,1377534390,476.0
719,1377534395,475.0
719,1377534400,477.0
719,1377534405,483.0
719,1377534410,473.0
719,1377534415,471.0
719,1377534420,472.0
719,1377534425,472.0
719,1377534430,467.0
719,1377534435,472.0
719,1377534440,470.0
719,1377534445,482.0
719,1377534450,462.0
719,1377534455,464.0
719,1377534460,464.0
719,1377534465,460.0
719,1377534470,462.0
719,1377534475,462.0
719,1377534480,467.0
719,1377534485,461.0
719,1377534490,460.0
719,1377534495,465.0
719,1377534500,462.0
719,1377534505,468.0
719,1377534510,473.0
719,1377534515,476.0
719,1377534520,482.0
719,1377534525,475.0
719,1377534530,486.0
719,1377534535,477.0
719,1377534540,471.0
719,1377534545,471.0
719,1377534550,473.0
719,1377534555,471.0
719,1377534560,476.0
719,1377534565,472.0
719,1377534570,475.0
719,1377534575,473.0
719,1377534580,476.0
719,1377534585,470.0
719,1377534590,467.0
719,1377534595,468.0
719,1377534600,467.0
719,1377534605,471.0
719,1377534610,473.0
719,1377534615,470.0
719,1377534620,472.0
719,1377534625,470.0
719,1377534630,471.0
719,1377534635,476.0
719,1377534640,473.0
719,1377534645,467.0
719,1377534650,472.0
719,1377534655,476.0
719,1377534660,480.0
719,1377534665,476.0
719,1377534670,471.0
719,1377534675,473.0
719,1377534680,473.0
719,1377534685,482.0
719,1377534690,480.0
719,1377534695,480.0
719,1377534700,471.0
719,1377534705,476.0
719,1377534710,480.0
719,1377534715,486.0
719,1377534720,477.0
719,1377534725,483.0
719,1377534730,486.0
719,1377534735,483.0
719,1377534740,483.0
719,1377534745,479.0
719,1377534750,484.0
719,1377534755,480.0
719,1377534760,476.0
719,1377534765,465.0
719,1377534770,466.0
719,1377534775,465.0
719,1377534780,470.0
719,1377534785,478.0
719,1377534790,476.0
719,1377534795,473.0
719,1377534800,470.0
719,1377534805,467.0
719,1377534810,465.0
719,1377534815,461.0
719,1377534820,465.0
719,1377534825,460.0
719,1377534830,462.0
719,1377534835,462.0
719,1377534840,467.0
719,1377534845,467.0
719,1377534850,465.0
719,1377534855,461.0
719,1377534860,465.0
719,1377534865,465.0
719,1377534870,472.0
719,1377534875,476.0
719,1377534880,483.0
719,1377534885,477.0
719,1377534890,475.0
719,1377534895,476.0
719,1377534900,471.0
719,1377534905,475.0
719,1377534910,482.0
719,1377534915,480.0
719,1377534920,478.0
719,1377534925,471.0
719,1377534930,473.0
719,1377534935,473.0
719,1377534940,468.0
719,1377534945,467.0
719,1377534950,467.0
719,1377534955,467.0
719,1377534960,472.0
719,1377534965,472.0
719,1377534970,476.0
719,1377534975,476.0
719,1377534980,470.0
719,1377534985,476.0
719,1377534990,471.0
719,1377534995,471.0
719,1377535000,471.0
719,1377535005,475.0
719,1377535010,483.0
719,1377535015,477.0
719,1377535020,477.0
719,1377535025,471.0
719,1377535030,471.0
719,1377535035,470.0
719,1377535040,470.0
719,1377535045,472.0
719,1377535050,470.0
719,1377535055,480.0
719,1377535060,471.0
719,1377535065,475.0
719,1377535070,486.0
719,1377535075,481.0
719,1377535080,480.0
719,1377535085,473.0
719,1377535090,471.0
719,1377535095,476.0
719,1377535100,471.0
719,1377535105,476.0
719,1377535110,482.0
719,1377535115,475.0
719,1377535120,477.0
719,1377535125,481.0
719,1377535130,486.0
719,1377535135,475.0
719,1377535140,482.0
719,1377535145,481.0
719,1377535150,475.0
719,1377535155,483.0
719,1377535160,483.0
719,1377535165,477.0
719,1377535170,475.0
719,1377535175,484.0
719,1377535180,484.0
719,1377535185,486.0
719,1377535190,477.0
719,1377535195,476.0
719,1377535200,473.0
719,1377535205,472.0
719,1377535210,472.0
719,1377535215,471.0
719,1377535220,473.0
719,1377535225,471.0
719,1377535230,473.0
719,1377535235,473.0
719,1377535240,473.0
719,1377535245,476.0
719,1377535250,476.0
719,1377535255,473.0
719,1377535260,475.0
719,1377535265,476.0
719,1377535270,476.0
719,1377535275,473.0
719,1377535280,471.0
719,1377535285,480.0
719,1377535290,476.0
719,1377535295,477.0
719,1377535300,482.0
719,1377535305,476.0
719,1377535310,471.0
719,1377535315,482.0
719,1377535320,477.0
719,1377535325,479.0
719,1377535330,486.0
719,1377535335,486.0
719,1377535340,477.0
719,1377535345,486.0
719,1377535350,477.0
719,1377535355,482.0
719,1377535360,484.0
719,1377535365,486.0
719,1377535370,483.0
719,1377535375,479.0
719,1377535380,482.0
719,1377535385,482.0
719,1377535390,486.0
719,1377535395,482.0
719,1377535400,477.0
719,1377535405,476.0
719,1377535410,476.0
719,1377535415,482.0
719,1377535420,486.0
719,1377535425,488.0
719,1377535430,484.0
719,1377535435,492.0
719,1377535440,486.0
719,1377535445,492.0
719,1377535450,492.0
719,1377535455,487.0
719,1377535460,492.0
719,1377535465,488.0
719,1377535470,486.0
719,1377535475,475.0
719,1377535480,480.0
719,1377535485,473.0
719,1377535490,473.0
719,1377535495,471.0
719,1377535500,476.0
719,1377535505,476.0
719,1377535510,471.0
719,1377535515,475.0
719,1377535520,481.0
719,1377535525,475.0
719,1377535530,488.0
719,1377535535,477.0
719,1377535540,477.0
719,1377535545,473.0
719,1377535550,476.0
719,1377535555,478.0
719,1377535560,471.0
719,1377535565,471.0
719,1377535570,475.0
719,1377535575,476.0
719,1377535580,476.0
719,1377535585,476.0
719,1377535590,472.0
719,1377535595,473.0
719,1377535600,471.0
719,1377535605,477.0
719,1377535610,484.0
719,1377535615,477.0
719,1377535620,471.0
719,1377535625,476.0
719,1377535630,473.0
719,1377535635,471.0
719,1377535640,484.0
719,1377535645,483.0
719,1377535650,475.0
719,1377535655,477.0
719,1377535660,475.0
719,1377535665,483.0
719,1377535670,475.0
719,1377535675,483.0
719,1377535680,477.0
719,1377535685,479.0
719,1377535690,477.0
719,1377535695,484.0
719,1377535700,476.0
719,1377535705,476.0
719,1377535710,473.0
719,1377535715,473.0
719,1377535720,471.0
719,1377535725,471.0
719,1377535730,481.0
719,1377535735,477.0
719,1377535740,484.0
719,1377535745,483.0
719,1377535750,476.0
719,1377535755,480.0
719,1377535760,471.0
719,1377535765,472.0
719,1377535770,465.0
719,1377535775,465.0
719,1377535780,465.0
719,1377535785,463.0
719,1377535790,467.0
719,1377535795,461.0
719,1377535800,465.0
719,1377535805,465.0
719,1377535810,470.0
719,1377535815,472.0
719,1377535819,480.0
719,1377535825,473.0
719,1377535830,476.0
719,1377535835,480.0
719,1377535840,471.0
719,1377535845,476.0
719,1377535850,471.0
719,1377535855,467.0
719,1377535860,467.0
719,1377535865,473.0
719,1377535870,480.0
719,1377535875,476.0
719,1377535880,476.0
719,1377535885,467.0
719,1377535890,462.0
719,1377535895,467.0
719,1377535900,462.0
719,1377535905,465.0
719,1377535910,460.0
719,1377535915,462.0
719,1377535920,454.0
719,1377535925,454.0
719,1377535930,447.0
719,1377535935,457.0
719,1377535940,456.0
719,1377535945,460.0
719,1377535950,455.0
719,1377535955,457.0
719,1377535960,455.0
719,1377535965,460.0
719,1377535974,457.0
719,1377535975,447.0
719,1377535980,454.0
719,1377535985,460.0
719,1377535990,459.0
719,1377535995,466.0
719,1377536000,461.0
719,1377536005,462.0
719,1377536010,459.0
719,1377536015,455.0
719,1377536020,455.0
719,1377536025,465.0
719,1377536030,468.0
719,1377536035,465.0
719,1377536040,465.0
719,1377536045,455.0
719,1377536050,457.0
719,1377536055,447.0
719,1377536060,457.0
719,1377536065,455.0
719,1377536070,459.0
719,1377536075,459.0
719,1377536080,455.0
719,1377536085,456.0
719,1377536090,452.0
719,1377536095,456.0
719,1377536100,460.0
719,1377536105,455.0
719,1377536110,455.0
719,1377536115,455.0
719,1377536120,455.0
719,1377536125,455.0
719,1377536130,460.0
719,1377536135,461.0
719,1377536140,465.0
719,1377536145,465.0
719,1377536150,461.0
719,1377536155,455.0
719,1377536160,454.0
719,1377536165,447.0
719,1377536170,435.0
719,1377536175,438.0
719,1377536180,436.0
719,1377536185,444.0
719,1377536190,448.0
719,1377536195,454.0
719,1377536200,447.0
719,1377536205,462.0
719,1377536210,452.0
719,1377536215,451.0
719,1377536220,457.0
719,1377536225,455.0
719,1377536230,462.0
719,1377536235,465.0
719,1377536240,462.0
719,1377536245,466.0
719,1377536250,457.0
719,1377536255,460.0
719,1377536260,456.0
719,1377536265,447.0
719,1377536270,452.0
719,1377536275,451.0
719,1377536280,456.0
719,1377536285,454.0
719,1377536290,455.0
719,1377536295,454.0
719,1377536300,452.0
719,1377536305,443.0
719,1377536310,443.0
719,1377536315,447.0
719,1377536320,454.0
719,1377536325,447.0
719,1377536330,462.0
719,1377536335,460.0
719,1377536340,462.0
719,1377536345,460.0
719,1377536350,452.0
719,1377536355,450.0
719,1377536360,454.0
719,1377536365,448.0
719,1377536370,452.0
719,1377536375,449.0
719,1377536380,447.0
719,1377536385,456.0
719,1377536390,447.0
719,1377536395,454.0
719,1377536400,456.0
719,1377536405,456.0
719,1377536410,455.0
719,1377536415,455.0
719,1377536420,466.0
719,1377536425,465.0
719,1377536430,461.0
719,1377536435,462.0
719,1377536440,462.0
719,1377536445,457.0
719,1377536450,457.0
719,1377536455,468.0
719,1377536460,461.0
719,1377536465,461.0
719,1377536470,467.0
719,1377536475,461.0
719,1377536480,464.0
719,1377536485,462.0
719,1377536490,462.0
719,1377536495,459.0
719,1377536500,460.0
719,1377536505,462.0
719,1377536510,467.0
719,1377536515,473.0
719,1377536520,476.0
719,1377536525,475.0
719,1377536530,471.0
719,1377536535,480.0
719,1377536540,475.0
719,1377536545,471.0
719,1377536550,475.0
719,1377536555,476.0
719,1377536560,478.0
719,1377536565,472.0
719,1377536570,467.0
719,1377536575,472.0
719,1377536580,472.0
719,1377536585,462.0
719,1377536590,470.0
719,1377536595,470.0
719,1377536600,472.0
719,1377536605,472.0
719,1377536610,463.0
719,1377536615,462.0
719,1377536620,455.0
719,1377536625,455.0
719,1377536630,456.0
719,1377536635,455.0
719,1377536640,460.0
719,1377536645,460.0
719,1377536650,462.0
719,1377536655,465.0
719,1377536660,465.0
719,1377536665,465.0
719,1377536670,460.0
719,1377536675,460.0
719,1377536680,465.0
719,1377536685,467.0
719,1377536690,472.0
719,1377536695,486.0
719,1377536700,480.0
719,1377536705,467.0
719,1377536710,467.0
719,1377536715,460.0
719,1377536720,459.0
719,1377536725,462.0
719,1377536730,460.0
719,1377536735,457.0
719,1377536740,454.0
719,1377536745,454.0
719,1377536750,447.0
719,1377536755,447.0
719,1377536760,451.0
719,1377536765,447.0
719,1377536770,447.0
719,1377536775,460.0
719,1377536780,460.0
719,1377536785,470.0
719,1377536790,467.0
719,1377536795,467.0
719,1377536800,476.0
719,1377536805,472.0
719,1377536810,471.0
719,1377536815,470.0
719,1377536820,462.0
719,1377536825,454.0
719,1377536830,451.0
719,1377536835,452.0
719,1377536840,449.0
719,1377536845,452.0
719,1377536849,452.0
719,1377536855,450.0
719,1377536860,446.0
719,1377536865,448.0
719,1377536870,450.0
719,1377536875,447.0
719,1377536880,449.0
719,1377536885,452.0
719,1377536890,447.0
719,1377536895,443.0
719,1377536900,448.0
719,1377536905,447.0
719,1377536910,447.0
719,1377536915,449.0
719,1377536920,454.0
719,1377536925,454.0
719,1377536930,447.0
719,1377536935,443.0
719,1377536940,448.0
719,1377536945,445.0
719,1377536950,445.0
719,1377536955,450.0
719,1377536960,439.0
719,1377536965,439.0
719,1377536970,439.0
719,1377536975,448.0
719,1377536980,448.0
719,1377536985,446.0
719,1377536990,441.0
719,1377536995,440.0
719,1377537000,439.0
719,1377537005,450.0
719,1377537010,443.0
719,1377537015,443.0
719,1377537020,443.0
719,1377537025,454.0
719,1377537030,454.0
719,1377537035,447.0
719,1377537040,451.0
719,1377537045,448.0
719,1377537050,447.0
719,1377537055,446.0
719,1377537060,454.0
719,1377537065,443.0
719,1377537070,443.0
719,1377537075,448.0
719,1377537080,462.0
719,1377537085,447.0
719,1377537090,449.0
719,1377537095,454.0
719,1377537100,452.0
719,1377537105,452.0
719,1377537110,452.0
719,1377537115,452.0
719,1377537120,443.0
719,1377537125,447.0
719,1377537130,448.0
719,1377537135,446.0
719,1377537140,446.0
719,1377537145,443.0
719,1377537150,443.0
719,1377537155,444.0
719,1377537160,439.0
719,1377537165,441.0
719,1377537170,438.0
719,1377537175,435.0
719,1377537180,435.0
719,1377537185,440.0
719,1377537190,435.0
719,1377537195,440.0
719,1377537200,446.0
719,1377537205,441.0
719,1377537210,448.0
719,1377537215,439.0
719,1377537220,446.0
719,1377537225,444.0
719,1377537230,441.0
719,1377537235,441.0
719,1377537240,439.0
719,1377537245,448.0
719,1377537250,443.0
719,1377537255,447.0
719,1377537260,452.0
719,1377537265,448.0
719,1377537270,444.0
719,1377537275,440.0
719,1377537280,439.0
719,1377537285,444.0
719,1377537290,448.0
719,1377537295,445.0
719,1377537300,447.0
719,1377537305,443.0
719,1377537310,444.0
719,1377537315,435.0
719,1377537320,436.0
719,1377537325,436.0
719,1377537330,440.0
719,1377537335,444.0
719,1377537340,444.0
719,1377537345,439.0
719,1377537350,435.0
719,1377537355,431.0
719,1377537360,436.0
719,1377537365,436.0
719,1377537370,438.0
719,1377537375,439.0
719,1377537380,444.0
719,1377537385,441.0
719,1377537390,446.0
719,1377537395,439.0
719,1377537400,440.0
719,1377537405,435.0
719,1377537410,429.0
719,1377537415,436.0
719,1377537419,435.0
719,1377537425,440.0
719,1377537430,441.0
719,1377537435,450.0
719,1377537440,441.0
719,1377537445,443.0
719,1377537450,439.0
719,1377537455,443.0
719,1377537460,435.0
719,1377537465,436.0
719,1377537470,431.0
719,1377537475,439.0
719,1377537480,446.0
719,1377537485,439.0
719,1377537490,446.0
719,1377537495,446.0
719,1377537500,444.0
719,1377537505,441.0
719,1377537510,444.0
719,1377537514,452.0
719,1377537520,454.0
719,1377537525,447.0
719,1377537530,446.0
719,1377537535,436.0
719,1377537540,433.0
719,1377537545,434.0
719,1377537550,435.0
719,1377537555,435.0
719,1377537560,440.0
719,1377537565,438.0
719,1377537570,441.0
719,1377537575,446.0
719,1377537580,450.0
719,1377537585,446.0
719,1377537590,435.0
719,1377537595,438.0
719,1377537600,430.0
719,1377537605,430.0
719,1377537610,435.0
719,1377537615,429.0
719,1377537620,435.0
719,1377537625,433.0
719,1377537630,436.0
719,1377537635,435.0
719,1377537640,436.0
719,1377537645,435.0
719,1377537650,431.0
719,1377537655,435.0
719,1377537660,429.0
719,1377537665,433.0
719,1377537670,429.0
719,1377537675,435.0
719,1377537680,436.0
719,1377537685,440.0
719,1377537690,442.0
719,1377537695,435.0
719,1377537700,429.0
719,1377537705,433.0
719,1377537710,425.0
719,1377537715,423.0
719,1377537720,430.0
719,1377537724,435.0
719,1377537730,433.0
719,1377537735,440.0
719,1377537740,436.0
719,1377537745,436.0
719,1377537750,435.0
719,1377537754,435.0
719,1377537760,439.0
719,1377537765,441.0
719,1377537770,440.0
719,1377537775,433.0
719,1377537780,435.0
719,1377537785,438.0
719,1377537790,436.0
719,1377537795,429.0
719,1377537800,435.0
719,1377537805,433.0
719,1377537810,435.0
719,1377537814,436.0
719,1377537820,435.0
719,1377537825,433.0
719,1377537830,436.0
719,1377537835,428.0
719,1377537840,432.0
719,1377537845,428.0
719,1377537850,435.0
719,1377537855,440.0
719,1377537860,444.0
719,1377537865,450.0
719,1377537869,446.0
719,1377537875,435.0
719,1377537880,429.0
719,1377537885,430.0
719,1377537890,428.0
719,1377537895,430.0
719,1377537900,430.0
719,1377537905,435.0
719,1377537910,435.0
719,1377537915,433.0
719,1377537920,433.0
719,1377537925,434.0
719,1377537930,427.0
719,1377537935,433.0
719,1377537940,433.0
719,1377537945,435.0
719,1377537950,438.0
719,1377537955,435.0
719,1377537960,429.0
719,1377537965,423.0
719,1377537970,430.0
719,1377537975,425.0
719,1377537980,424.0
719,1377537985,425.0
719,1377537990,425.0
719,1377537994,430.0
719,1377538000,430.0
719,1377538005,430.0
719,1377538010,432.0
719,1377538014,425.0
719,1377538020,425.0
719,1377538025,425.0
719,1377538030,424.0
719,1377538035,430.0
719,1377538040,430.0
719,1377538045,435.0
719,1377538049,435.0
719,1377538055,430.0
719,1377538060,433.0
719,1377538065,430.0
719,1377538070,435.0
719,1377538074,436.0
719,1377538080,433.0
719,1377538085,433.0
719,1377538090,423.0
719,1377538095,429.0
719,1377538099,432.0
719,1377538105,429.0
719,1377538110,425.0
719,1377538115,425.0
719,1377538120,422.0
719,1377538124,423.0
719,1377538130,432.0
719,1377538135,429.0
719,1377538140,438.0
719,1377538145,433.0
719,1377538150,433.0
719,1377538155,435.0
719,1377538159,430.0
719,1377538165,429.0
719,1377538170,433.0
719,1377538175,430.0
719,1377538179,430.0
719,1377538185,434.0
719,1377538190,428.0
719,1377538195,430.0
719,1377538200,430.0
719,1377538205,433.0
719,1377538210,430.0
719,1377538215,430.0
719,1377538220,429.0
719,1377538225,427.0
719,1377538229,428.0
719,1377538235,425.0
719,1377538240,430.0
719,1377538245,430.0
719,1377538250,430.0
719,1377538254,427.0
719,1377538260,425.0
719,1377538265,423.0
719,1377538269,423.0
719,1377538274,427.0
719,1377538280,423.0
719,1377538284,425.0
719,1377538289,428.0
719,1377538295,430.0
719,1377538299,434.0
719,1377538305,432.0
719,1377538309,428.0
719,1377538315,425.0
719,1377538319,425.0
719,1377538325,419.0
719,1377538330,423.0
719,1377538334,434.0
719,1377538340,435.0
719,1377538345,438.0
719,1377538350,434.0
719,1377538354,433.0
719,1377538359,429.0
719,1377538365,428.0
719,1377538370,429.0
719,1377538375,427.0
719,1377538379,430.0
719,1377538384,433.0
719,1377538390,428.0
719,1377538395,428.0
719,1377538399,423.0
719,1377538404,430.0
719,1377538409,429.0
719,1377538415,430.0
719,1377538420,435.0
719,1377538425,440.0
719,1377538430,436.0
719,1377538435,433.0
719,1377538440,430.0
719,1377538444,438.0
719,1377538449,430.0
719,1377538454,430.0
719,1377538459,423.0
719,1377538465,440.0
719,1377538470,441.0
719,1377538474,443.0
719,1377538479,439.0
719,1377538485,439.0
719,1377538490,440.0
719,1377538494,438.0
719,1377538499,431.0
719,1377538504,435.0
719,1377538510,429.0
719,1377538514,425.0
719,1377538519,425.0
719,1377538524,425.0
719,1377538530,425.0
719,1377538535,432.0
719,1377538540,434.0
719,1377538545,438.0
719,1377538549,435.0
719,1377538554,430.0
719,1377538560,435.0
719,1377538565,430.0
719,1377538570,433.0
719,1377538575,429.0
719,1377538579,430.0
719,1377538584,433.0
719,1377538590,431.0
719,1377538594,428.0
719,1377538599,433.0
719,1377538604,428.0
719,1377538609,425.0
719,1377538614,424.0
719,1377538620,419.0
719,1377538624,424.0
719,1377538629,425.0
719,1377538634,428.0
719,1377538639,430.0
719,1377538645,432.0
719,1377538649,438.0
719,1377538654,433.0
719,1377538659,428.0
719,1377538665,429.0
719,1377538670,432.0
719,1377538675,428.0
719,1377538679,423.0
719,1377538684,428.0
719,1377538689,423.0
719,1377538695,425.0
719,1377538700,428.0
719,1377538705,432.0
719,1377538709,430.0
719,1377538715,433.0
719,1377538719,428.0
719,1377538724,428.0
719,1377538729,430.0
719,1377538734,428.0
719,1377538739,430.0
719,1377538744,427.0
719,1377538749,425.0
719,1377538754,433.0
719,1377538759,433.0
719,1377538765,427.0
719,1377538770,428.0
719,1377538774,422.0
719,1377538779,424.0
719,1377538784,420.0
719,1377538789,424.0
719,1377538795,425.0
719,1377538799,428.0
719,1377538804,433.0
719,1377538809,433.0
719,1377538815,429.0
719,1377538819,434.0
719,1377538824,430.0
719,1377538829,438.0
719,1377538835,433.0
719,1377538839,436.0
719,1377538844,428.0
719,1377538849,423.0
719,1377538854,430.0
719,1377538860,433.0
719,1377538865,429.0
719,1377538869,433.0
719,1377538874,428.0
719,1377538879,424.0
719,1377538884,424.0
719,1377538890,424.0
719,1377538894,419.0
719,1377538899,422.0
719,1377538904,423.0
719,1377538910,423.0
719,1377538914,415.0
719,1377538919,412.0
719,1377538924,413.0
719,1377538929,419.0
719,1377538934,415.0
719,1377538939,424.0
719,1377538944,425.0
719,1377538949,423.0
719,1377538954,423.0
719,1377538959,423.0
719,1377538964,429.0
719,1377538969,434.0
719,1377538974,430.0
719,1377538979,429.0
719,1377538984,430.0
719,1377538989,433.0
719,1377538994,428.0
719,1377538999,425.0
719,1377539004,425.0
719,1377539009,423.0
719,1377539014,423.0
719,1377539019,428.0
719,1377539024,425.0
719,1377539029,419.0
719,1377539034,415.0
719,1377539039,422.0
719,1377539044,425.0
719,1377539049,423.0
719,1377539054,429.0
719,1377539059,433.0
719,1377539064,428.0
719,1377539069,419.0
719,1377539074,416.0
719,1377539079,412.0
719,1377539084,415.0
719,1377539089,428.0
719,1377539094,435.0
719,1377539099,429.0
719,1377539104,428.0
719,1377539109,424.0
719,1377539114,419.0
719,1377539119,411.0
719,1377539124,420.0
719,1377539129,419.0
719,1377539134,422.0
719,1377539139,424.0
719,1377539145,423.0
719,1377539149,417.0
719,1377539154,419.0
719,1377539159,420.0
719,1377539164,419.0
719,1377539169,423.0
719,1377539174,423.0
719,1377539180,430.0
719,1377539184,438.0
719,1377539189,430.0
719,1377539194,433.0
719,1377539199,433.0
719,1377539204,430.0
719,1377539209,430.0
719,1377539214,440.0
719,1377539219,431.0
719,1377539224,430.0
719,1377539229,429.0
719,1377539234,428.0
719,1377539239,430.0
719,1377539244,427.0
719,1377539249,429.0
719,1377539254,429.0
719,1377539259,436.0
719,1377539264,435.0
719,1377539269,440.0
719,1377539274,435.0
719,1377539279,431.0
719,1377539284,435.0
719,1377539289,435.0
719,1377539294,430.0
719,1377539299,431.0
719,1377539304,435.0
719,1377539309,435.0
719,1377539314,430.0
719,1377539319,433.0
719,1377539324,433.0
719,1377539329,450.0
719,1377539334,438.0
719,1377539339,443.0
719,1377539344,452.0
719,1377539349,447.0
719,1377539354,456.0
719,1377539359,454.0
719,1377539364,439.0
719,1377539369,440.0
719,1377539374,440.0
719,1377539379,446.0
719,1377539384,448.0
719,1377539389,441.0
719,1377539394,443.0
719,1377539399,448.0
719,1377539404,447.0
719,1377539409,456.0
719,1377539414,455.0
719,1377539419,465.0
719,1377539424,466.0
719,1377539429,472.0
719,1377539437,476.0
719,1377539439,472.0
719,1377539444,472.0
719,1377539449,462.0
719,1377539454,459.0
719,1377539459,462.0
719,1377539465,467.0
719,1377539469,461.0
719,1377539474,457.0
719,1377539479,455.0
719,1377539484,460.0
719,1377539489,455.0
719,1377539494,462.0
719,1377539499,465.0
719,1377539504,462.0
719,1377539509,460.0
719,1377539514,460.0
719,1377539519,460.0
719,1377539524,465.0
719,1377539529,465.0
719,1377539534,464.0
719,1377539539,465.0
719,1377539544,465.0
719,1377539549,459.0
719,1377539554,460.0
719,1377539559,460.0
719,1377539564,457.0
719,1377539569,457.0
719,1377539574,455.0
719,1377539579,455.0
719,1377539585,460.0
719,1377539589,462.0
719,1377539594,457.0
719,1377539599,460.0
719,1377539604,462.0
719,1377539609,455.0
719,1377539615,454.0
719,1377539619,456.0
719,1377539625,457.0
719,1377539629,454.0
719,1377539634,454.0
719,1377539639,449.0
719,1377539645,452.0
719,1377539649,456.0
719,1377539654,455.0
719,1377539659,455.0
719,1377539664,457.0
719,1377539669,462.0
719,1377539674,454.0
719,1377539679,452.0
719,1377539684,451.0
719,1377539689,452.0
719,1377539694,462.0
719,1377539700,457.0
719,1377539704,465.0
719,1377539709,460.0
719,1377539714,460.0
719,1377539719,462.0
719,1377539724,449.0
719,1377539729,454.0
719,1377539735,454.0
719,1377539739,444.0
719,1377539744,448.0
719,1377539750,452.0
719,1377539754,451.0
719,1377539759,456.0
719,1377539764,451.0
719,1377539769,451.0
719,1377539774,448.0
719,1377539779,450.0
719,1377539784,448.0
719,1377539789,448.0
719,1377539794,448.0
719,1377539799,443.0
719,1377539804,447.0
719,1377539809,447.0
719,1377539814,454.0
719,1377539819,462.0
719,1377539824,456.0
719,1377539829,455.0
719,1377539834,447.0
719,1377539839,452.0
719,1377539844,441.0
719,1377539849,441.0
719,1377539854,440.0
719,1377539859,439.0
719,1377539864,441.0
719,1377539869,448.0
719,1377539874,439.0
719,1377539880,450.0
719,1377539884,443.0
719,1377539889,443.0
719,1377539894,444.0
719,1377539899,446.0
719,1377539904,439.0
719,1377539909,450.0
719,1377539914,447.0
719,1377539919,449.0
719,1377539924,455.0
719,1377539929,457.0
719,1377539934,460.0
719,1377539939,455.0
719,1377539944,456.0
719,1377539949,447.0
719,1377539954,447.0
719,1377539959,447.0
719,1377539964,451.0
719,1377539969,454.0
719,1377539974,452.0
719,1377539979,449.0
719,1377539984,446.0
719,1377539989,439.0
719,1377539994,448.0
719,1377539999,454.0
719,1377540004,447.0
719,1377540009,450.0
719,1377540014,447.0
719,1377540019,447.0
719,1377540024,446.0
719,1377540029,448.0
719,1377540034,444.0
719,1377540039,448.0
719,1377540044,446.0
719,1377540049,439.0
719,1377540054,439.0
719,1377540059,443.0
719,1377540064,439.0
719,1377540069,454.0
719,1377540074,448.0
719,1377540079,443.0
719,1377540084,443.0
719,1377540089,454.0
719,1377540094,452.0
719,1377540099,451.0
719,1377540104,456.0
719,1377540109,456.0
719,1377540114,460.0
719,1377540119,456.0
719,1377540124,447.0
719,1377540129,447.0
719,1377540134,452.0
719,1377540139,451.0
719,1377540144,447.0
719,1377540149,454.0
719,1377540154,447.0
719,1377540159,454.0
719,1377540164,454.0
719,1377540169,454.0
719,1377540174,447.0
719,1377540179,451.0
719,1377540184,451.0
719,1377540189,454.0
719,1377540194,454.0
719,1377540199,454.0
719,1377540204,457.0
719,1377540209,465.0
719,1377540214,468.0
719,1377540219,462.0
719,1377540224,465.0
719,1377540229,459.0
719,1377540234,464.0
719,1377540239,462.0
719,1377540244,470.0
719,1377540249,470.0
719,1377540254,472.0
719,1377540259,472.0
719,1377540264,482.0
719,1377540269,471.0
719,1377540274,478.0
719,1377540279,476.0
719,1377540284,480.0
719,1377540289,473.0
719,1377540294,471.0
719,1377540299,476.0
719,1377540304,471.0
719,1377540309,475.0
719,1377540314,478.0
719,1377540319,482.0
719,1377540324,480.0
719,1377540329,482.0
719,1377540334,473.0
719,1377540339,476.0
719,1377540344,467.0
719,1377540349,473.0
719,1377540354,470.0
719,1377540359,470.0
719,1377540364,480.0
719,1377540369,477.0
719,1377540374,486.0
719,1377540379,482.0
719,1377540384,477.0
719,1377540389,484.0
719,1377540394,481.0
719,1377540399,492.0
719,1377540404,494.0
719,1377540409,489.0
719,1377540414,487.0
719,1377540419,484.0
719,1377540424,483.0
719,1377540429,483.0
719,1377540434,477.0
719,1377540439,477.0
719,1377540444,481.0
719,1377540449,475.0
719,1377540454,479.0
719,1377540459,484.0
719,1377540464,483.0
719,1377540469,489.0
719,1377540474,492.0
719,1377540479,492.0
719,1377540484,487.0
719,1377540489,487.0
719,1377540494,489.0
719,1377540499,494.0
719,1377540504,494.0
719,1377540509,494.0
719,1377540514,487.0
719,1377540519,487.0
719,1377540524,486.0
719,1377540529,488.0
719,1377540534,487.0
719,1377540539,487.0
719,1377540544,489.0
719,1377540549,484.0
719,1377540554,486.0
719,1377540559,488.0
719,1377540564,489.0
719,1377540569,493.0
719,1377540574,497.0
719,1377540579,495.0
719,1377540584,494.0
719,1377540589,494.0
719,1377540594,489.0
719,1377540599,496.0
719,1377540604,489.0
719,1377540609,494.0
719,1377540614,491.0
719,1377540620,496.0
719,1377540624,502.0
719,1377540629,505.0
719,1377540634,505.0
719,1377540639,507.0
719,1377540644,514.0
719,1377540649,507.0
719,1377540654,512.0
719,1377540659,512.0
719,1377540664,508.0
719,1377540669,512.0
719,1377540674,513.0
719,1377540679,513.0
719,1377540684,508.0
719,1377540689,508.0
719,1377540694,514.0
719,1377540700,505.0
719,1377540704,503.0
719,1377540709,505.0
719,1377540714,503.0
719,1377540719,505.0
719,1377540724,507.0
719,1377540729,504.0
719,1377540734,499.0
719,1377540739,494.0
719,1377540745,499.0
719,1377540749,493.0
719,1377540754,497.0
719,1377540759,497.0
719,1377540764,504.0
719,1377540769,508.0
719,1377540774,514.0
719,1377540779,505.0
719,1377540784,505.0
719,1377540789,508.0
719,1377540794,514.0
719,1377540799,508.0
719,1377540804,516.0
719,1377540809,514.0
719,1377540814,502.0
719,1377540819,505.0
719,1377540824,504.0
719,1377540829,504.0
719,1377540834,494.0
719,1377540839,500.0
719,1377540844,500.0
719,1377540849,504.0
719,1377540854,505.0
719,1377540859,505.0
719,1377540864,507.0
719,1377540869,514.0
719,1377540874,507.0
719,1377540879,509.0
719,1377540884,515.0
719,1377540889,514.0
719,1377540894,508.0
719,1377540899,503.0
719,1377540904,502.0
719,1377540909,505.0
719,1377540914,499.0
719,1377540919,508.0
719,1377540924,508.0
719,1377540929,509.0
719,1377540934,516.0
719,1377540939,509.0
719,1377540944,515.0
719,1377540949,518.0
719,1377540954,524.0
719,1377540959,521.0
719,1377540964,524.0
719,1377540969,523.0
719,1377540974,534.0
719,1377540979,526.0
719,1377540984,515.0
719,1377540989,509.0
719,1377540994,508.0
719,1377540999,505.0
719,1377541004,505.0
719,1377541009,502.0
719,1377541014,508.0
719,1377541019,509.0
719,1377541024,526.0
719,1377541029,526.0
719,1377541034,532.0
719,1377541039,528.0
719,1377541044,521.0
719,1377541049,519.0
719,1377541054,519.0
719,1377541059,523.0
719,1377541065,528.0
719,1377541069,529.0
719,1377541074,534.0
719,1377541079,527.0
719,1377541084,525.0
719,1377541089,525.0
719,1377541094,521.0
719,1377541099,526.0
719,1377541104,523.0
719,1377541109,521.0
719,1377541114,519.0
719,1377541119,520.0
719,1377541124,515.0
719,1377541129,518.0
719,1377541134,515.0
719,1377541139,524.0
719,1377541144,529.0
719,1377541149,525.0
719,1377541154,525.0
719,1377541159,529.0
719,1377541164,525.0
719,1377541169,529.0
719,1377541174,525.0
719,1377541179,519.0
719,1377541184,524.0
719,1377541189,521.0
719,1377541194,515.0
719,1377541199,521.0
719,1377541204,526.0
719,1377541209,531.0
719,1377541214,527.0
719,1377541219,531.0
719,1377541224,535.0
719,1377541229,531.0
719,1377541234,540.0
719,1377541239,537.0
719,1377541244,537.0
719,1377541249,535.0
719,1377541254,546.0
719,1377541259,540.0
719,1377541264,536.0
719,1377541269,526.0
719,1377541274,529.0
719,1377541279,531.0
719,1377541284,537.0
719,1377541289,540.0
719,1377541294,535.0
719,1377541299,534.0
719,1377541304,531.0
719,1377541309,524.0
719,1377541314,518.0
719,1377541319,509.0
719,1377541324,507.0
719,1377541329,503.0
719,1377541334,515.0
719,1377541339,526.0
719,1377541344,519.0
719,1377541349,526.0
719,1377541354,529.0
719,1377541359,531.0
719,1377541364,526.0
719,1377541369,536.0
719,1377541374,534.0
719,1377541379,544.0
719,1377541384,535.0
719,1377541389,531.0
719,1377541394,534.0
719,1377541399,529.0
719,1377541404,525.0
719,1377541410,528.0
719,1377541414,529.0
719,1377541420,526.0
719,1377541424,526.0
719,1377541429,528.0
719,1377541434,526.0
719,1377541439,525.0
719,1377541444,525.0
719,1377541449,529.0
719,1377541454,531.0
719,1377541459,539.0
719,1377541464,552.0
719,1377541469,541.0
719,1377541474,550.0
719,1377541479,540.0
719,1377541484,529.0
719,1377541489,521.0
719,1377541494,511.0
719,1377541499,518.0
719,1377541504,518.0
719,1377541509,526.0
719,1377541514,530.0
719,1377541519,530.0
719,1377541524,521.0
719,1377541529,524.0
719,1377541534,524.0
719,1377541539,524.0
719,1377541544,524.0
719,1377541549,529.0
719,1377541554,526.0
719,1377541559,540.0
719,1377541564,535.0
719,1377541569,544.0
719,1377541574,537.0
719,1377541579,548.0
719,1377541584,547.0
719,1377541589,547.0
719,1377541594,547.0
719,1377541599,550.0
719,1377541604,550.0
719,1377541609,537.0
719,1377541614,540.0
719,1377541619,537.0
719,1377541624,527.0
719,1377541629,531.0
719,1377541634,526.0
719,1377541639,534.0
719,1377541644,531.0
719,1377541649,540.0
719,1377541654,545.0
719,1377541659,547.0
719,1377541664,547.0
719,1377541669,546.0
719,1377541674,546.0
719,1377541679,540.0
719,1377541684,540.0
719,1377541689,532.0
719,1377541694,534.0
719,1377541699,536.0
719,1377541704,534.0
719,1377541709,537.0
719,1377541714,550.0
719,1377541719,540.0
719,1377541724,550.0
719,1377541729,535.0
719,1377541734,535.0
719,1377541739,541.0
719,1377541744,548.0
719,1377541749,546.0
719,1377541754,541.0
719,1377541759,540.0
719,1377541764,535.0
719,1377541769,536.0
719,1377541774,529.0
719,1377541779,529.0
719,1377541784,534.0
719,1377541789,537.0
719,1377541794,546.0
719,1377541799,541.0
719,1377541804,550.0
719,1377541809,552.0
719,1377541814,548.0
719,1377541819,541.0
719,1377541824,539.0
719,1377541829,537.0
719,1377541834,550.0
719,1377541839,550.0
719,1377541844,550.0
719,1377541849,548.0
719,1377541854,541.0
719,1377541859,539.0
719,1377541864,545.0
719,1377541869,541.0
719,1377541874,547.0
719,1377541879,548.0
719,1377541884,547.0
719,1377541889,537.0
719,1377541894,535.0
719,1377541899,537.0
719,1377541904,536.0
719,1377541909,536.0
719,1377541914,540.0
719,1377541919,541.0
719,1377541924,550.0
719,1377541929,547.0
719,1377541934,551.0
719,1377541939,553.0
719,1377541944,553.0
719,1377541949,541.0
719,1377541954,552.0
719,1377541959,539.0
719,1377541964,540.0
719,1377541969,535.0
719,1377541974,546.0
719,1377541979,546.0
719,1377541984,550.0
719,1377541989,541.0
719,1377541994,547.0
719,1377541999,546.0
719,1377542004,550.0
719,1377542009,548.0
719,1377542014,553.0
719,1377542019,541.0
719,1377542024,537.0
719,1377542029,539.0
719,1377542034,546.0
719,1377542039,539.0
719,1377542044,535.0
719,1377542049,536.0
719,1377542054,532.0
719,1377542059,534.0
719,1377542064,531.0
719,1377542069,540.0
719,1377542074,545.0
719,1377542079,547.0
719,1377542084,550.0
719,1377542089,550.0
719,1377542094,540.0
719,1377542099,551.0
719,1377542104,551.0
719,1377542109,553.0
719,1377542114,561.0
719,1377542119,563.0
719,1377542124,556.0
719,1377542129,553.0
719,1377542134,553.0
719,1377542139,550.0
719,1377542144,546.0
719,1377542149,537.0
719,1377542155,540.0
719,1377542159,535.0
719,1377542164,535.0
719,1377542169,546.0
719,1377542174,546.0
719,1377542179,539.0
719,1377542184,543.0
719,1377542189,553.0
719,1377542194,556.0
719,1377542199,551.0
719,1377542204,556.0
719,1377542209,550.0
719,1377542214,558.0
719,1377542219,553.0
719,1377542224,556.0
719,1377542229,561.0
719,1377542234,562.0
719,1377542239,557.0
719,1377542244,555.0
719,1377542249,558.0
719,1377542254,558.0
719,1377542259,561.0
719,1377542264,558.0
719,1377542269,561.0
719,1377542274,563.0
719,1377542279,561.0
719,1377542284,563.0
719,1377542289,572.0
719,1377542294,572.0
719,1377542299,568.0
719,1377542304,558.0
719,1377542309,551.0
719,1377542314,552.0
719,1377542319,556.0
719,1377542324,551.0
719,1377542329,560.0
719,1377542334,561.0
719,1377542339,556.0
719,1377542344,555.0
719,1377542349,561.0
719,1377542354,561.0
719,1377542359,553.0
719,1377542369,544.0
719,1377542374,545.0
719,1377542379,551.0
719,1377542384,556.0
719,1377542389,558.0
719,1377542394,551.0
719,1377542399,550.0
719,1377542405,550.0
719,1377542410,550.0
719,1377542414,550.0
719,1377542419,541.0
719,1377542424,547.0
719,1377542429,550.0
719,1377542434,558.0
719,1377542439,558.0
719,1377542444,561.0
719,1377542449,563.0
719,1377542454,563.0
719,1377542459,561.0
719,1377542464,558.0
719,1377542469,553.0
719,1377542474,550.0
719,1377542479,540.0
719,1377542484,535.0
719,1377542489,541.0
719,1377542494,541.0
719,1377542499,552.0
719,1377542504,539.0
719,1377542509,537.0
719,1377542514,534.0
719,1377542519,525.0
719,1377542524,528.0
719,1377542529,523.0
719,1377542534,524.0
719,1377542539,526.0
719,1377542544,519.0
719,1377542549,519.0
719,1377542554,523.0
719,1377542559,528.0
719,1377542564,526.0
719,1377542569,529.0
719,1377542574,534.0
719,1377542579,536.0
719,1377542584,534.0
719,1377542589,536.0
719,1377542594,531.0
719,1377542599,526.0
719,1377542604,524.0
719,1377542609,526.0
719,1377542614,526.0
719,1377542619,526.0
719,1377542624,536.0
719,1377542629,534.0
719,1377542634,531.0
719,1377542639,529.0
719,1377542644,526.0
719,1377542649,531.0
719,1377542654,526.0
719,1377542659,529.0
719,1377542664,519.0
719,1377542669,515.0
719,1377542674,520.0
719,1377542679,518.0
719,1377542684,518.0
719,1377542689,518.0
719,1377542694,524.0
719,1377542699,524.0
719,1377542704,519.0
719,1377542709,514.0
719,1377542714,511.0
719,1377542719,518.0
719,1377542724,520.0
719,1377542729,515.0
719,1377542734,515.0
719,1377542739,515.0
719,1377542744,515.0
719,1377542749,515.0
719,1377542754,509.0
719,1377542759,507.0
719,1377542764,503.0
719,1377542769,508.0
719,1377542774,504.0
719,1377542779,499.0
719,1377542784,508.0
719,1377542789,512.0
719,1377542794,513.0
719,1377542799,507.0
719,1377542804,508.0
719,1377542809,503.0
719,1377542814,502.0
719,1377542819,508.0
719,1377542824,504.0
719,1377542829,508.0
719,1377542834,504.0
719,1377542839,502.0
719,1377542844,497.0
719,1377542849,499.0
719,1377542854,494.0
719,1377542859,494.0
719,1377542864,489.0
719,1377542869,487.0
719,1377542874,494.0
719,1377542879,492.0
719,1377542884,492.0
719,1377542889,494.0
719,1377542894,496.0
719,1377542899,493.0
719,1377542904,499.0
719,1377542909,502.0
719,1377542914,505.0
719,1377542919,504.0
719,1377542924,505.0
719,1377542929,513.0
719,1377542934,513.0
719,1377542939,509.0
719,1377542944,509.0
719,1377542949,503.0
719,1377542954,508.0
719,1377542959,512.0
719,1377542964,508.0
719,1377542969,508.0
719,1377542974,512.0
719,1377542979,507.0
719,1377542984,509.0
719,1377542989,503.0
719,1377542994,512.0
719,1377542999,512.0
719,1377543004,503.0
719,1377543009,502.0
719,1377543014,505.0
719,1377543019,504.0
719,1377543024,502.0
719,1377543029,505.0
719,1377543034,504.0
719,1377543039,502.0
719,1377543044,493.0
719,1377543049,497.0
719,1377543054,494.0
719,1377543059,499.0
719,1377543064,505.0
719,1377543069,508.0
719,1377543074,507.0
719,1377543079,507.0
719,1377543084,505.0
719,1377543089,508.0
719,1377543094,507.0
719,1377543099,511.0
719,1377543104,516.0
719,1377543109,521.0
719,1377543114,509.0
719,1377543119,508.0
719,1377543124,516.0
719,1377543129,515.0
719,1377543134,515.0
719,1377543139,518.0
719,1377543144,515.0
719,1377543149,507.0
719,1377543154,503.0
719,1377543159,505.0
719,1377543164,505.0
719,1377543169,509.0
719,1377543174,518.0
719,1377543181,521.0
719,1377543184,521.0
719,1377543189,518.0
719,1377543194,511.0
719,1377543199,524.0
719,1377543204,521.0
719,1377543209,524.0
719,1377543214,529.0
719,1377543219,525.0
719,1377543224,536.0
719,1377543229,534.0
719,1377543234,534.0
719,1377543239,526.0
719,1377543244,526.0
719,1377543249,529.0
719,1377543254,519.0
719,1377543259,524.0
719,1377543264,524.0
719,1377543269,524.0
719,1377543274,529.0
719,1377543279,529.0
719,1377543284,527.0
719,1377543289,536.0
719,1377543294,536.0
719,1377543299,534.0
719,1377543304,540.0
719,1377543309,539.0
719,1377543314,541.0
719,1377543319,539.0
719,1377543324,541.0
719,1377543329,540.0
719,1377543334,524.0
719,1377543339,531.0
719,1377543344,529.0
719,1377543349,540.0
719,1377543354,534.0
719,1377543359,544.0
719,1377543364,540.0
719,1377543369,537.0
719,1377543374,535.0
719,1377543379,547.0
719,1377543384,550.0
719,1377543389,543.0
719,1377543394,552.0
719,1377543399,548.0
719,1377543404,539.0
719,1377543409,531.0
719,1377543414,525.0
719,1377543419,521.0
719,1377543424,518.0
719,1377543429,518.0
719,1377543434,503.0
719,1377543439,503.0
719,1377543444,505.0
719,1377543449,504.0
719,1377543454,507.0
719,1377543459,515.0
719,1377543464,520.0
719,1377543469,515.0
719,1377543474,521.0
719,1377543479,529.0
719,1377543484,529.0
719,1377543489,529.0
719,1377543494,526.0
719,1377543499,524.0
719,1377543504,525.0
719,1377543509,536.0
719,1377543514,540.0
719,1377543519,537.0
719,1377543524,537.0
719,1377543529,524.0
719,1377543534,518.0
719,1377543539,518.0
719,1377543544,519.0
719,1377543549,526.0
719,1377543554,536.0
719,1377543559,535.0
719,1377543564,540.0
719,1377543569,547.0
719,1377543574,547.0
719,1377543579,548.0
719,1377543584,539.0
719,1377543589,541.0
719,1377543594,537.0
719,1377543599,539.0
719,1377543604,537.0
719,1377543609,546.0
719,1377543614,541.0
719,1377543619,550.0
719,1377543624,547.0
719,1377543629,539.0
719,1377543634,539.0
719,1377543639,540.0
719,1377543644,535.0
719,1377543649,537.0
719,1377543654,539.0
719,1377543659,539.0
719,1377543664,541.0
719,1377543669,556.0
719,1377543674,550.0
719,1377543679,556.0
719,1377543684,556.0
719,1377543689,550.0
719,1377543694,553.0
719,1377543699,543.0
719,1377543704,550.0
719,1377543709,552.0
719,1377543714,550.0
719,1377543719,550.0
719,1377543724,553.0
719,1377543729,551.0
719,1377543734,558.0
719,1377543739,548.0
719,1377543744,550.0
719,1377543749,537.0
719,1377543754,527.0
719,1377543759,534.0
719,1377543764,535.0
719,1377543769,547.0
719,1377543774,539.0
719,1377543779,546.0
719,1377543784,537.0
719,1377543789,536.0
719,1377543794,535.0
719,1377543799,531.0
719,1377543804,535.0
719,1377543809,537.0
719,1377543814,539.0
719,1377543819,535.0
719,1377543824,540.0
719,1377543829,548.0
719,1377543834,540.0
719,1377543839,539.0
719,1377543844,537.0
719,1377543849,541.0
719,1377543854,539.0
719,1377543859,550.0
719,1377543864,539.0
719,1377543869,539.0
719,1377543874,537.0
719,1377543879,540.0
719,1377543885,541.0
719,1377543889,541.0
719,1377543894,550.0
719,1377543899,541.0
719,1377543904,539.0
719,1377543909,547.0
719,1377543914,551.0
719,1377543919,553.0
719,1377543924,553.0
719,1377543929,547.0
719,1377543934,547.0
719,1377543939,534.0
719,1377543944,537.0
719,1377543949,529.0
719,1377543954,530.0
719,1377543959,529.0
719,1377543964,534.0
719,1377543969,547.0
719,1377543974,560.0
719,1377543979,556.0
719,1377543984,561.0
719,1377543989,560.0
719,1377543994,553.0
719,1377543999,552.0
719,1377544004,539.0
719,1377544009,540.0
719,1377544014,527.0
719,1377544019,527.0
719,1377544024,536.0
719,1377544029,535.0
719,1377544034,537.0
719,1377544039,537.0
719,1377544044,535.0
719,1377544049,535.0
719,1377544054,537.0
719,1377544059,544.0
719,1377544064,539.0
719,1377544069,548.0
719,1377544074,539.0
719,1377544079,544.0
719,1377544084,534.0
719,1377544089,531.0
719,1377544094,529.0
719,1377544099,531.0
719,1377544104,535.0
719,1377544109,540.0
719,1377544114,544.0
719,1377544119,539.0
719,1377544124,544.0
719,1377544129,540.0
719,1377544134,540.0
719,1377544139,539.0
719,1377544144,541.0
719,1377544149,547.0
719,1377544154,547.0
719,1377544159,550.0
719,1377544164,550.0
719,1377544169,553.0
719,1377544174,553.0
719,1377544179,550.0
719,1377544184,550.0
719,1377544189,558.0
719,1377544194,553.0
719,1377544199,553.0
719,1377544204,557.0
719,1377544209,563.0
719,1377544214,572.0
719,1377544219,568.0
719,1377544224,559.0
719,1377544229,551.0
719,1377544234,556.0
719,1377544239,547.0
719,1377544244,551.0
719,1377544249,556.0
719,1377544254,556.0
719,1377544259,551.0
719,1377544264,553.0
719,1377544269,547.0
719,1377544274,557.0
719,1377544279,562.0
719,1377544284,578.0
719,1377544289,575.0
719,1377544294,575.0
719,1377544299,576.0
719,1377544304,563.0
719,1377544309,556.0
719,1377544314,551.0
719,1377544319,552.0
719,1377544324,556.0
719,1377544329,550.0
719,1377544334,551.0
719,1377544339,553.0
719,1377544344,541.0
719,1377544349,543.0
719,1377544354,547.0
719,1377544359,541.0
719,1377544364,546.0
719,1377544369,539.0
719,1377544374,539.0
719,1377544379,537.0
719,1377544384,540.0
719,1377544389,536.0
719,1377544394,532.0
719,1377544399,526.0
719,1377544404,531.0
719,1377544409,529.0
719,1377544414,535.0
719,1377544419,535.0
719,1377544424,539.0
719,1377544429,546.0
719,1377544434,540.0
719,1377544439,535.0
719,1377544444,540.0
719,1377544449,527.0
719,1377544454,536.0
719,1377544459,537.0
719,1377544464,540.0
719,1377544469,547.0
719,1377544474,558.0
719,1377544479,547.0
719,1377544484,558.0
719,1377544489,551.0
719,1377544494,553.0
719,1377544499,550.0
719,1377544504,550.0
719,1377544509,541.0
719,1377544514,545.0
719,1377544519,539.0
719,1377544524,537.0
719,1377544529,531.0
719,1377544534,531.0
719,1377544539,526.0
719,1377544544,534.0
719,1377544549,544.0
719,1377544554,537.0
719,1377544559,531.0
719,1377544564,524.0
719,1377544569,509.0
719,1377544574,503.0
719,1377544579,507.0
719,1377544584,512.0
719,1377544589,515.0
719,1377544594,515.0
719,1377544599,515.0
719,1377544604,519.0
719,1377544609,536.0
719,1377544614,540.0
719,1377544619,537.0
719,1377544624,540.0
719,1377544629,536.0
719,1377544634,526.0
719,1377544639,536.0
719,1377544644,536.0
719,1377544649,534.0
719,1377544654,544.0
719,1377544659,537.0
719,1377544664,537.0
719,1377544669,534.0
719,1377544674,536.0
719,1377544679,531.0
719,1377544684,526.0
719,1377544689,529.0
719,1377544694,530.0
719,1377544699,526.0
719,1377544704,534.0
719,1377544709,531.0
719,1377544714,544.0
719,1377544719,534.0
719,1377544724,534.0
719,1377544729,525.0
719,1377544734,526.0
719,1377544739,520.0
719,1377544744,511.0
719,1377544749,520.0
719,1377544754,519.0
719,1377544759,528.0
719,1377544764,526.0
719,1377544769,536.0
719,1377544774,532.0
719,1377544779,525.0
719,1377544784,530.0
719,1377544789,528.0
719,1377544794,511.0
719,1377544799,515.0
719,1377544804,520.0
719,1377544809,523.0
719,1377544814,531.0
719,1377544819,531.0
719,1377544824,525.0
719,1377544829,526.0
719,1377544834,515.0
719,1377544839,511.0
719,1377544844,518.0
719,1377544849,521.0
719,1377544854,524.0
719,1377544859,519.0
719,1377544864,520.0
719,1377544869,516.0
719,1377544874,507.0
719,1377544879,503.0
719,1377544884,508.0
719,1377544889,508.0
719,1377544894,509.0
719,1377544899,524.0
719,1377544904,521.0
719,1377544909,525.0
719,1377544914,521.0
719,1377544919,515.0
719,1377544924,507.0
719,1377544929,526.0
719,1377544934,521.0
719,1377544939,535.0
719,1377544944,540.0
719,1377544949,546.0
719,1377544954,547.0
719,1377544959,541.0
719,1377544964,550.0
719,1377544969,547.0
719,1377544974,547.0
719,1377544979,550.0
719,1377544984,556.0
719,1377544989,553.0
719,1377544994,562.0
719,1377544999,541.0
719,1377545004,550.0
719,1377545009,540.0
719,1377545014,532.0
719,1377545019,537.0
719,1377545024,535.0
719,1377545029,539.0
719,1377545034,541.0
719,1377545039,546.0
719,1377545044,544.0
719,1377545049,545.0
719,1377545054,539.0
719,1377545059,540.0
719,1377545064,541.0
719,1377545069,547.0
719,1377545074,553.0
719,1377545079,558.0
719,1377545084,556.0
719,1377545089,551.0
719,1377545094,540.0
719,1377545099,540.0
719,1377545104,526.0
719,1377545109,530.0
719,1377545114,531.0
719,1377545119,537.0
719,1377545124,531.0
719,1377545129,525.0
719,1377545134,526.0
719,1377545139,519.0
719,1377545144,515.0
719,1377545149,520.0
719,1377545154,515.0
719,1377545159,518.0
719,1377545164,521.0
719,1377545169,524.0
719,1377545174,532.0
719,1377545179,527.0
719,1377545184,531.0
719,1377545189,534.0
719,1377545194,528.0
719,1377545199,531.0
719,1377545204,537.0
719,1377545209,532.0
719,1377545214,529.0
719,1377545219,519.0
719,1377545224,518.0
719,1377545229,520.0
719,1377545234,523.0
719,1377545239,527.0
719,1377545244,550.0
719,1377545249,552.0
719,1377545254,551.0
719,1377545259,550.0
719,1377545264,541.0
719,1377545269,541.0
719,1377545274,537.0
719,1377545279,545.0
719,1377545284,540.0
719,1377545289,541.0
719,1377545294,535.0
719,1377545299,534.0
719,1377545304,536.0
719,1377545309,537.0
719,1377545314,540.0
719,1377545319,541.0
719,1377545324,544.0
719,1377545329,537.0
719,1377545334,521.0
719,1377545339,524.0
719,1377545344,519.0
719,1377545349,523.0
719,1377545354,519.0
719,1377545359,519.0
719,1377545364,518.0
719,1377545369,516.0
719,1377545374,503.0
719,1377545379,512.0
719,1377545384,516.0
719,1377545389,523.0
719,1377545394,531.0
719,1377545399,531.0
719,1377545404,529.0
719,1377545409,524.0
719,1377545414,509.0
719,1377545419,509.0
719,1377545424,518.0
719,1377545429,518.0
719,1377545434,521.0
719,1377545439,531.0
719,1377545444,531.0
719,1377545449,536.0
719,1377545454,531.0
719,1377545459,527.0
719,1377545464,532.0
719,1377545469,527.0
719,1377545474,529.0
719,1377545479,524.0
719,1377545484,521.0
719,1377545489,518.0
719,1377545494,524.0
719,1377545499,528.0
719,1377545504,526.0
719,1377545509,527.0
719,1377545514,536.0
719,1377545519,536.0
719,1377545524,531.0
719,1377545529,536.0
719,1377545534,537.0
719,1377545539,537.0
719,1377545544,535.0
719,1377545549,532.0
719,1377545554,537.0
719,1377545559,536.0
719,1377545564,527.0
719,1377545569,526.0
719,1377545574,524.0
719,1377545579,523.0
719,1377545586,526.0
719,1377545589,531.0
719,1377545594,526.0
719,1377545599,529.0
719,1377545604,531.0
719,1377545609,526.0
719,1377545614,525.0
719,1377545619,531.0
719,1377545624,531.0
719,1377545629,525.0
719,1377545634,529.0
719,1377545639,529.0
719,1377545644,526.0
719,1377545649,525.0
719,1377545654,531.0
719,1377545659,531.0
719,1377545664,537.0
719,1377545669,534.0
719,1377545674,534.0
719,1377545679,531.0
719,1377545684,526.0
719,1377545689,525.0
719,1377545694,524.0
719,1377545699,529.0
719,1377545704,532.0
719,1377545709,531.0
719,1377545714,531.0
719,1377545719,524.0
719,1377545724,529.0
719,1377545729,526.0
719,1377545734,526.0
719,1377545739,526.0
719,1377545744,526.0
719,1377545749,528.0
719,1377545754,526.0
719,1377545759,523.0
719,1377545764,521.0
719,1377545769,524.0
719,1377545774,523.0
719,1377545779,524.0
719,1377545784,524.0
719,1377545789,519.0
719,1377545794,525.0
719,1377545799,532.0
719,1377545804,534.0
719,1377545809,540.0
719,1377545814,536.0
719,1377545819,526.0
719,1377545824,526.0
719,1377545829,529.0
719,1377545834,526.0
719,1377545839,531.0
719,1377545844,531.0
719,1377545849,537.0
719,1377545854,537.0
719,1377545859,531.0
719,1377545864,526.0
719,1377545870,524.0
719,1377545874,519.0
719,1377545879,519.0
719,1377545884,530.0
719,1377545889,531.0
719,1377545894,530.0
719,1377545899,529.0
719,1377545904,531.0
719,1377545909,529.0
719,1377545914,531.0
719,1377545919,535.0
719,1377545924,540.0
719,1377545929,539.0
719,1377545934,535.0
719,1377545939,537.0
719,1377545944,534.0
719,1377545949,537.0
719,1377545954,535.0
719,1377545959,537.0
719,1377545964,534.0
719,1377545969,527.0
719,1377545974,534.0
719,1377545979,536.0
719,1377545984,534.0
719,1377545989,534.0
719,1377545994,537.0
719,1377545999,534.0
719,1377546004,535.0
719,1377546009,540.0
719,1377546014,537.0
719,1377546019,532.0
719,1377546024,536.0
719,1377546029,529.0
719,1377546034,525.0
719,1377546039,521.0
719,1377546044,521.0
719,1377546049,523.0
719,1377546054,529.0
719,1377546059,532.0
719,1377546064,525.0
719,1377546069,534.0
719,1377546074,526.0
719,1377546079,531.0
719,1377546084,535.0
719,1377546089,550.0
719,1377546094,537.0
719,1377546099,540.0
719,1377546104,531.0
719,1377546109,542.0
719,1377546114,540.0
719,1377546119,547.0
719,1377546124,541.0
719,1377546129,539.0
719,1377546134,535.0
719,1377546139,536.0
719,1377546144,532.0
719,1377546149,524.0
719,1377546154,523.0
719,1377546159,524.0
719,1377546164,523.0
719,1377546169,519.0
719,1377546174,526.0
719,1377546179,521.0
719,1377546184,529.0
719,1377546189,532.0
719,1377546194,532.0
719,1377546199,536.0
719,1377546204,537.0
719,1377546209,537.0
719,1377546214,531.0
719,1377546219,534.0
719,1377546224,527.0
719,1377546229,529.0
719,1377546234,536.0
719,1377546239,534.0
719,1377546244,539.0
719,1377546249,532.0
719,1377546254,531.0
719,1377546259,537.0
719,1377546264,537.0
719,1377546269,535.0
719,1377546274,540.0
719,1377546279,540.0
719,1377546284,535.0
719,1377546289,536.0
719,1377546294,535.0
719,1377546299,536.0
719,1377546304,536.0
719,1377546309,534.0
719,1377546314,539.0
719,1377546319,540.0
719,1377546324,547.0
719,1377546329,543.0
719,1377546334,541.0
719,1377546339,543.0
719,1377546344,548.0
719,1377546349,546.0
719,1377546354,537.0
719,1377546359,546.0
719,1377546364,529.0
719,1377546369,536.0
719,1377546374,534.0
719,1377546379,542.0
719,1377546384,541.0
719,1377546389,550.0
719,1377546394,547.0
719,1377546399,548.0
719,1377546404,535.0
719,1377546409,531.0
719,1377546414,531.0
719,1377546419,536.0
719,1377546424,534.0
719,1377546429,537.0
719,1377546434,534.0
719,1377546439,531.0
719,1377546444,531.0
719,1377546449,531.0
719,1377546454,536.0
719,1377546459,535.0
719,1377546464,531.0
719,1377546469,526.0
719,1377546474,526.0
719,1377546479,511.0
719,1377546484,516.0
719,1377546489,521.0
719,1377546494,526.0
719,1377546499,526.0
719,1377546504,531.0
719,1377546509,540.0
719,1377546514,531.0
719,1377546519,539.0
719,1377546524,544.0
719,1377546529,546.0
719,1377546534,547.0
719,1377546539,550.0
719,1377546544,535.0
719,1377546549,534.0
719,1377546554,537.0
719,1377546559,545.0
719,1377546564,539.0
719,1377546569,540.0
719,1377546574,534.0
719,1377546579,537.0
719,1377546584,534.0
719,1377546589,540.0
719,1377546594,534.0
719,1377546599,536.0
719,1377546604,529.0
719,1377546609,531.0
719,1377546614,536.0
719,1377546619,536.0
719,1377546624,526.0
719,1377546629,526.0
719,1377546634,525.0
719,1377546639,530.0
719,1377546644,531.0
719,1377546649,534.0
719,1377546654,535.0
719,1377546659,531.0
719,1377546664,536.0
719,1377546669,527.0
719,1377546674,534.0
719,1377546679,531.0
719,1377546684,531.0
719,1377546689,526.0
719,1377546694,525.0
719,1377546699,526.0
719,1377546704,528.0
719,1377546709,518.0
719,1377546714,516.0
719,1377546719,515.0
719,1377546724,511.0
719,1377546729,515.0
719,1377546734,526.0
719,1377546739,529.0
719,1377546744,529.0
719,1377546749,521.0
719,1377546754,518.0
719,1377546759,507.0
719,1377546764,509.0
719,1377546769,512.0
719,1377546774,512.0
719,1377546779,518.0
719,1377546784,516.0
719,1377546789,518.0
719,1377546794,524.0
719,1377546799,519.0
719,1377546804,520.0
719,1377546809,516.0
719,1377546814,507.0
719,1377546819,514.0
719,1377546824,518.0
719,1377546830,518.0
719,1377546834,508.0
719,1377546839,509.0
719,1377546844,513.0
719,1377546849,512.0
719,1377546854,505.0
719,1377546859,503.0
719,1377546864,507.0
719,1377546869,518.0
719,1377546874,514.0
719,1377546879,515.0
719,1377546884,520.0
719,1377546889,524.0
719,1377546894,526.0
719,1377546900,529.0
719,1377546904,519.0
719,1377546909,509.0
719,1377546914,516.0
719,1377546919,507.0
719,1377546924,510.0
719,1377546929,504.0
719,1377546934,500.0
719,1377546939,504.0
719,1377546944,502.0
719,1377546949,505.0
719,1377546954,509.0
719,1377546959,514.0
719,1377546964,509.0
719,1377546969,505.0
719,1377546974,503.0
719,1377546979,514.0
719,1377546984,515.0
719,1377546989,524.0
719,1377546994,526.0
719,1377546999,526.0
719,1377547004,526.0
719,1377547009,529.0
719,1377547014,526.0
719,1377547019,526.0
719,1377547024,523.0
719,1377547029,523.0
719,1377547034,529.0
719,1377547039,531.0
719,1377547044,536.0
719,1377547049,534.0
719,1377547054,531.0
719,1377547059,534.0
719,1377547064,544.0
719,1377547069,548.0
719,1377547074,550.0
719,1377547079,556.0
719,1377547084,550.0
719,1377547089,553.0
719,1377547094,563.0
719,1377547099,571.0
719,1377547104,571.0
719,1377547109,580.0
719,1377547114,571.0
719,1377547119,580.0
719,1377547124,567.0
719,1377547129,566.0
719,1377547134,568.0
719,1377547139,567.0
719,1377547144,572.0
719,1377547149,572.0
719,1377547154,564.0
719,1377547159,557.0
719,1377547164,563.0
719,1377547169,561.0
719,1377547174,558.0
719,1377547179,553.0
719,1377547184,551.0
719,1377547189,553.0
719,1377547194,543.0
719,1377547199,556.0
719,1377547204,558.0
719,1377547209,560.0
719,1377547214,556.0
719,1377547219,539.0
719,1377547224,537.0
719,1377547229,535.0
719,1377547234,539.0
719,1377547239,551.0
719,1377547244,560.0
719,1377547249,555.0
719,1377547254,558.0
719,1377547259,556.0
719,1377547264,558.0
719,1377547269,553.0
719,1377547274,552.0
719,1377547279,539.0
719,1377547284,541.0
719,1377547289,543.0
719,1377547294,550.0
719,1377547299,546.0
719,1377547304,542.0
719,1377547309,535.0
719,1377547314,537.0
719,1377547319,536.0
719,1377547324,535.0
719,1377547329,539.0
719,1377547334,535.0
719,1377547339,535.0
719,1377547344,537.0
719,1377547349,540.0
719,1377547354,536.0
719,1377547359,540.0
719,1377547364,535.0
719,1377547369,535.0
719,1377547374,544.0
719,1377547379,547.0
719,1377547386,540.0
719,1377547389,534.0
719,1377547394,535.0
719,1377547399,537.0
719,1377547404,547.0
719,1377547409,553.0
719,1377547414,553.0
719,1377547419,551.0
719,1377547424,547.0
719,1377547429,544.0
719,1377547434,541.0
719,1377547439,547.0
719,1377547444,547.0
719,1377547449,548.0
719,1377547454,547.0
719,1377547459,552.0
719,1377547464,556.0
719,1377547469,555.0
719,1377547474,566.0
719,1377547479,561.0
719,1377547484,561.0
719,1377547489,566.0
719,1377547494,563.0
719,1377547499,558.0
719,1377547504,553.0
719,1377547509,539.0
719,1377547514,539.0
719,1377547519,540.0
719,1377547524,539.0
719,1377547529,541.0
719,1377547534,541.0
719,1377547539,547.0
719,1377547544,542.0
719,1377547549,536.0
719,1377547554,540.0
719,1377547559,548.0
719,1377547564,556.0
719,1377547569,558.0
719,1377547574,564.0
719,1377547580,562.0
719,1377547584,563.0
719,1377547589,569.0
719,1377547594,572.0
719,1377547599,576.0
719,1377547604,576.0
719,1377547609,571.0
719,1377547614,584.0
719,1377547619,590.0
719,1377547624,588.0
719,1377547629,593.0
719,1377547634,593.0
719,1377547639,608.0
719,1377547644,599.0
719,1377547649,601.0
719,1377547654,601.0
719,1377547659,590.0
719,1377547664,590.0
719,1377547669,580.0
719,1377547674,578.0
719,1377547679,566.0
719,1377547684,568.0
719,1377547689,566.0
719,1377547694,559.0
719,1377547699,572.0
719,1377547704,576.0
719,1377547709,580.0
719,1377547714,575.0
719,1377547719,582.0
719,1377547724,567.0
719,1377547729,569.0
719,1377547734,580.0
719,1377547739,593.0
719,1377547744,601.0
719,1377547749,605.0
719,1377547754,607.0
719,1377547759,611.0
719,1377547764,616.0
719,1377547769,614.0
719,1377547774,611.0
719,1377547779,611.0
719,1377547784,609.0
719,1377547789,608.0
719,1377547794,590.0
719,1377547799,583.0
719,1377547804,584.0
719,1377547809,579.0
719,1377547814,588.0
719,1377547819,582.0
719,1377547824,583.0
719,1377547829,588.0
719,1377547834,588.0
719,1377547839,595.0
719,1377547844,590.0
719,1377547849,604.0
719,1377547854,600.0
719,1377547859,600.0
719,1377547864,598.0
719,1377547869,599.0
719,1377547874,611.0
719,1377547879,620.0
719,1377547884,621.0
719,1377547889,627.0
719,1377547894,624.0
719,1377547899,607.0
719,1377547904,614.0
719,1377547909,604.0
719,1377547914,603.0
719,1377547919,590.0
719,1377547924,587.0
719,1377547929,590.0
719,1377547934,592.0
719,1377547939,593.0
719,1377547944,590.0
719,1377547949,593.0
719,1377547954,593.0
719,1377547959,588.0
719,1377547964,590.0
719,1377547969,585.0
719,1377547974,593.0
719,1377547979,590.0
719,1377547984,596.0
719,1377547989,595.0
719,1377547994,604.0
719,1377547999,601.0
719,1377548004,599.0
719,1377548009,601.0
719,1377548014,598.0
719,1377548019,603.0
719,1377548024,612.0
719,1377548029,625.0
719,1377548034,627.0
719,1377548039,621.0
719,1377548044,622.0
719,1377548049,622.0
719,1377548054,615.0
719,1377548059,611.0
719,1377548064,617.0
719,1377548069,614.0
719,1377548074,615.0
719,1377548079,611.0
719,1377548084,614.0
719,1377548089,603.0
719,1377548094,608.0
719,1377548099,598.0
719,1377548104,599.0
719,1377548109,601.0
719,1377548114,604.0
719,1377548119,604.0
719,1377548124,616.0
719,1377548129,615.0
719,1377548134,622.0
719,1377548139,622.0
719,1377548144,633.0
719,1377548149,636.0
719,1377548154,631.0
719,1377548159,627.0
719,1377548164,625.0
719,1377548169,622.0
719,1377548174,625.0
719,1377548179,611.0
719,1377548184,611.0
719,1377548189,604.0
719,1377548194,610.0
719,1377548199,600.0
719,1377548204,600.0
719,1377548209,595.0
719,1377548214,595.0
719,1377548220,596.0
719,1377548228,595.0
719,1377548229,601.0
719,1377548234,604.0
719,1377548239,604.0
719,1377548244,601.0
719,1377548249,589.0
719,1377548254,593.0
719,1377548259,590.0
719,1377548264,588.0
719,1377548269,592.0
719,1377548274,587.0
719,1377548279,595.0
719,1377548284,595.0
719,1377548289,604.0
719,1377548294,604.0
719,1377548299,610.0
719,1377548304,601.0
719,1377548310,604.0
719,1377548314,589.0
719,1377548319,595.0
719,1377548324,590.0
719,1377548329,590.0
719,1377548334,591.0
719,1377548339,601.0
719,1377548344,608.0
719,1377548349,610.0
719,1377548354,599.0
719,1377548359,608.0
719,1377548364,598.0
719,1377548369,601.0
719,1377548374,598.0
719,1377548379,595.0
719,1377548384,593.0
719,1377548389,589.0
719,1377548394,588.0
719,1377548399,593.0
719,1377548404,589.0
719,1377548409,590.0
719,1377548414,593.0
719,1377548419,588.0
719,1377548424,590.0
719,1377548429,600.0
719,1377548434,595.0
719,1377548439,603.0
719,1377548444,608.0
719,1377548449,598.0
719,1377548454,610.0
719,1377548459,611.0
719,1377548464,616.0
719,1377548469,620.0
719,1377548474,620.0
719,1377548479,611.0
719,1377548484,611.0
719,1377548489,603.0
719,1377548494,612.0
719,1377548499,604.0
719,1377548504,614.0
719,1377548509,615.0
719,1377548514,622.0
719,1377548519,630.0
719,1377548524,641.0
719,1377548529,641.0
719,1377548534,641.0
719,1377548539,641.0
719,1377548544,649.0
719,1377548549,646.0
719,1377548554,656.0
719,1377548559,657.0
719,1377548564,657.0
719,1377548569,659.0
719,1377548574,659.0
719,1377548579,657.0
719,1377548584,652.0
719,1377548589,652.0
719,1377548594,652.0
719,1377548599,652.0
719,1377548604,652.0
719,1377548609,654.0
719,1377548614,652.0
719,1377548619,664.0
719,1377548624,654.0
719,1377548629,651.0
719,1377548634,644.0
719,1377548639,635.0
719,1377548644,638.0
719,1377548649,638.0
719,1377548654,639.0
719,1377548659,649.0
719,1377548664,647.0
719,1377548669,654.0
719,1377548674,662.0
719,1377548679,664.0
719,1377548684,665.0
719,1377548689,663.0
719,1377548694,664.0
719,1377548699,654.0
719,1377548704,652.0
719,1377548709,639.0
719,1377548714,646.0
719,1377548719,654.0
719,1377548724,657.0
719,1377548729,659.0
719,1377548734,659.0
719,1377548739,664.0
719,1377548744,654.0
719,1377548749,654.0
719,1377548754,649.0
719,1377548759,636.0
719,1377548764,626.0
719,1377548769,622.0
719,1377548774,622.0
719,1377548779,632.0
719,1377548784,627.0
719,1377548789,620.0
719,1377548794,625.0
719,1377548799,622.0
719,1377548804,622.0
719,1377548809,622.0
719,1377548814,627.0
719,1377548819,627.0
719,1377548824,633.0
719,1377548829,635.0
719,1377548834,636.0
719,1377548839,631.0
719,1377548844,644.0
719,1377548849,646.0
719,1377548854,638.0
719,1377548859,631.0
719,1377548864,625.0
719,1377548869,615.0
719,1377548874,622.0
719,1377548879,617.0
719,1377548884,627.0
719,1377548889,622.0
719,1377548894,631.0
719,1377548899,641.0
719,1377548904,643.0
719,1377548909,638.0
719,1377548914,648.0
719,1377548919,631.0
719,1377548924,641.0
719,1377548929,638.0
719,1377548934,644.0
719,1377548939,639.0
719,1377548944,649.0
719,1377548949,646.0
719,1377548954,646.0
719,1377548959,646.0
719,1377548964,649.0
719,1377548969,644.0
719,1377548974,648.0
719,1377548979,641.0
719,1377548984,646.0
719,1377548989,641.0
719,1377548994,646.0
719,1377548999,643.0
719,1377549004,648.0
719,1377549009,638.0
719,1377549014,641.0
719,1377549019,641.0
719,1377549024,638.0
719,1377549029,639.0
719,1377549034,644.0
719,1377549039,638.0
719,1377549044,631.0
719,1377549049,639.0
719,1377549054,648.0
719,1377549059,639.0
719,1377549064,648.0
719,1377549069,631.0
719,1377549074,631.0
719,1377549079,636.0
719,1377549084,631.0
719,1377549089,633.0
719,1377549094,638.0
719,1377549099,641.0
719,1377549104,638.0
719,1377549110,638.0
719,1377549114,636.0
719,1377549119,641.0
719,1377549124,638.0
719,1377549129,639.0
719,1377549134,646.0
719,1377549139,644.0
719,1377549144,644.0
719,1377549149,641.0
719,1377549154,636.0
719,1377549159,631.0
719,1377549164,638.0
719,1377549169,644.0
719,1377549174,649.0
719,1377549179,646.0
719,1377549184,653.0
719,1377549189,653.0
719,1377549194,654.0
719,1377549199,656.0
719,1377549204,654.0
719,1377549209,647.0
719,1377549214,657.0
719,1377549219,652.0
719,1377549224,646.0
719,1377549229,639.0
719,1377549234,654.0
719,1377549239,648.0
719,1377549244,649.0
719,1377549249,646.0
719,1377549254,643.0
719,1377549259,641.0
719,1377549264,638.0
719,1377549269,630.0
719,1377549274,633.0
719,1377549279,627.0
719,1377549284,630.0
719,1377549289,630.0
719,1377549294,633.0
719,1377549299,644.0
719,1377549304,639.0
719,1377549309,648.0
719,1377549314,648.0
719,1377549319,639.0
719,1377549324,636.0
719,1377549329,635.0
719,1377549334,630.0
719,1377549339,635.0
719,1377549344,643.0
719,1377549349,649.0
719,1377549354,649.0
719,1377549359,656.0
719,1377549364,647.0
719,1377549369,648.0
719,1377549374,641.0
719,1377549379,641.0
719,1377549384,640.0
719,1377549389,649.0
719,1377549394,643.0
719,1377549399,646.0
719,1377549404,644.0
719,1377549409,648.0
719,1377549414,639.0
719,1377549419,641.0
719,1377549424,638.0
719,1377549429,639.0
719,1377549434,644.0
719,1377549439,652.0
719,1377549444,639.0
719,1377549449,648.0
719,1377549454,631.0
719,1377549459,627.0
719,1377549464,625.0
719,1377549469,622.0
719,1377549474,623.0
719,1377549479,638.0
719,1377549484,641.0
719,1377549489,638.0
719,1377549494,639.0
719,1377549499,649.0
719,1377549504,639.0
719,1377549509,643.0
719,1377549514,654.0
719,1377549519,641.0
719,1377549524,638.0
719,1377549529,631.0
719,1377549534,627.0
719,1377549539,636.0
719,1377549544,631.0
719,1377549549,638.0
719,1377549554,636.0
719,1377549559,631.0
719,1377549564,630.0
719,1377549569,636.0
719,1377549574,641.0
719,1377549579,644.0
719,1377549584,652.0
719,1377549589,646.0
719,1377549594,641.0
719,1377549599,636.0
719,1377549604,636.0
719,1377549609,636.0
719,1377549614,644.0
719,1377549619,647.0
719,1377549624,652.0
719,1377549629,654.0
719,1377549634,646.0
719,1377549639,639.0
719,1377549644,635.0
719,1377549649,638.0
719,1377549654,623.0
719,1377549659,625.0
719,1377549664,627.0
719,1377549669,627.0
719,1377549674,620.0
719,1377549679,632.0
719,1377549684,631.0
719,1377549689,641.0
719,1377549694,641.0
719,1377549699,635.0
719,1377549704,640.0
719,1377549709,639.0
719,1377549714,644.0
719,1377549719,646.0
719,1377549724,643.0
719,1377549729,648.0
719,1377549734,646.0
719,1377549739,648.0
719,1377549744,643.0
719,1377549749,646.0
719,1377549754,646.0
719,1377549759,654.0
719,1377549764,653.0
719,1377549769,647.0
719,1377549774,651.0
719,1377549779,648.0
719,1377549784,644.0
719,1377549789,639.0
719,1377549794,644.0
719,1377549799,639.0
719,1377549804,649.0
719,1377549809,654.0
719,1377549814,656.0
719,1377549819,652.0
719,1377549824,649.0
719,1377549829,646.0
719,1377549834,657.0
719,1377549839,649.0
719,1377549844,652.0
719,1377549849,652.0
719,1377549854,639.0
719,1377549859,648.0
719,1377549864,639.0
719,1377549869,639.0
719,1377549874,641.0
719,1377549879,639.0
719,1377549884,639.0
719,1377549889,646.0
719,1377549894,639.0
719,1377549899,638.0
719,1377549904,640.0
719,1377549909,641.0
719,1377549914,639.0
719,1377549919,639.0
719,1377549924,639.0
719,1377549929,646.0
719,1377549934,649.0
719,1377549939,647.0
719,1377549944,649.0
719,1377549949,646.0
719,1377549954,638.0
719,1377549959,638.0
719,1377549968,631.0
719,1377549969,633.0
719,1377549974,636.0
719,1377549979,631.0
719,1377549984,649.0
719,1377549989,643.0
719,1377549994,649.0
719,1377549999,639.0
719,1377550004,648.0
719,1377550009,644.0
719,1377550014,649.0
719,1377550019,648.0
719,1377550024,639.0
719,1377550029,640.0
719,1377550034,636.0
719,1377550039,632.0
719,1377550044,620.0
719,1377550049,620.0
719,1377550054,607.0
719,1377550059,614.0
719,1377550064,624.0
719,1377550069,625.0
719,1377550074,627.0
719,1377550079,630.0
719,1377550084,625.0
719,1377550089,620.0
719,1377550094,622.0
719,1377550099,620.0
719,1377550104,615.0
719,1377550109,617.0
719,1377550114,607.0
719,1377550119,611.0
719,1377550124,610.0
719,1377550129,607.0
719,1377550134,620.0
719,1377550139,621.0
719,1377550144,620.0
719,1377550149,605.0
719,1377550154,603.0
719,1377550159,601.0
719,1377550164,595.0
719,1377550169,599.0
719,1377550174,604.0
719,1377550179,610.0
719,1377550184,604.0
719,1377550189,598.0
719,1377550194,598.0
719,1377550199,600.0
719,1377550204,596.0
719,1377550209,601.0
719,1377550214,598.0
719,1377550219,593.0
719,1377550224,594.0
719,1377550229,595.0
719,1377550234,596.0
719,1377550239,603.0
719,1377550244,610.0
719,1377550249,604.0
719,1377550254,595.0
719,1377550259,589.0
719,1377550264,593.0
719,1377550269,589.0
719,1377550274,590.0
719,1377550279,585.0
719,1377550284,583.0
719,1377550289,585.0
719,1377550294,590.0
719,1377550299,590.0
719,1377550304,589.0
719,1377550309,595.0
719,1377550314,595.0
719,1377550319,590.0
719,1377550324,593.0
719,1377550329,590.0
719,1377550334,590.0
719,1377550339,590.0
719,1377550344,588.0
719,1377550349,596.0
719,1377550354,592.0
719,1377550359,593.0
719,1377550364,592.0
719,1377550369,590.0
719,1377550374,579.0
719,1377550379,575.0
719,1377550384,582.0
719,1377550389,575.0
719,1377550394,575.0
719,1377550399,582.0
719,1377550404,583.0
719,1377550409,592.0
719,1377550414,588.0
719,1377550419,588.0
719,1377550424,585.0
719,1377550429,592.0
719,1377550434,590.0
719,1377550439,588.0
719,1377550444,589.0
719,1377550449,585.0
719,1377550454,588.0
719,1377550459,584.0
719,1377550464,582.0
719,1377550469,582.0
719,1377550474,588.0
719,1377550479,588.0
719,1377550484,585.0
719,1377550489,584.0
719,1377550494,590.0
719,1377550499,576.0
719,1377550504,576.0
719,1377550509,576.0
719,1377550514,576.0
719,1377550519,576.0
719,1377550524,571.0
719,1377550529,580.0
719,1377550534,575.0
719,1377550539,579.0
719,1377550544,582.0
719,1377550549,575.0
719,1377550554,582.0
719,1377550559,582.0
719,1377550564,578.0
719,1377550569,584.0
719,1377550574,583.0
719,1377550579,579.0
719,1377550584,584.0
719,1377550589,577.0
719,1377550594,571.0
719,1377550599,580.0
719,1377550604,575.0
719,1377550609,590.0
719,1377550614,576.0
719,1377550619,567.0
719,1377550624,556.0
719,1377550629,543.0
719,1377550634,548.0
719,1377550639,550.0
719,1377550644,552.0
719,1377550649,551.0
719,1377550654,561.0
719,1377550659,563.0
719,1377550664,567.0
719,1377550669,569.0
719,1377550674,568.0
719,1377550679,558.0
719,1377550684,558.0
719,1377550689,550.0
719,1377550694,556.0
719,1377550699,558.0
719,1377550704,557.0
719,1377550709,558.0
719,1377550714,557.0
719,1377550719,557.0
719,1377550724,568.0
719,1377550729,557.0
719,1377550734,563.0
719,1377550739,564.0
719,1377550744,566.0
719,1377550749,569.0
719,1377550754,572.0
719,1377550759,574.0
719,1377550764,576.0
719,1377550769,582.0
719,1377550774,571.0
719,1377550779,575.0
719,1377550784,580.0
719,1377550789,567.0
719,1377550794,576.0
719,1377550799,567.0
719,1377550804,564.0
719,1377550809,569.0
719,1377550814,559.0
719,1377550819,572.0
719,1377550824,576.0
719,1377550829,567.0
719,1377550834,571.0
719,1377550839,566.0
719,1377550844,568.0
719,1377550849,571.0
719,1377550854,576.0
719,1377550860,567.0
719,1377550864,572.0
719,1377550869,559.0
719,1377550874,563.0
719,1377550879,568.0
719,1377550884,569.0
719,1377550889,567.0
719,1377550894,558.0
719,1377550899,556.0
719,1377550904,551.0
719,1377550909,558.0
719,1377550914,550.0
719,1377550919,556.0
719,1377550924,553.0
719,1377550929,551.0
719,1377550934,553.0
719,1377550939,551.0
719,1377550944,556.0
719,1377550949,558.0
719,1377550954,564.0
719,1377550959,558.0
719,1377550964,556.0
719,1377550969,557.0
719,1377550974,561.0
719,1377550979,563.0
719,1377550984,563.0
719,1377550989,566.0
719,1377550994,582.0
719,1377550999,567.0
719,1377551004,578.0
719,1377551009,568.0
719,1377551014,568.0
719,1377551019,557.0
719,1377551024,561.0
719,1377551029,556.0
719,1377551034,550.0
719,1377551039,545.0
719,1377551044,550.0
719,1377551049,550.0
719,1377551054,558.0
719,1377551059,557.0
719,1377551064,556.0
719,1377551069,551.0
719,1377551074,539.0
719,1377551079,548.0
719,1377551084,545.0
719,1377551089,546.0
719,1377551094,550.0
719,1377551099,552.0
719,1377551104,553.0
719,1377551109,558.0
719,1377551114,550.0
719,1377551119,556.0
719,1377551124,553.0
719,1377551129,553.0
719,1377551134,551.0
719,1377551139,556.0
719,1377551144,551.0
719,1377551149,553.0
719,1377551154,548.0
719,1377551159,540.0
719,1377551164,544.0
719,1377551169,539.0
719,1377551174,553.0
719,1377551179,556.0
719,1377551184,558.0
719,1377551189,560.0
719,1377551194,551.0
719,1377551199,555.0
719,1377551204,550.0
719,1377551209,556.0
719,1377551214,550.0
719,1377551219,550.0
719,1377551224,561.0
719,1377551229,556.0
719,1377551234,563.0
719,1377551239,556.0
719,1377551244,561.0
719,1377551249,556.0
719,1377551254,556.0
719,1377551259,555.0
719,1377551264,556.0
719,1377551269,541.0
719,1377551274,541.0
719,1377551279,548.0
719,1377551284,552.0
719,1377551289,553.0
719,1377551294,550.0
719,1377551299,541.0
719,1377551304,546.0
719,1377551309,539.0
719,1377551314,539.0
719,1377551319,543.0
719,1377551324,548.0
719,1377551329,539.0
719,1377551334,537.0
719,1377551339,536.0
719,1377551344,537.0
719,1377551349,540.0
719,1377551354,534.0
719,1377551359,540.0
719,1377551364,541.0
719,1377551369,541.0
719,1377551374,539.0
719,1377551379,540.0
719,1377551384,534.0
719,1377551389,531.0
719,1377551394,536.0
719,1377551399,535.0
719,1377551404,546.0
719,1377551409,539.0
719,1377551414,535.0
719,1377551419,550.0
719,1377551424,546.0
719,1377551429,550.0
719,1377551434,550.0
719,1377551439,556.0
719,1377551444,548.0
719,1377551449,539.0
719,1377551454,539.0
719,1377551459,547.0
719,1377551464,552.0
719,1377551469,550.0
719,1377551474,553.0
719,1377551479,550.0
719,1377551484,556.0
719,1377551489,561.0
719,1377551494,567.0
719,1377551499,575.0
719,1377551504,585.0
719,1377551509,588.0
719,1377551514,579.0
719,1377551519,572.0
719,1377551524,567.0
719,1377551529,553.0
719,1377551534,556.0
719,1377551539,553.0
719,1377551544,551.0
719,1377551549,556.0
719,1377551554,561.0
719,1377551559,563.0
719,1377551564,563.0
719,1377551569,568.0
719,1377551574,557.0
719,1377551579,558.0
719,1377551584,553.0
719,1377551589,556.0
719,1377551594,553.0
719,1377551599,561.0
719,1377551604,566.0
719,1377551609,566.0
719,1377551614,566.0
719,1377551619,563.0
719,1377551624,556.0
719,1377551629,552.0
719,1377551634,539.0
719,1377551639,550.0
719,1377551644,550.0
719,1377551649,553.0
719,1377551654,553.0
719,1377551659,558.0
719,1377551664,556.0
719,1377551669,558.0
719,1377551674,558.0
719,1377551679,553.0
719,1377551684,551.0
719,1377551689,551.0
719,1377551694,551.0
719,1377551699,550.0
719,1377551704,551.0
719,1377551709,558.0
719,1377551714,556.0
719,1377551719,557.0
719,1377551724,556.0
719,1377551732,558.0
719,1377551734,553.0
719,1377551739,550.0
719,1377551744,558.0
719,1377551749,543.0
719,1377551754,550.0
719,1377551759,539.0
719,1377551764,547.0
719,1377551769,543.0
719,1377551774,556.0
719,1377551779,547.0
719,1377551784,553.0
719,1377551789,548.0
719,1377551794,550.0
719,1377551799,550.0
719,1377551804,558.0
719,1377551809,553.0
719,1377551814,561.0
719,1377551819,560.0
719,1377551824,550.0
719,1377551829,541.0
719,1377551834,553.0
719,1377551839,558.0
719,1377551844,563.0
719,1377551849,560.0
719,1377551854,556.0
719,1377551859,556.0
719,1377551864,547.0
719,1377551869,541.0
719,1377551874,550.0
719,1377551879,551.0
719,1377551884,558.0
719,1377551889,560.0
719,1377551894,562.0
719,1377551899,576.0
719,1377551904,572.0
719,1377551909,559.0
719,1377551914,563.0
719,1377551919,558.0
719,1377551924,562.0
719,1377551929,558.0
719,1377551934,556.0
719,1377551939,550.0
719,1377551944,541.0
719,1377551949,541.0
719,1377551954,546.0
719,1377551959,545.0
719,1377551964,552.0
719,1377551969,553.0
719,1377551974,561.0
719,1377551979,558.0
719,1377551984,567.0
719,1377551989,567.0
719,1377551994,578.0
719,1377551999,571.0
719,1377552004,571.0
719,1377552009,559.0
719,1377552014,564.0
719,1377552019,558.0
719,1377552024,561.0
719,1377552029,551.0
719,1377552034,553.0
719,1377552039,543.0
719,1377552044,550.0
719,1377552049,555.0
719,1377552054,551.0
719,1377552059,551.0
719,1377552064,539.0
719,1377552069,534.0
719,1377552074,536.0
719,1377552079,540.0
719,1377552084,546.0
719,1377552089,546.0
719,1377552094,541.0
719,1377552099,550.0
719,1377552104,547.0
719,1377552109,543.0
719,1377552114,550.0
719,1377552119,539.0
719,1377552124,545.0
719,1377552129,543.0
719,1377552134,550.0
719,1377552139,539.0
719,1377552144,540.0
719,1377552149,537.0
719,1377552154,535.0
719,1377552159,546.0
719,1377552165,539.0
719,1377552169,539.0
719,1377552174,547.0
719,1377552179,550.0
719,1377552184,552.0
719,1377552189,556.0
719,1377552194,551.0
719,1377552199,556.0
719,1377552204,547.0
719,1377552209,541.0
719,1377552214,539.0
719,1377552219,535.0
719,1377552224,531.0
719,1377552229,534.0
719,1377552234,531.0
719,1377552239,529.0
719,1377552244,531.0
719,1377552249,531.0
719,1377552254,534.0
719,1377552259,531.0
719,1377552264,535.0
719,1377552269,534.0
719,1377552274,546.0
719,1377552279,544.0
719,1377552284,546.0
719,1377552289,541.0
719,1377552294,546.0
719,1377552299,537.0
719,1377552304,535.0
719,1377552309,535.0
719,1377552314,535.0
719,1377552319,539.0
719,1377552324,547.0
719,1377552329,543.0
719,1377552334,541.0
719,1377552339,548.0
719,1377552344,541.0
719,1377552349,547.0
719,1377552354,541.0
719,1377552359,547.0
719,1377552364,553.0
719,1377552369,551.0
719,1377552374,551.0
719,1377552379,548.0
719,1377552384,540.0
719,1377552389,534.0
719,1377552394,526.0
719,1377552399,540.0
719,1377552404,544.0
719,1377552409,548.0
719,1377552414,550.0
719,1377552419,553.0
719,1377552424,541.0
719,1377552429,545.0
719,1377552434,545.0
719,1377552439,545.0
719,1377552444,547.0
719,1377552449,541.0
719,1377552454,539.0
719,1377552459,541.0
719,1377552464,540.0
719,1377552469,540.0
719,1377552474,540.0
719,1377552479,550.0
719,1377552484,541.0
719,1377552489,550.0
719,1377552494,547.0
719,1377552499,547.0
719,1377552504,541.0
719,1377552509,552.0
719,1377552514,556.0
719,1377552519,557.0
719,1377552524,564.0
719,1377552529,563.0
719,1377552534,563.0
719,1377552539,563.0
719,1377552544,560.0
719,1377552549,550.0
719,1377552554,545.0
719,1377552561,539.0
719,1377552564,540.0
719,1377552569,539.0
719,1377552574,550.0
719,1377552579,552.0
719,1377552584,552.0
719,1377552589,546.0
719,1377552594,545.0
719,1377552599,545.0
719,1377552604,537.0
719,1377552609,535.0
719,1377552614,540.0
719,1377552619,534.0
719,1377552624,536.0
719,1377552629,537.0
719,1377552634,541.0
719,1377552639,547.0
719,1377552644,551.0
719,1377552649,553.0
719,1377552654,551.0
719,1377552659,553.0
719,1377552664,547.0
719,1377552669,553.0
719,1377552674,562.0
719,1377552679,561.0
719,1377552684,560.0
719,1377552689,553.0
719,1377552694,553.0
719,1377552699,551.0
719,1377552704,553.0
719,1377552709,552.0
719,1377552714,550.0
719,1377552719,553.0
719,1377552724,553.0
719,1377552729,558.0
719,1377552734,561.0
719,1377552739,551.0
719,1377552744,556.0
719,1377552749,539.0
719,1377552754,545.0
719,1377552759,550.0
719,1377552764,541.0
719,1377552769,548.0
719,1377552774,553.0
719,1377552779,553.0
719,1377552784,551.0
719,1377552789,560.0
719,1377552794,563.0
719,1377552799,561.0
719,1377552804,561.0
719,1377552809,558.0
719,1377552814,553.0
719,1377552819,563.0
719,1377552824,558.0
719,1377552829,561.0
719,1377552834,551.0
719,1377552839,543.0
719,1377552844,543.0
719,1377552849,547.0
719,1377552854,556.0
719,1377552859,566.0
719,1377552864,571.0
719,1377552869,576.0
719,1377552874,566.0
719,1377552879,558.0
719,1377552884,553.0
719,1377552889,551.0
719,1377552894,556.0
719,1377552899,553.0
719,1377552904,541.0
719,1377552909,546.0
719,1377552914,548.0
719,1377552919,541.0
719,1377552924,553.0
719,1377552929,556.0
719,1377552934,556.0
719,1377552939,558.0
719,1377552944,558.0
719,1377552949,556.0
719,1377552954,550.0
719,1377552959,550.0
719,1377552964,546.0
719,1377552969,539.0
719,1377552974,540.0
719,1377552979,548.0
719,1377552984,548.0
719,1377552989,543.0
719,1377552994,553.0
719,1377552999,556.0
719,1377553004,547.0
719,1377553009,547.0
719,1377553014,550.0
719,1377553019,535.0
719,1377553024,540.0
719,1377553029,535.0
719,1377553034,539.0
719,1377553039,543.0
719,1377553044,547.0
719,1377553049,553.0
719,1377553054,556.0
719,1377553059,558.0
719,1377553064,558.0
719,1377553069,543.0
719,1377553074,541.0
719,1377553079,547.0
719,1377553084,547.0
719,1377553089,546.0
719,1377553094,547.0
719,1377553099,553.0
719,1377553104,541.0
719,1377553109,543.0
719,1377553114,550.0
719,1377553119,550.0
719,1377553124,561.0
719,1377553129,561.0
719,1377553134,543.0
719,1377553139,552.0
719,1377553144,539.0
719,1377553149,548.0
719,1377553154,551.0
719,1377553159,553.0
719,1377553164,553.0
719,1377553169,552.0
719,1377553174,545.0
719,1377553179,540.0
719,1377553184,537.0
719,1377553189,536.0
719,1377553194,526.0
719,1377553199,529.0
719,1377553204,525.0
719,1377553209,524.0
719,1377553214,529.0
719,1377553219,526.0
719,1377553224,532.0
719,1377553229,534.0
719,1377553234,526.0
719,1377553239,524.0
719,1377553244,524.0
719,1377553249,519.0
719,1377553254,525.0
719,1377553259,526.0
719,1377553264,532.0
719,1377553269,529.0
719,1377553274,526.0
719,1377553279,525.0
719,1377553284,529.0
719,1377553289,525.0
719,1377553294,525.0
719,1377553299,534.0
719,1377553304,529.0
719,1377553309,526.0
719,1377553314,525.0
719,1377553319,529.0
719,1377553324,526.0
719,1377553329,519.0
719,1377553334,521.0
719,1377553339,519.0
719,1377553344,528.0
719,1377553349,528.0
719,1377553354,526.0
719,1377553359,531.0
719,1377553364,526.0
719,1377553369,529.0
719,1377553374,526.0
719,1377553379,528.0
719,1377553384,529.0
719,1377553389,529.0
719,1377553394,519.0
719,1377553399,524.0
719,1377553404,520.0
719,1377553409,519.0
719,1377553414,521.0
719,1377553419,521.0
719,1377553426,524.0
719,1377553429,524.0
719,1377553434,524.0
719,1377553439,525.0
719,1377553444,525.0
719,1377553449,535.0
719,1377553454,537.0
719,1377553459,537.0
719,1377553464,544.0
719,1377553469,540.0
719,1377553474,537.0
719,1377553479,544.0
719,1377553484,536.0
719,1377553489,532.0
719,1377553494,531.0
719,1377553499,528.0
719,1377553504,531.0
719,1377553509,532.0
719,1377553514,537.0
719,1377553519,536.0
719,1377553524,537.0
719,1377553529,540.0
719,1377553534,534.0
719,1377553539,531.0
719,1377553544,526.0
719,1377553549,526.0
719,1377553554,531.0
719,1377553559,526.0
719,1377553564,529.0
719,1377553569,526.0
719,1377553574,523.0
719,1377553579,524.0
719,1377553584,526.0
719,1377553589,526.0
719,1377553594,537.0
719,1377553599,537.0
719,1377553604,536.0
719,1377553609,537.0
719,1377553614,536.0
719,1377553619,536.0
719,1377553624,536.0
719,1377553629,540.0
719,1377553634,534.0
719,1377553639,536.0
719,1377553644,531.0
719,1377553649,536.0
719,1377553654,536.0
719,1377553659,531.0
719,1377553664,529.0
719,1377553669,518.0
719,1377553674,524.0
719,1377553679,524.0
719,1377553684,531.0
719,1377553689,534.0
719,1377553694,539.0
719,1377553699,545.0
719,1377553704,540.0
719,1377553709,544.0
719,1377553714,529.0
719,1377553719,521.0
719,1377553724,515.0
719,1377553729,521.0
719,1377553734,524.0
719,1377553739,519.0
719,1377553744,524.0
719,1377553749,524.0
719,1377553754,529.0
719,1377553759,531.0
719,1377553764,530.0
719,1377553769,534.0
719,1377553774,527.0
719,1377553779,531.0
719,1377553784,536.0
719,1377553789,519.0
719,1377553794,521.0
719,1377553799,519.0
719,1377553804,526.0
719,1377553809,524.0
719,1377553814,519.0
719,1377553819,518.0
719,1377553824,511.0
719,1377553829,515.0
719,1377553834,516.0
719,1377553839,511.0
719,1377553844,515.0
719,1377553849,524.0
719,1377553854,529.0
719,1377553859,536.0
719,1377553864,537.0
719,1377553869,544.0
719,1377553874,537.0
719,1377553879,529.0
719,1377553884,528.0
719,1377553889,526.0
719,1377553894,515.0
719,1377553899,518.0
719,1377553904,518.0
719,1377553909,515.0
719,1377553914,507.0
719,1377553919,513.0
719,1377553924,518.0
719,1377553929,514.0
719,1377553934,516.0
719,1377553939,520.0
719,1377553944,521.0
719,1377553949,519.0
719,1377553954,511.0
719,1377553959,514.0
719,1377553964,507.0
719,1377553969,509.0
719,1377553974,508.0
719,1377553979,514.0
719,1377553984,512.0
719,1377553989,508.0
719,1377553994,518.0
719,1377553999,515.0
719,1377554004,518.0
719,1377554009,520.0
719,1377554014,515.0
719,1377554019,518.0
719,1377554024,520.0
719,1377554029,507.0
719,1377554034,512.0
719,1377554039,503.0
719,1377554044,508.0
719,1377554049,508.0
719,1377554054,507.0
719,1377554059,511.0
719,1377554064,515.0
719,1377554069,519.0
719,1377554074,521.0
719,1377554079,511.0
719,1377554084,507.0
719,1377554089,514.0
719,1377554094,508.0
719,1377554099,507.0
719,1377554104,512.0
719,1377554109,514.0
719,1377554114,518.0
719,1377554119,521.0
719,1377554124,518.0
719,1377554129,511.0
719,1377554134,511.0
719,1377554139,515.0
719,1377554144,519.0
719,1377554149,526.0
719,1377554154,529.0
719,1377554159,531.0
719,1377554164,523.0
719,1377554169,521.0
719,1377554174,518.0
719,1377554179,511.0
719,1377554184,524.0
719,1377554189,530.0
719,1377554194,531.0
719,1377554199,526.0
719,1377554204,515.0
719,1377554209,513.0
719,1377554214,503.0
719,1377554219,509.0
719,1377554224,507.0
719,1377554229,509.0
719,1377554234,518.0
719,1377554239,519.0
719,1377554244,524.0
719,1377554249,526.0
719,1377554254,531.0
719,1377554259,528.0
719,1377554264,521.0
719,1377554269,509.0
719,1377554274,512.0
719,1377554279,508.0
719,1377554286,507.0
719,1377554289,508.0
719,1377554294,508.0
719,1377554299,505.0
719,1377554304,510.0
719,1377554309,507.0
719,1377554314,507.0
719,1377554319,507.0
719,1377554324,518.0
719,1377554329,514.0
719,1377554334,515.0
719,1377554339,515.0
719,1377554344,521.0
719,1377554349,519.0
719,1377554354,526.0
719,1377554359,526.0
719,1377554364,521.0
719,1377554369,524.0
719,1377554374,518.0
719,1377554379,521.0
719,1377554384,519.0
719,1377554389,519.0
719,1377554394,523.0
719,1377554399,526.0
719,1377554404,524.0
719,1377554409,524.0
719,1377554414,515.0
719,1377554419,509.0
719,1377554424,518.0
719,1377554429,515.0
719,1377554434,511.0
719,1377554439,519.0
719,1377554444,526.0
719,1377554449,528.0
719,1377554454,524.0
719,1377554459,519.0
719,1377554464,524.0
719,1377554469,521.0
719,1377554474,515.0
719,1377554479,521.0
719,1377554484,518.0
719,1377554489,520.0
719,1377554494,516.0
719,1377554499,518.0
719,1377554504,524.0
719,1377554509,521.0
719,1377554514,524.0
719,1377554519,525.0
719,1377554524,524.0
719,1377554529,526.0
719,1377554534,524.0
719,1377554539,511.0
719,1377554544,515.0
719,1377554549,516.0
719,1377554554,515.0
719,1377554559,516.0
719,1377554564,513.0
719,1377554569,514.0
719,1377554574,516.0
719,1377554579,520.0
719,1377554584,518.0
719,1377554589,521.0
719,1377554594,518.0
719,1377554599,516.0
719,1377554604,508.0
719,1377554609,508.0
719,1377554614,505.0
719,1377554619,508.0
719,1377554624,514.0
719,1377554629,513.0
719,1377554634,515.0
719,1377554639,516.0
719,1377554644,512.0
719,1377554649,513.0
719,1377554654,515.0
719,1377554659,526.0
719,1377554664,526.0
719,1377554669,524.0
719,1377554674,521.0
719,1377554679,528.0
719,1377554684,521.0
719,1377554689,524.0
719,1377554694,515.0
719,1377554699,518.0
719,1377554704,518.0
719,1377554709,521.0
719,1377554714,524.0
719,1377554719,524.0
719,1377554724,526.0
719,1377554729,526.0
719,1377554734,521.0
719,1377554739,521.0
719,1377554744,519.0
719,1377554749,509.0
719,1377554754,514.0
719,1377554759,508.0
719,1377554764,514.0
719,1377554769,505.0
719,1377554774,514.0
719,1377554779,505.0
719,1377554784,505.0
719,1377554789,507.0
719,1377554794,515.0
719,1377554799,516.0
719,1377554804,514.0
719,1377554809,514.0
719,1377554814,512.0
719,1377554819,503.0
719,1377554824,507.0
719,1377554829,505.0
719,1377554834,515.0
719,1377554839,519.0
719,1377554844,518.0
719,1377554849,518.0
719,1377554854,515.0
719,1377554859,514.0
719,1377554864,513.0
719,1377554869,509.0
719,1377554874,509.0
719,1377554879,512.0
719,1377554884,507.0
719,1377554889,512.0
719,1377554894,505.0
719,1377554899,503.0
719,1377554904,504.0
719,1377554909,497.0
719,1377554914,493.0
719,1377554919,499.0
719,1377554924,499.0
719,1377554929,504.0
719,1377554934,502.0
719,1377554939,508.0
719,1377554944,503.0
719,1377554949,509.0
719,1377554954,507.0
719,1377554959,524.0
719,1377554964,526.0
719,1377554969,521.0
719,1377554974,524.0
719,1377554979,518.0
719,1377554984,509.0
719,1377554989,518.0
719,1377554994,524.0
719,1377554999,519.0
719,1377555004,523.0
719,1377555009,515.0
719,1377555014,520.0
719,1377555019,515.0
719,1377555024,515.0
719,1377555029,521.0
719,1377555034,524.0
719,1377555039,516.0
719,1377555044,516.0
719,1377555049,512.0
719,1377555054,507.0
719,1377555059,512.0
719,1377555064,512.0
719,1377555069,507.0
719,1377555074,509.0
719,1377555079,507.0
719,1377555084,513.0
719,1377555089,515.0
719,1377555094,520.0
719,1377555099,518.0
719,1377555104,516.0
719,1377555109,514.0
719,1377555114,518.0
719,1377555119,515.0
719,1377555124,515.0
719,1377555131,521.0
719,1377555134,509.0
719,1377555139,521.0
719,1377555144,518.0
719,1377555149,518.0
719,1377555154,515.0
719,1377555159,509.0
719,1377555164,505.0
719,1377555169,502.0
719,1377555174,500.0
719,1377555179,494.0
719,1377555184,504.0
719,1377555189,505.0
719,1377555194,518.0
719,1377555199,518.0
719,1377555204,518.0
719,1377555209,518.0
719,1377555214,507.0
719,1377555219,518.0
719,1377555224,526.0
719,1377555229,524.0
719,1377555234,528.0
719,1377555239,520.0
719,1377555244,511.0
719,1377555249,507.0
719,1377555254,509.0
719,1377555259,515.0
719,1377555264,509.0
719,1377555269,510.0
719,1377555274,514.0
719,1377555279,502.0
719,1377555284,508.0
719,1377555289,503.0
719,1377555294,512.0
719,1377555299,518.0
719,1377555304,512.0
719,1377555309,507.0
719,1377555314,515.0
719,1377555319,507.0
719,1377555324,518.0
719,1377555329,514.0
719,1377555334,514.0
719,1377555339,508.0
719,1377555344,503.0
719,1377555349,505.0
719,1377555354,512.0
719,1377555359,508.0
719,1377555364,503.0
719,1377555369,507.0
719,1377555374,512.0
719,1377555379,514.0
719,1377555384,504.0
719,1377555389,505.0
719,1377555394,494.0
719,1377555399,500.0
719,1377555404,499.0
719,1377555409,508.0
719,1377555414,507.0
719,1377555419,509.0
719,1377555424,509.0
719,1377555429,515.0
719,1377555434,507.0
719,1377555439,505.0
719,1377555444,499.0
719,1377555449,502.0
719,1377555454,499.0
719,1377555459,502.0
719,1377555464,507.0
719,1377555469,507.0
719,1377555474,518.0
719,1377555479,514.0
719,1377555484,509.0
719,1377555489,515.0
719,1377555494,520.0
719,1377555499,507.0
719,1377555504,515.0
719,1377555509,508.0
719,1377555514,503.0
719,1377555519,505.0
719,1377555524,512.0
719,1377555529,512.0
719,1377555534,515.0
719,1377555539,524.0
719,1377555544,524.0
719,1377555549,534.0
719,1377555554,531.0
719,1377555559,526.0
719,1377555564,520.0
719,1377555569,507.0
719,1377555574,508.0
719,1377555579,502.0
719,1377555584,504.0
719,1377555589,504.0
719,1377555594,503.0
719,1377555599,508.0
719,1377555604,508.0
719,1377555609,518.0
719,1377555614,516.0
719,1377555619,514.0
719,1377555624,512.0
719,1377555629,507.0
719,1377555634,514.0
719,1377555639,507.0
719,1377555644,503.0
719,1377555649,510.0
719,1377555654,507.0
719,1377555659,520.0
719,1377555664,518.0
719,1377555669,521.0
719,1377555674,509.0
719,1377555679,518.0
719,1377555684,513.0
719,1377555689,514.0
719,1377555694,518.0
719,1377555699,518.0
719,1377555704,521.0
719,1377555709,518.0
719,1377555714,514.0
719,1377555719,516.0
719,1377555724,516.0
719,1377555729,515.0
719,1377555734,511.0
719,1377555739,511.0
719,1377555744,521.0
719,1377555749,509.0
719,1377555754,509.0
719,1377555759,514.0
719,1377555764,514.0
719,1377555769,505.0
719,1377555774,505.0
719,1377555779,512.0
719,1377555784,509.0
719,1377555789,513.0
719,1377555794,513.0
719,1377555799,518.0
719,1377555804,511.0
719,1377555809,515.0
719,1377555814,523.0
719,1377555819,528.0
719,1377555824,526.0
719,1377555829,524.0
719,1377555834,518.0
719,1377555839,515.0
719,1377555844,515.0
719,1377555849,509.0
719,1377555854,511.0
719,1377555859,516.0
719,1377555864,521.0
719,1377555869,519.0
719,1377555874,518.0
719,1377555879,520.0
719,1377555884,507.0
719,1377555889,518.0
719,1377555894,505.0
719,1377555899,507.0
719,1377555904,507.0
719,1377555909,507.0
719,1377555914,516.0
719,1377555919,524.0
719,1377555924,509.0
719,1377555929,507.0
719,1377555934,502.0
719,1377555939,502.0
719,1377555944,502.0
719,1377555949,504.0
719,1377555954,505.0
719,1377555959,508.0
719,1377555964,513.0
719,1377555969,516.0
719,1377555974,518.0
719,1377555979,503.0
719,1377555988,510.0
719,1377555989,505.0
719,1377555994,505.0
719,1377555999,502.0
719,1377556004,508.0
719,1377556009,503.0
719,1377556014,508.0
719,1377556019,505.0
719,1377556024,504.0
719,1377556029,504.0
719,1377556034,502.0
719,1377556039,504.0
719,1377556044,507.0
719,1377556049,507.0
719,1377556054,518.0
719,1377556059,518.0
719,1377556064,516.0
719,1377556069,515.0
719,1377556074,515.0
719,1377556079,507.0
719,1377556084,507.0
719,1377556089,509.0
719,1377556094,514.0
719,1377556099,509.0
719,1377556104,505.0
719,1377556109,512.0
719,1377556114,507.0
719,1377556119,508.0
719,1377556124,507.0
719,1377556129,507.0
719,1377556134,508.0
719,1377556139,514.0
719,1377556144,503.0
719,1377556149,514.0
719,1377556154,504.0
719,1377556159,509.0
719,1377556164,509.0
719,1377556169,524.0
719,1377556174,511.0
719,1377556179,515.0
719,1377556184,515.0
719,1377556189,507.0
719,1377556194,514.0
719,1377556199,505.0
719,1377556204,518.0
719,1377556209,512.0
719,1377556214,505.0
719,1377556219,516.0
719,1377556224,514.0
719,1377556229,509.0
719,1377556234,515.0
719,1377556239,518.0
719,1377556244,524.0
719,1377556249,524.0
719,1377556254,519.0
719,1377556259,520.0
719,1377556264,516.0
719,1377556269,510.0
719,1377556274,507.0
719,1377556279,508.0
719,1377556284,502.0
719,1377556289,503.0
719,1377556294,509.0
719,1377556299,507.0
719,1377556304,508.0
719,1377556309,524.0
719,1377556314,521.0
719,1377556319,526.0
719,1377556324,521.0
719,1377556329,515.0
719,1377556334,509.0
719,1377556339,515.0
719,1377556344,518.0
719,1377556349,524.0
719,1377556354,521.0
719,1377556359,521.0
719,1377556364,521.0
719,1377556369,524.0
719,1377556374,520.0
719,1377556379,518.0
719,1377556384,518.0
719,1377556389,515.0
719,1377556394,513.0
719,1377556399,513.0
719,1377556404,509.0
719,1377556409,516.0
719,1377556414,509.0
719,1377556419,520.0
719,1377556424,518.0
719,1377556429,511.0
719,1377556434,518.0
719,1377556439,515.0
719,1377556444,521.0
719,1377556449,516.0
719,1377556454,514.0
719,1377556459,514.0
719,1377556464,508.0
719,1377556469,505.0
719,1377556474,504.0
719,1377556479,512.0
719,1377556484,509.0
719,1377556489,512.0
719,1377556494,507.0
719,1377556499,502.0
719,1377556504,503.0
719,1377556509,493.0
719,1377556514,500.0
719,1377556519,494.0
719,1377556525,504.0
719,1377556529,499.0
719,1377556534,503.0
719,1377556539,505.0
719,1377556544,514.0
719,1377556549,518.0
719,1377556554,521.0
719,1377556559,526.0
719,1377556564,519.0
719,1377556569,518.0
719,1377556574,519.0
719,1377556579,509.0
719,1377556584,516.0
719,1377556589,503.0
719,1377556594,502.0
719,1377556599,500.0
719,1377556604,499.0
719,1377556609,499.0
719,1377556614,503.0
719,1377556619,505.0
719,1377556624,508.0
719,1377556629,507.0
719,1377556634,505.0
719,1377556640,505.0
719,1377556644,503.0
719,1377556649,507.0
719,1377556654,503.0
719,1377556659,503.0
719,1377556664,508.0
719,1377556669,512.0
719,1377556674,508.0
719,1377556679,502.0
719,1377556684,505.0
719,1377556689,505.0
719,1377556694,508.0
719,1377556699,507.0
719,1377556704,507.0
719,1377556709,515.0
719,1377556714,518.0
719,1377556719,520.0
719,1377556724,518.0
719,1377556729,518.0
719,1377556734,515.0
719,1377556739,514.0
719,1377556744,511.0
719,1377556749,515.0
719,1377556754,509.0
719,1377556759,512.0
719,1377556764,514.0
719,1377556769,512.0
719,1377556774,507.0
719,1377556779,507.0
719,1377556784,516.0
719,1377556789,519.0
719,1377556794,524.0
719,1377556799,523.0
719,1377556804,524.0
719,1377556809,515.0
719,1377556814,509.0
719,1377556819,515.0
719,1377556826,514.0
719,1377556829,507.0
719,1377556834,507.0
719,1377556839,499.0
719,1377556844,505.0
719,1377556849,499.0
719,1377556854,502.0
719,1377556859,500.0
719,1377556864,505.0
719,1377556869,512.0
719,1377556874,505.0
719,1377556879,507.0
719,1377556884,508.0
719,1377556889,503.0
719,1377556894,504.0
719,1377556899,499.0
719,1377556904,505.0
719,1377556909,512.0
719,1377556914,507.0
719,1377556919,509.0
719,1377556924,515.0
719,1377556929,516.0
719,1377556934,515.0
719,1377556939,507.0
719,1377556944,507.0
719,1377556949,509.0
719,1377556954,520.0
719,1377556959,515.0
719,1377556964,518.0
719,1377556969,508.0
719,1377556974,505.0
719,1377556979,504.0
719,1377556984,499.0
719,1377556989,497.0
719,1377556994,499.0
719,1377556999,503.0
719,1377557004,516.0
719,1377557009,509.0
719,1377557014,509.0
719,1377557019,512.0
719,1377557024,515.0
719,1377557029,509.0
719,1377557034,518.0
719,1377557039,515.0
719,1377557044,523.0
719,1377557049,516.0
719,1377557054,516.0
719,1377557060,507.0
719,1377557064,505.0
719,1377557069,505.0
719,1377557074,518.0
719,1377557079,507.0
719,1377557084,515.0
719,1377557089,518.0
719,1377557094,518.0
719,1377557099,515.0
719,1377557104,515.0
719,1377557109,508.0
719,1377557115,508.0
719,1377557119,505.0
719,1377557124,515.0
719,1377557129,526.0
719,1377557134,528.0
719,1377557139,524.0
719,1377557144,518.0
719,1377557149,507.0
719,1377557154,514.0
719,1377557159,512.0
719,1377557164,508.0
719,1377557169,513.0
719,1377557174,514.0
719,1377557179,509.0
719,1377557184,509.0
719,1377557189,515.0
719,1377557194,514.0
719,1377557199,514.0
719,1377557204,507.0
719,1377557209,507.0
719,1377557214,521.0
719,1377557219,524.0
719,1377557224,521.0
719,1377557229,514.0
719,1377557234,507.0
719,1377557239,514.0
719,1377557244,502.0
719,1377557249,504.0
719,1377557254,502.0
719,1377557259,503.0
719,1377557264,507.0
719,1377557269,516.0
719,1377557274,503.0
719,1377557279,505.0
719,1377557284,515.0
719,1377557289,507.0
719,1377557294,507.0
719,1377557299,508.0
719,1377557304,507.0
719,1377557309,508.0
719,1377557314,505.0
719,1377557319,507.0
719,1377557324,508.0
719,1377557329,508.0
719,1377557334,508.0
719,1377557339,508.0
719,1377557344,508.0
719,1377557349,503.0
719,1377557354,503.0
719,1377557359,507.0
719,1377557364,518.0
719,1377557369,523.0
719,1377557374,529.0
719,1377557379,529.0
719,1377557384,529.0
719,1377557389,528.0
719,1377557394,521.0
719,1377557399,526.0
719,1377557404,529.0
719,1377557409,529.0
719,1377557414,521.0
719,1377557419,520.0
719,1377557424,516.0
719,1377557429,515.0
719,1377557434,507.0
719,1377557439,514.0
719,1377557444,512.0
719,1377557449,514.0
719,1377557454,507.0
719,1377557459,510.0
719,1377557464,508.0
719,1377557469,507.0
719,1377557474,515.0
719,1377557479,524.0
719,1377557484,524.0
719,1377557489,519.0
719,1377557494,519.0
719,1377557499,524.0
719,1377557504,526.0
719,1377557509,524.0
719,1377557514,515.0
719,1377557519,518.0
719,1377557524,515.0
719,1377557529,516.0
719,1377557534,516.0
719,1377557539,509.0
719,1377557544,516.0
719,1377557549,514.0
719,1377557554,507.0
719,1377557559,507.0
719,1377557564,512.0
719,1377557569,509.0
719,1377557574,507.0
719,1377557579,516.0
719,1377557584,509.0
719,1377557589,515.0
719,1377557594,509.0
719,1377557599,507.0
719,1377557604,516.0
719,1377557609,518.0
719,1377557614,523.0
719,1377557619,521.0
719,1377557624,526.0
719,1377557629,518.0
719,1377557634,505.0
719,1377557639,503.0
719,1377557644,514.0
719,1377557649,521.0
719,1377557654,528.0
719,1377557659,524.0
719,1377557664,507.0
719,1377557669,502.0
719,1377557674,497.0
719,1377557679,499.0
719,1377557684,500.0
719,1377557689,499.0
719,1377557694,505.0
719,1377557699,507.0
719,1377557704,507.0
719,1377557709,507.0
719,1377557714,516.0
719,1377557719,507.0
719,1377557724,509.0
719,1377557729,515.0
719,1377557734,515.0
719,1377557739,513.0
719,1377557744,514.0
719,1377557749,514.0
719,1377557754,515.0
719,1377557759,507.0
719,1377557764,518.0
719,1377557769,516.0
719,1377557774,511.0
719,1377557779,518.0
719,1377557784,518.0
719,1377557789,518.0
719,1377557794,519.0
719,1377557799,524.0
719,1377557804,529.0
719,1377557809,519.0
719,1377557814,515.0
719,1377557819,509.0
719,1377557824,508.0
719,1377557829,503.0
719,1377557834,503.0
719,1377557839,502.0
719,1377557844,505.0
719,1377557849,505.0
719,1377557854,499.0
719,1377557859,494.0
719,1377557864,493.0
719,1377557869,493.0
719,1377557874,493.0
719,1377557879,500.0
719,1377557884,499.0
719,1377557889,503.0
719,1377557894,513.0
719,1377557899,518.0
719,1377557904,515.0
719,1377557909,521.0
719,1377557914,519.0
719,1377557919,518.0
719,1377557924,521.0
719,1377557929,515.0
719,1377557934,516.0
719,1377557939,515.0
719,1377557944,513.0
719,1377557949,509.0
719,1377557954,507.0
719,1377557959,505.0
719,1377557964,505.0
719,1377557969,508.0
719,1377557974,513.0
719,1377557979,507.0
719,1377557984,514.0
719,1377557989,514.0
719,1377557994,507.0
719,1377557999,505.0
719,1377558004,513.0
719,1377558009,515.0
719,1377558014,515.0
719,1377558019,507.0
719,1377558024,503.0
719,1377558029,504.0
719,1377558034,505.0
719,1377558039,505.0
719,1377558044,505.0
719,1377558049,514.0
719,1377558054,509.0
719,1377558059,515.0
719,1377558064,519.0
719,1377558069,519.0
719,1377558074,526.0
719,1377558079,524.0
719,1377558084,524.0
719,1377558089,518.0
719,1377558094,509.0
719,1377558099,507.0
719,1377558104,502.0
719,1377558109,494.0
719,1377558114,500.0
719,1377558119,497.0
719,1377558124,499.0
719,1377558129,502.0
719,1377558134,503.0
719,1377558139,503.0
719,1377558144,509.0
719,1377558149,509.0
719,1377558154,508.0
719,1377558159,511.0
719,1377558164,511.0
719,1377558169,518.0
719,1377558174,518.0
719,1377558179,524.0
719,1377558184,507.0
719,1377558189,508.0
719,1377558194,505.0
719,1377558199,502.0
719,1377558204,500.0
719,1377558209,499.0
719,1377558214,499.0
719,1377558219,504.0
719,1377558224,508.0
719,1377558229,508.0
719,1377558234,502.0
719,1377558239,502.0
719,1377558244,502.0
719,1377558249,499.0
719,1377558254,502.0
719,1377558259,504.0
719,1377558264,502.0
719,1377558269,510.0
719,1377558274,508.0
719,1377558279,516.0
719,1377558284,514.0
719,1377558289,508.0
719,1377558294,508.0
719,1377558299,514.0
719,1377558304,509.0
719,1377558309,514.0
719,1377558314,508.0
719,1377558319,507.0
719,1377558324,507.0
719,1377558329,518.0
719,1377558334,518.0
719,1377558339,511.0
719,1377558344,524.0
719,1377558349,518.0
719,1377558354,518.0
719,1377558359,514.0
719,1377558364,514.0
719,1377558369,514.0
719,1377558374,512.0
719,1377558379,508.0
719,1377558384,505.0
719,1377558389,512.0
719,1377558394,503.0
719,1377558399,505.0
719,1377558404,504.0
719,1377558409,503.0
719,1377558414,504.0
719,1377558419,503.0
719,1377558424,504.0
719,1377558429,508.0
719,1377558434,505.0
719,1377558439,504.0
719,1377558445,508.0
719,1377558449,512.0
719,1377558454,507.0
719,1377558459,518.0
719,1377558464,512.0
719,1377558469,507.0
719,1377558474,515.0
719,1377558479,509.0
719,1377558484,514.0
719,1377558489,508.0
719,1377558494,503.0
719,1377558499,499.0
719,1377558504,500.0
719,1377558509,503.0
719,1377558514,508.0
719,1377558519,514.0
719,1377558524,514.0
719,1377558529,509.0
719,1377558534,509.0
719,1377558539,514.0
719,1377558544,514.0
719,1377558549,508.0
719,1377558554,509.0
719,1377558559,514.0
719,1377558564,516.0
719,1377558569,515.0
719,1377558574,524.0
719,1377558579,520.0
719,1377558584,509.0
719,1377558589,508.0
719,1377558594,512.0
719,1377558599,514.0
719,1377558604,507.0
719,1377558609,518.0
719,1377558614,515.0
719,1377558619,518.0
719,1377558624,507.0
719,1377558629,509.0
719,1377558634,515.0
719,1377558639,515.0
719,1377558644,507.0
719,1377558649,509.0
719,1377558654,518.0
719,1377558659,507.0
719,1377558664,512.0
719,1377558669,512.0
719,1377558674,503.0
719,1377558679,507.0
719,1377558684,509.0
719,1377558689,512.0
719,1377558694,518.0
719,1377558699,507.0
719,1377558704,516.0
719,1377558709,515.0
719,1377558714,509.0
719,1377558719,507.0
719,1377558724,503.0
719,1377558729,504.0
719,1377558734,512.0
719,1377558739,508.0
719,1377558744,503.0
719,1377558749,503.0
719,1377558754,505.0
719,1377558759,505.0
719,1377558764,504.0
719,1377558769,500.0
719,1377558774,495.0
719,1377558779,499.0
719,1377558784,508.0
719,1377558789,503.0
719,1377558794,509.0
719,1377558799,510.0
719,1377558804,508.0
719,1377558809,508.0
719,1377558814,508.0
719,1377558819,502.0
719,1377558824,505.0
719,1377558829,514.0
719,1377558834,505.0
719,1377558839,508.0
719,1377558844,503.0
719,1377558849,503.0
719,1377558854,507.0
719,1377558859,507.0
719,1377558864,507.0
719,1377558869,515.0
719,1377558874,514.0
719,1377558879,512.0
719,1377558885,508.0
719,1377558889,508.0
719,1377558894,508.0
719,1377558900,503.0
719,1377558904,509.0
719,1377558909,518.0
719,1377558914,519.0
719,1377558919,523.0
719,1377558924,515.0
719,1377558929,518.0
719,1377558934,514.0
719,1377558939,508.0
719,1377558944,507.0
719,1377558949,507.0
719,1377558954,505.0
719,1377558959,504.0
719,1377558964,505.0
719,1377558969,503.0
719,1377558974,507.0
719,1377558979,513.0
719,1377558984,505.0
719,1377558989,504.0
719,1377558994,502.0
719,1377558999,497.0
719,1377559004,495.0
719,1377559009,504.0
719,1377559014,507.0
719,1377559019,508.0
719,1377559024,507.0
719,1377559029,512.0
719,1377559034,514.0
719,1377559039,503.0
719,1377559044,509.0
719,1377559049,508.0
719,1377559054,516.0
719,1377559059,518.0
719,1377559064,521.0
719,1377559069,519.0
719,1377559074,515.0
719,1377559079,507.0
719,1377559084,505.0
719,1377559089,504.0
719,1377559094,504.0
719,1377559099,502.0
719,1377559104,504.0
719,1377559109,514.0
719,1377559114,505.0
719,1377559119,514.0
719,1377559124,502.0
719,1377559129,499.0
719,1377559134,494.0
719,1377559139,502.0
719,1377559144,505.0
719,1377559149,502.0
719,1377559154,504.0
719,1377559159,514.0
719,1377559164,504.0
719,1377559169,503.0
719,1377559174,507.0
719,1377559179,507.0
719,1377559184,515.0
719,1377559189,511.0
719,1377559194,516.0
719,1377559199,503.0
719,1377559204,502.0
719,1377559209,502.0
719,1377559214,499.0
719,1377559219,499.0
719,1377559224,499.0
719,1377559229,499.0
719,1377559234,504.0
719,1377559239,503.0
719,1377559244,508.0
719,1377559251,507.0
719,1377559254,507.0
719,1377559259,514.0
719,1377559264,518.0
719,1377559269,509.0
719,1377559274,507.0
719,1377559279,503.0
719,1377559284,508.0
719,1377559289,503.0
719,1377559294,507.0
719,1377559299,513.0
719,1377559304,507.0
719,1377559309,512.0
719,1377559314,503.0
719,1377559319,512.0
719,1377559324,518.0
719,1377559329,515.0
719,1377559334,509.0
719,1377559339,514.0
719,1377559344,514.0
719,1377559349,509.0
719,1377559354,518.0
719,1377559359,520.0
719,1377559364,515.0
719,1377559369,516.0
719,1377559374,512.0
719,1377559379,512.0
719,1377559384,508.0
719,1377559389,508.0
719,1377559394,509.0
719,1377559399,516.0
719,1377559404,516.0
719,1377559409,511.0
719,1377559414,520.0
719,1377559419,511.0
719,1377559424,516.0
719,1377559429,515.0
719,1377559434,518.0
719,1377559439,518.0
719,1377559444,511.0
719,1377559450,518.0
719,1377559454,509.0
719,1377559459,513.0
719,1377559464,507.0
719,1377559469,514.0
719,1377559474,507.0
719,1377559479,508.0
719,1377559484,507.0
719,1377559489,511.0
719,1377559494,521.0
719,1377559499,524.0
719,1377559504,515.0
719,1377559509,509.0
719,1377559514,514.0
719,1377559519,502.0
719,1377559524,516.0
719,1377559529,505.0
719,1377559534,508.0
719,1377559539,508.0
719,1377559544,514.0
719,1377559549,513.0
719,1377559554,511.0
719,1377559559,524.0
719,1377559564,524.0
719,1377559569,524.0
719,1377559574,515.0
719,1377559579,514.0
719,1377559584,508.0
719,1377559589,514.0
719,1377559594,518.0
719,1377559599,509.0
719,1377559604,518.0
719,1377559609,507.0
719,1377559614,514.0
719,1377559619,507.0
719,1377559624,508.0
719,1377559629,504.0
719,1377559634,502.0
719,1377559639,508.0
719,1377559644,503.0
719,1377559649,508.0
719,1377559654,503.0
719,1377559659,514.0
719,1377559664,507.0
719,1377559669,511.0
719,1377559674,515.0
719,1377559679,516.0
719,1377559684,508.0
719,1377559689,508.0
719,1377559694,502.0
719,1377559699,508.0
719,1377559704,508.0
719,1377559709,508.0
719,1377559714,508.0
719,1377559719,507.0
719,1377559724,502.0
719,1377559729,503.0
719,1377559734,500.0
719,1377559739,495.0
719,1377559744,502.0
719,1377559749,500.0
719,1377559754,503.0
719,1377559759,514.0
719,1377559764,512.0
719,1377559769,507.0
719,1377559774,515.0
719,1377559779,515.0
719,1377559784,516.0
719,1377559789,503.0
719,1377559794,503.0
719,1377559799,505.0
719,1377559804,509.0
719,1377559809,503.0
719,1377559814,518.0
719,1377559819,508.0
719,1377559824,518.0
719,1377559829,514.0
719,1377559834,515.0
719,1377559839,516.0
719,1377559844,515.0
719,1377559849,515.0
719,1377559854,518.0
719,1377559859,519.0
719,1377559864,526.0
719,1377559869,521.0
719,1377559874,515.0
719,1377559879,514.0
719,1377559884,503.0
719,1377559889,508.0
719,1377559894,503.0
719,1377559899,505.0
719,1377559904,505.0
719,1377559909,507.0
719,1377559914,503.0
719,1377559919,502.0
719,1377559924,504.0
719,1377559929,508.0
719,1377559934,502.0
719,1377559939,500.0
719,1377559944,503.0
719,1377559949,508.0
719,1377559954,508.0
719,1377559959,508.0
719,1377559964,514.0
719,1377559969,507.0
719,1377559974,508.0
719,1377559979,505.0
719,1377559984,504.0
719,1377559989,505.0
719,1377559994,505.0
719,1377559999,508.0
719,1377560004,505.0
719,1377560009,516.0
719,1377560014,507.0
719,1377560019,509.0
719,1377560024,515.0
719,1377560029,519.0
719,1377560034,521.0
719,1377560039,518.0
719,1377560044,515.0
719,1377560049,515.0
719,1377560054,515.0
719,1377560059,507.0
719,1377560064,505.0
719,1377560069,500.0
719,1377560074,497.0
719,1377560079,492.0
719,1377560084,494.0
719,1377560089,497.0
719,1377560094,499.0
719,1377560099,504.0
719,1377560106,514.0
719,1377560109,508.0
719,1377560114,507.0
719,1377560119,507.0
719,1377560124,508.0
719,1377560129,514.0
719,1377560134,508.0
719,1377560139,505.0
719,1377560144,502.0
719,1377560149,502.0
719,1377560154,503.0
719,1377560159,508.0
719,1377560164,503.0
719,1377560169,507.0
719,1377560174,509.0
719,1377560179,509.0
719,1377560184,515.0
719,1377560189,518.0
719,1377560194,519.0
719,1377560199,523.0
719,1377560204,521.0
719,1377560209,521.0
719,1377560214,520.0
719,1377560219,509.0
719,1377560224,509.0
719,1377560229,509.0
719,1377560234,503.0
719,1377560239,514.0
719,1377560244,503.0
719,1377560249,508.0
719,1377560254,508.0
719,1377560259,502.0
719,1377560264,518.0
719,1377560269,514.0
719,1377560274,518.0
719,1377560279,529.0
719,1377560284,531.0
719,1377560289,537.0
719,1377560294,529.0
719,1377560299,511.0
719,1377560304,516.0
719,1377560309,508.0
719,1377560314,509.0
719,1377560319,503.0
719,1377560324,512.0
719,1377560329,509.0
719,1377560334,507.0
719,1377560339,512.0
719,1377560344,508.0
719,1377560349,508.0
719,1377560354,503.0
719,1377560359,509.0
719,1377560364,515.0
719,1377560369,524.0
719,1377560374,530.0
719,1377560379,524.0
719,1377560384,524.0
719,1377560389,509.0
719,1377560394,504.0
719,1377560399,500.0
719,1377560404,499.0
719,1377560409,500.0
719,1377560414,505.0
719,1377560419,508.0
719,1377560424,503.0
719,1377560429,514.0
719,1377560434,504.0
719,1377560439,508.0
719,1377560444,499.0
719,1377560449,505.0
719,1377560454,508.0
719,1377560459,515.0
719,1377560464,516.0
719,1377560469,507.0
719,1377560474,507.0
719,1377560479,512.0
719,1377560484,504.0
719,1377560489,499.0
719,1377560494,503.0
719,1377560499,505.0
719,1377560504,514.0
719,1377560509,508.0
719,1377560514,507.0
719,1377560519,508.0
719,1377560524,505.0
719,1377560529,505.0
719,1377560534,504.0
719,1377560539,508.0
719,1377560544,515.0
719,1377560549,524.0
719,1377560554,529.0
719,1377560559,531.0
719,1377560564,526.0
719,1377560569,511.0
719,1377560574,509.0
719,1377560579,505.0
719,1377560584,500.0
719,1377560589,499.0
719,1377560594,503.0
719,1377560599,503.0
719,1377560604,503.0
719,1377560609,505.0
719,1377560614,510.0
719,1377560619,516.0
719,1377560624,518.0
719,1377560629,509.0
719,1377560634,515.0
719,1377560639,507.0
719,1377560644,508.0
719,1377560649,503.0
719,1377560654,502.0
719,1377560659,503.0
719,1377560664,503.0
719,1377560669,505.0
719,1377560674,507.0
719,1377560679,511.0
719,1377560684,519.0
719,1377560689,515.0
719,1377560694,515.0
719,1377560699,512.0
719,1377560704,502.0
719,1377560709,505.0
719,1377560714,503.0
719,1377560719,507.0
719,1377560724,514.0
719,1377560729,508.0
719,1377560734,505.0
719,1377560739,503.0
719,1377560744,508.0
719,1377560749,508.0
719,1377560754,512.0
719,1377560759,514.0
719,1377560764,514.0
719,1377560769,508.0
719,1377560774,503.0
719,1377560779,505.0
719,1377560784,508.0
719,1377560789,505.0
719,1377560794,508.0
719,1377560799,514.0
719,1377560804,509.0
719,1377560809,515.0
719,1377560814,509.0
719,1377560819,512.0
719,1377560824,509.0
719,1377560829,507.0
719,1377560834,514.0
719,1377560839,502.0
719,1377560844,494.0
719,1377560849,497.0
719,1377560854,496.0
719,1377560859,494.0
719,1377560864,497.0
719,1377560869,494.0
719,1377560874,499.0
719,1377560879,502.0
719,1377560884,505.0
719,1377560889,499.0
719,1377560894,505.0
719,1377560899,508.0
719,1377560904,503.0
719,1377560909,510.0
719,1377560914,494.0
719,1377560919,504.0
719,1377560924,507.0
719,1377560929,507.0
719,1377560934,508.0
719,1377560941,512.0
719,1377560944,502.0
719,1377560949,505.0
719,1377560954,509.0
719,1377560959,519.0
719,1377560964,524.0
719,1377560969,515.0
719,1377560974,516.0
719,1377560979,507.0
719,1377560984,508.0
719,1377560989,505.0
719,1377560994,504.0
719,1377560999,497.0
719,1377561004,499.0
719,1377561009,500.0
719,1377561014,497.0
719,1377561019,504.0
719,1377561024,502.0
719,1377561029,505.0
719,1377561034,507.0
719,1377561039,507.0
719,1377561044,514.0
719,1377561049,507.0
719,1377561054,503.0
719,1377561059,497.0
719,1377561064,502.0
719,1377561069,502.0
719,1377561074,505.0
719,1377561079,503.0
719,1377561084,505.0
719,1377561089,502.0
719,1377561094,498.0
719,1377561099,492.0
719,1377561104,494.0
719,1377561109,496.0
719,1377561114,494.0
719,1377561119,498.0
719,1377561124,494.0
719,1377561129,500.0
719,1377561134,505.0
719,1377561139,505.0
719,1377561144,512.0
719,1377561149,507.0
719,1377561154,507.0
719,1377561159,515.0
719,1377561164,503.0
719,1377561169,503.0
719,1377561174,508.0
719,1377561179,502.0
719,1377561184,499.0
719,1377561189,508.0
719,1377561194,509.0
719,1377561199,516.0
719,1377561204,515.0
719,1377561209,515.0
719,1377561214,507.0
719,1377561219,508.0
719,1377561224,502.0
719,1377561229,503.0
719,1377561234,505.0
719,1377561239,508.0
719,1377561244,508.0
719,1377561249,505.0
719,1377561254,503.0
719,1377561259,508.0
719,1377561264,503.0
719,1377561269,505.0
719,1377561274,505.0
719,1377561279,504.0
719,1377561284,504.0
719,1377561289,494.0
719,1377561294,502.0
719,1377561299,503.0
719,1377561304,507.0
719,1377561309,514.0
719,1377561314,509.0
719,1377561319,503.0
719,1377561324,504.0
719,1377561329,500.0
719,1377561334,502.0
719,1377561339,505.0
719,1377561344,512.0
719,1377561349,505.0
719,1377561354,499.0
719,1377561359,499.0
719,1377561364,494.0
719,1377561369,504.0
719,1377561374,502.0
719,1377561379,504.0
719,1377561384,494.0
719,1377561389,497.0
719,1377561394,500.0
719,1377561399,505.0
719,1377561404,505.0
719,1377561410,505.0
719,1377561414,514.0
719,1377561419,514.0
719,1377561424,507.0
719,1377561429,507.0
719,1377561434,512.0
719,1377561439,512.0
719,1377561444,499.0
719,1377561449,497.0
719,1377561454,496.0
719,1377561459,494.0
719,1377561464,499.0
719,1377561469,504.0
719,1377561474,508.0
719,1377561479,505.0
719,1377561484,508.0
719,1377561489,502.0
719,1377561494,503.0
719,1377561499,512.0
719,1377561504,510.0
719,1377561509,502.0
719,1377561514,495.0
719,1377561519,494.0
719,1377561524,493.0
719,1377561529,498.0
719,1377561534,500.0
719,1377561539,504.0
719,1377561544,508.0
719,1377561549,503.0
719,1377561554,505.0
719,1377561559,504.0
719,1377561564,503.0
719,1377561569,502.0
719,1377561574,512.0
719,1377561579,500.0
719,1377561584,493.0
719,1377561589,498.0
719,1377561594,499.0
719,1377561599,504.0
719,1377561604,505.0
719,1377561609,505.0
719,1377561614,503.0
719,1377561619,505.0
719,1377561624,514.0
719,1377561629,507.0
719,1377561634,508.0
719,1377561639,505.0
719,1377561644,497.0
719,1377561649,493.0
719,1377561654,494.0
719,1377561659,499.0
719,1377561664,504.0
719,1377561669,505.0
719,1377561674,505.0
719,1377561679,505.0
719,1377561684,505.0
719,1377561689,505.0
719,1377561694,499.0
719,1377561699,502.0
719,1377561704,497.0
719,1377561709,494.0
719,1377561714,492.0
719,1377561719,492.0
719,1377561724,492.0
719,1377561729,489.0
719,1377561734,486.0
719,1377561739,488.0
719,1377561744,494.0
719,1377561749,497.0
719,1377561754,495.0
719,1377561759,500.0
719,1377561764,497.0
719,1377561769,497.0
719,1377561774,494.0
719,1377561779,492.0
719,1377561784,493.0
719,1377561789,494.0
719,1377561794,494.0
719,1377561802,500.0
719,1377561804,503.0
719,1377561809,512.0
719,1377561814,514.0
719,1377561819,514.0
719,1377561824,502.0
719,1377561829,494.0
719,1377561834,489.0
719,1377561839,486.0
719,1377561844,489.0
719,1377561849,493.0
719,1377561854,492.0
719,1377561859,494.0
719,1377561864,494.0
719,1377561869,497.0
719,1377561874,497.0
719,1377561879,505.0
719,1377561884,503.0
719,1377561889,507.0
719,1377561894,507.0
719,1377561899,512.0
719,1377561904,505.0
719,1377561909,503.0
719,1377561914,502.0
719,1377561919,503.0
719,1377561924,504.0
719,1377561929,508.0
719,1377561934,507.0
719,1377561939,513.0
719,1377561944,507.0
719,1377561949,508.0
719,1377561954,502.0
719,1377561959,504.0
719,1377561965,497.0
719,1377561969,503.0
719,1377561974,502.0
719,1377561979,503.0
719,1377561984,503.0
719,1377561989,503.0
719,1377561994,512.0
719,1377561999,511.0
719,1377562004,516.0
719,1377562009,514.0
719,1377562014,514.0
719,1377562019,503.0
719,1377562024,512.0
719,1377562029,509.0
719,1377562034,521.0
719,1377562039,521.0
719,1377562044,521.0
719,1377562049,511.0
719,1377562054,512.0
719,1377562059,498.0
719,1377562064,497.0
719,1377562069,489.0
719,1377562074,486.0
719,1377562079,486.0
719,1377562084,492.0
719,1377562089,492.0
719,1377562094,493.0
719,1377562099,495.0
719,1377562104,504.0
719,1377562109,499.0
719,1377562114,502.0
719,1377562119,505.0
719,1377562124,508.0
719,1377562129,515.0
719,1377562134,503.0
719,1377562139,504.0
719,1377562144,499.0
719,1377562149,499.0
719,1377562154,505.0
719,1377562159,514.0
719,1377562164,502.0
719,1377562169,505.0
719,1377562174,494.0
719,1377562179,494.0
719,1377562184,486.0
719,1377562189,492.0
719,1377562194,494.0
719,1377562199,494.0
719,1377562204,493.0
719,1377562209,512.0
719,1377562214,504.0
719,1377562219,504.0
719,1377562224,510.0
719,1377562229,499.0
719,1377562234,504.0
719,1377562239,502.0
719,1377562244,505.0
719,1377562249,504.0
719,1377562254,508.0
719,1377562259,503.0
719,1377562264,510.0
719,1377562269,505.0
719,1377562274,505.0
719,1377562279,494.0
719,1377562284,497.0
719,1377562289,488.0
719,1377562294,493.0
719,1377562299,493.0
719,1377562304,502.0
719,1377562309,504.0
719,1377562314,503.0
719,1377562319,505.0
719,1377562324,500.0
719,1377562329,497.0
719,1377562334,497.0
719,1377562339,491.0
719,1377562344,489.0
719,1377562349,492.0
719,1377562354,494.0
719,1377562359,498.0
719,1377562364,498.0
719,1377562369,492.0
719,1377562374,494.0
719,1377562379,491.0
719,1377562384,494.0
719,1377562389,497.0
719,1377562394,504.0
719,1377562399,505.0
719,1377562404,508.0
719,1377562409,514.0
719,1377562414,505.0
719,1377562419,502.0
719,1377562424,503.0
719,1377562429,505.0
719,1377562434,503.0
719,1377562439,505.0
719,1377562444,512.0
719,1377562449,504.0
719,1377562454,499.0
719,1377562459,497.0
719,1377562464,500.0
719,1377562469,503.0
719,1377562474,504.0
719,1377562479,500.0
719,1377562484,494.0
719,1377562489,493.0
719,1377562494,497.0
719,1377562499,499.0
719,1377562504,499.0
719,1377562509,493.0
719,1377562514,497.0
719,1377562519,497.0
719,1377562524,498.0
719,1377562529,512.0
719,1377562534,518.0
719,1377562539,503.0
719,1377562544,508.0
719,1377562549,508.0
719,1377562554,507.0
719,1377562559,504.0
719,1377562564,502.0
719,1377562569,504.0
719,1377562574,514.0
719,1377562579,508.0
719,1377562584,508.0
719,1377562589,498.0
719,1377562594,497.0
719,1377562599,494.0
719,1377562604,486.0
719,1377562609,492.0
719,1377562614,494.0
719,1377562619,497.0
719,1377562624,502.0
719,1377562629,493.0
719,1377562634,497.0
719,1377562639,494.0
719,1377562644,492.0
719,1377562652,492.0
719,1377562654,499.0
719,1377562659,499.0
719,1377562664,497.0
719,1377562669,499.0
719,1377562674,497.0
719,1377562679,502.0
719,1377562684,504.0
719,1377562689,505.0
719,1377562694,504.0
719,1377562699,512.0
719,1377562704,493.0
719,1377562709,493.0
719,1377562714,494.0
719,1377562719,491.0
719,1377562724,492.0
719,1377562729,497.0
719,1377562734,493.0
719,1377562739,497.0
719,1377562744,487.0
719,1377562749,493.0
719,1377562754,497.0
719,1377562759,492.0
719,1377562764,487.0
719,1377562769,496.0
719,1377562774,494.0
719,1377562779,494.0
719,1377562784,502.0
719,1377562789,497.0
719,1377562794,500.0
719,1377562799,494.0
719,1377562804,502.0
719,1377562809,498.0
719,1377562814,499.0
719,1377562819,492.0
719,1377562824,500.0
719,1377562829,493.0
719,1377562834,493.0
719,1377562839,499.0
719,1377562844,494.0
719,1377562849,493.0
719,1377562854,494.0
719,1377562859,499.0
719,1377562864,493.0
719,1377562869,497.0
719,1377562874,497.0
719,1377562879,491.0
719,1377562884,497.0
719,1377562889,497.0
719,1377562894,499.0
719,1377562899,505.0
719,1377562904,504.0
719,1377562909,508.0
719,1377562914,493.0
719,1377562919,497.0
719,1377562924,493.0
719,1377562929,494.0
719,1377562934,497.0
719,1377562939,497.0
719,1377562944,489.0
719,1377562949,494.0
719,1377562954,486.0
719,1377562959,486.0
719,1377562964,494.0
719,1377562969,493.0
719,1377562974,494.0
719,1377562979,487.0
719,1377562984,494.0
719,1377562989,494.0
719,1377562994,494.0
719,1377562999,494.0
719,1377563004,498.0
719,1377563009,502.0
719,1377563014,505.0
719,1377563019,504.0
719,1377563024,505.0
719,1377563029,495.0
719,1377563034,500.0
719,1377563039,493.0
719,1377563044,497.0
719,1377563049,491.0
719,1377563054,494.0
719,1377563059,491.0
719,1377563064,496.0
719,1377563069,491.0
719,1377563074,494.0
719,1377563079,496.0
719,1377563084,489.0
719,1377563089,494.0
719,1377563094,499.0
719,1377563099,494.0
719,1377563104,487.0
719,1377563109,487.0
719,1377563114,492.0
719,1377563119,488.0
719,1377563124,496.0
719,1377563129,493.0
719,1377563134,493.0
719,1377563139,500.0
719,1377563144,504.0
719,1377563149,502.0
719,1377563154,503.0
719,1377563159,503.0
719,1377563164,508.0
719,1377563169,508.0
719,1377563174,495.0
719,1377563179,512.0
719,1377563184,498.0
719,1377563189,494.0
719,1377563194,497.0
719,1377563199,502.0
719,1377563204,496.0
719,1377563209,494.0
719,1377563214,499.0
719,1377563219,502.0
719,1377563224,498.0
719,1377563229,494.0
719,1377563234,493.0
719,1377563239,487.0
719,1377563244,487.0
719,1377563249,479.0
719,1377563254,486.0
719,1377563259,482.0
719,1377563264,484.0
719,1377563269,484.0
719,1377563274,486.0
719,1377563279,494.0
719,1377563284,499.0
719,1377563289,493.0
719,1377563294,499.0
719,1377563299,499.0
719,1377563304,494.0
719,1377563309,499.0
719,1377563314,502.0
719,1377563319,496.0
719,1377563324,492.0
719,1377563329,488.0
719,1377563334,489.0
719,1377563339,494.0
719,1377563344,497.0
719,1377563349,499.0
719,1377563354,494.0
719,1377563359,502.0
719,1377563364,497.0
719,1377563369,499.0
719,1377563374,500.0
719,1377563379,494.0
719,1377563384,494.0
719,1377563389,498.0
719,1377563394,487.0
719,1377563399,494.0
719,1377563404,489.0
719,1377563409,494.0
719,1377563414,489.0
719,1377563419,496.0
719,1377563424,486.0
719,1377563429,496.0
719,1377563434,499.0
719,1377563439,497.0
719,1377563444,497.0
719,1377563449,493.0
719,1377563454,494.0
719,1377563459,491.0
719,1377563464,489.0
719,1377563469,492.0
719,1377563476,494.0
719,1377563479,494.0
719,1377563484,498.0
719,1377563489,499.0
719,1377563494,504.0
719,1377563499,499.0
719,1377563504,494.0
719,1377563509,502.0
719,1377563514,505.0
719,1377563519,497.0
719,1377563524,498.0
719,1377563529,492.0
719,1377563534,487.0
719,1377563539,486.0
719,1377563544,491.0
719,1377563549,494.0
719,1377563554,494.0
719,1377563559,497.0
719,1377563564,494.0
719,1377563569,492.0
719,1377563574,492.0
719,1377563579,497.0
719,1377563584,497.0
719,1377563589,494.0
719,1377563594,494.0
719,1377563599,492.0
719,1377563604,487.0
719,1377563609,492.0
719,1377563614,496.0
719,1377563619,497.0
719,1377563624,498.0
719,1377563629,497.0
719,1377563634,494.0
719,1377563639,497.0
719,1377563644,487.0
719,1377563649,486.0
719,1377563654,488.0
719,1377563659,486.0
719,1377563664,483.0
719,1377563669,488.0
719,1377563674,492.0
719,1377563679,487.0
719,1377563684,497.0
719,1377563689,497.0
719,1377563694,497.0
719,1377563699,499.0
719,1377563704,492.0
719,1377563709,489.0
719,1377563714,486.0
719,1377563719,479.0
719,1377563724,486.0
719,1377563729,487.0
719,1377563734,487.0
719,1377563739,489.0
719,1377563744,494.0
719,1377563749,486.0
719,1377563754,484.0
719,1377563759,483.0
719,1377563764,483.0
719,1377563769,489.0
719,1377563774,492.0
719,1377563779,497.0
719,1377563784,504.0
719,1377563789,503.0
719,1377563794,503.0
719,1377563799,504.0
719,1377563804,497.0
719,1377563809,496.0
719,1377563814,495.0
719,1377563819,489.0
719,1377563824,497.0
719,1377563829,487.0
719,1377563834,481.0
719,1377563839,484.0
719,1377563844,475.0
719,1377563849,486.0
719,1377563854,489.0
719,1377563859,496.0
719,1377563864,494.0
719,1377563869,494.0
719,1377563874,489.0
719,1377563879,486.0
719,1377563884,487.0
719,1377563889,492.0
719,1377563894,486.0
719,1377563899,489.0
719,1377563904,483.0
719,1377563909,479.0
719,1377563914,486.0
719,1377563919,492.0
719,1377563924,488.0
719,1377563929,477.0
719,1377563934,481.0
719,1377563939,477.0
719,1377563944,487.0
719,1377563949,499.0
719,1377563954,499.0
719,1377563959,497.0
719,1377563964,492.0
719,1377563969,489.0
719,1377563974,489.0
719,1377563979,487.0
719,1377563984,492.0
719,1377563989,491.0
719,1377563994,496.0
719,1377563999,492.0
719,1377564004,492.0
719,1377564009,497.0
719,1377564014,493.0
719,1377564019,493.0
719,1377564024,500.0
719,1377564029,497.0
719,1377564034,497.0
719,1377564039,489.0
719,1377564044,489.0
719,1377564049,477.0
719,1377564054,483.0
719,1377564059,477.0
719,1377564064,479.0
719,1377564069,486.0
719,1377564074,481.0
719,1377564079,488.0
719,1377564084,492.0
719,1377564089,494.0
719,1377564094,496.0
719,1377564099,487.0
719,1377564104,489.0
719,1377564109,494.0
719,1377564114,489.0
719,1377564119,492.0
719,1377564124,489.0
719,1377564129,492.0
719,1377564134,496.0
719,1377564139,492.0
719,1377564144,494.0
719,1377564149,486.0
719,1377564154,483.0
719,1377564159,475.0
719,1377564164,482.0
719,1377564169,488.0
719,1377564174,483.0
719,1377564179,483.0
719,1377564184,492.0
719,1377564189,496.0
719,1377564194,497.0
719,1377564199,489.0
719,1377564204,494.0
719,1377564209,488.0
719,1377564214,483.0
719,1377564219,475.0
719,1377564224,483.0
719,1377564229,477.0
719,1377564234,487.0
719,1377564239,492.0
719,1377564244,487.0
719,1377564249,489.0
719,1377564254,491.0
719,1377564259,483.0
719,1377564264,477.0
719,1377564269,486.0
719,1377564274,481.0
719,1377564279,475.0
719,1377564284,483.0
719,1377564289,477.0
719,1377564294,487.0
719,1377564299,492.0
719,1377564304,487.0
719,1377564309,483.0
719,1377564314,489.0
719,1377564319,475.0
719,1377564324,486.0
719,1377564329,477.0
719,1377564334,483.0
719,1377564339,483.0
719,1377564344,479.0
719,1377564349,479.0
719,1377564354,486.0
719,1377564359,479.0
719,1377564364,482.0
719,1377564369,483.0
719,1377564374,477.0
719,1377564379,483.0
719,1377564384,483.0
719,1377564389,486.0
719,1377564394,486.0
719,1377564399,483.0
719,1377564404,482.0
719,1377564409,477.0
719,1377564414,475.0
719,1377564419,486.0
719,1377564424,483.0
719,1377564429,492.0
719,1377564434,491.0
719,1377564439,497.0
719,1377564444,494.0
719,1377564449,492.0
719,1377564454,479.0
719,1377564459,477.0
719,1377564464,480.0
719,1377564469,480.0
719,1377564474,478.0
719,1377564479,476.0
719,1377564484,477.0
719,1377564489,479.0
719,1377564494,479.0
719,1377564499,483.0
719,1377564504,486.0
719,1377564509,483.0
719,1377564514,486.0
719,1377564519,470.0
719,1377564524,462.0
719,1377564529,467.0
719,1377564534,472.0
719,1377564539,470.0
719,1377564544,475.0
719,1377564549,483.0
719,1377564554,494.0
719,1377564559,486.0
719,1377564564,486.0
719,1377564569,476.0
719,1377564574,475.0
719,1377564579,471.0
719,1377564584,470.0
719,1377564589,472.0
719,1377564594,471.0
719,1377564599,471.0
719,1377564604,476.0
719,1377564609,478.0
719,1377564614,482.0
719,1377564619,486.0
719,1377564624,486.0
719,1377564629,475.0
719,1377564634,479.0
719,1377564639,483.0
719,1377564644,479.0
719,1377564649,477.0
719,1377564654,481.0
719,1377564659,488.0
719,1377564664,486.0
719,1377564669,486.0
719,1377564674,471.0
719,1377564679,486.0
719,1377564684,476.0
719,1377564689,481.0
719,1377564694,483.0
719,1377564699,494.0
719,1377564704,489.0
719,1377564709,495.0
719,1377564714,484.0
719,1377564719,477.0
719,1377564724,477.0
719,1377564729,482.0
719,1377564734,480.0
719,1377564739,477.0
719,1377564744,480.0
719,1377564749,482.0
719,1377564754,471.0
719,1377564759,480.0
719,1377564764,475.0
719,1377564769,475.0
719,1377564774,471.0
719,1377564779,477.0
719,1377564784,483.0
719,1377564789,482.0
719,1377564794,480.0
719,1377564799,477.0
719,1377564804,477.0
719,1377564809,476.0
719,1377564814,481.0
719,1377564819,486.0
719,1377564824,487.0
719,1377564829,497.0
719,1377564834,492.0
719,1377564839,492.0
719,1377564844,477.0
719,1377564849,477.0
719,1377564854,475.0
719,1377564859,494.0
719,1377564864,492.0
719,1377564869,492.0
719,1377564874,488.0
719,1377564879,484.0
719,1377564884,480.0
719,1377564889,477.0
719,1377564894,477.0
719,1377564899,483.0
719,1377564904,488.0
719,1377564909,488.0
719,1377564914,492.0
719,1377564919,489.0
719,1377564924,492.0
719,1377564929,489.0
719,1377564934,479.0
719,1377564939,477.0
719,1377564944,483.0
719,1377564949,479.0
719,1377564954,480.0
719,1377564959,484.0
719,1377564964,481.0
719,1377564969,476.0
719,1377564974,475.0
719,1377564979,475.0
719,1377564984,471.0
719,1377564989,472.0
719,1377564994,467.0
719,1377564999,472.0
719,1377565004,470.0
719,1377565009,467.0
719,1377565014,471.0
719,1377565019,471.0
719,1377565024,482.0
719,1377565029,476.0
719,1377565034,475.0
719,1377565039,472.0
719,1377565044,478.0
719,1377565049,461.0
719,1377565054,462.0
719,1377565059,462.0
719,1377565064,474.0
719,1377565069,471.0
719,1377565074,473.0
719,1377565079,471.0
719,1377565084,480.0
719,1377565089,471.0
719,1377565094,476.0
719,1377565101,476.0
719,1377565104,475.0
719,1377565109,473.0
719,1377565114,477.0
719,1377565119,475.0
719,1377565124,483.0
719,1377565129,477.0
719,1377565134,477.0
719,1377565139,476.0
719,1377565144,472.0
719,1377565149,472.0
719,1377565154,470.0
719,1377565159,461.0
719,1377565164,465.0
719,1377565169,467.0
719,1377565174,472.0
719,1377565179,471.0
719,1377565184,471.0
719,1377565189,475.0
719,1377565194,471.0
719,1377565199,486.0
719,1377565204,473.0
719,1377565209,471.0
719,1377565214,470.0
719,1377565219,465.0
719,1377565224,463.0
719,1377565229,470.0
719,1377565234,480.0
719,1377565239,477.0
719,1377565244,476.0
719,1377565249,476.0
719,1377565254,470.0
719,1377565259,472.0
719,1377565264,468.0
719,1377565269,465.0
719,1377565274,465.0
719,1377565279,461.0
719,1377565284,460.0
719,1377565289,462.0
719,1377565294,461.0
719,1377565299,467.0
719,1377565304,472.0
719,1377565309,482.0
719,1377565314,482.0
719,1377565319,480.0
719,1377565324,475.0
719,1377565329,475.0
719,1377565334,475.0
719,1377565339,475.0
719,1377565344,482.0
719,1377565349,482.0
719,1377565354,483.0
719,1377565359,482.0
719,1377565364,471.0
719,1377565369,470.0
719,1377565374,468.0
719,1377565379,462.0
719,1377565384,467.0
719,1377565389,471.0
719,1377565394,471.0
719,1377565399,472.0
719,1377565404,473.0
719,1377565409,470.0
719,1377565414,476.0
719,1377565419,475.0
719,1377565424,475.0
719,1377565429,471.0
719,1377565434,476.0
719,1377565439,480.0
719,1377565444,480.0
719,1377565449,486.0
719,1377565454,480.0
719,1377565459,477.0
719,1377565464,477.0
719,1377565469,475.0
719,1377565474,484.0
719,1377565479,478.0
719,1377565484,471.0
719,1377565489,470.0
719,1377565494,472.0
719,1377565499,467.0
719,1377565504,470.0
719,1377565509,470.0
719,1377565514,463.0
719,1377565519,463.0
719,1377565524,467.0
719,1377565529,473.0
719,1377565534,481.0
719,1377565539,477.0
719,1377565544,486.0
719,1377565549,475.0
719,1377565554,476.0
719,1377565559,473.0
719,1377565564,470.0
719,1377565569,462.0
719,1377565574,472.0
719,1377565579,470.0
719,1377565584,473.0
719,1377565589,473.0
719,1377565594,472.0
719,1377565599,467.0
719,1377565604,465.0
719,1377565609,473.0
719,1377565614,476.0
719,1377565619,471.0
719,1377565624,480.0
719,1377565629,471.0
719,1377565634,471.0
719,1377565639,476.0
719,1377565644,470.0
719,1377565649,472.0
719,1377565654,473.0
719,1377565659,467.0
719,1377565664,472.0
719,1377565669,473.0
719,1377565674,462.0
719,1377565679,470.0
719,1377565684,465.0
719,1377565689,462.0
719,1377565694,462.0
719,1377565699,461.0
719,1377565704,465.0
719,1377565709,465.0
719,1377565714,465.0
719,1377565719,462.0
719,1377565724,468.0
719,1377565729,471.0
719,1377565734,475.0
719,1377565739,482.0
719,1377565744,483.0
719,1377565749,476.0
719,1377565754,473.0
719,1377565759,462.0
719,1377565764,462.0
719,1377565769,466.0
719,1377565774,468.0
719,1377565779,468.0
719,1377565784,472.0
719,1377565789,471.0
719,1377565794,471.0
719,1377565799,472.0
719,1377565804,471.0
719,1377565809,482.0
719,1377565814,473.0
719,1377565819,471.0
719,1377565824,473.0
719,1377565829,476.0
719,1377565834,476.0
719,1377565839,476.0
719,1377565844,475.0
719,1377565849,473.0
719,1377565854,475.0
719,1377565859,470.0
719,1377565864,472.0
719,1377565869,470.0
719,1377565874,465.0
719,1377565879,472.0
719,1377565884,465.0
719,1377565889,467.0
719,1377565894,465.0
719,1377565899,467.0
719,1377565904,467.0
719,1377565909,465.0
719,1377565914,470.0
719,1377565919,467.0
719,1377565924,472.0
719,1377565933,476.0
719,1377565934,465.0
719,1377565939,461.0
719,1377565944,465.0
719,1377565949,465.0
719,1377565954,467.0
719,1377565959,480.0
719,1377565964,471.0
719,1377565969,471.0
719,1377565974,471.0
719,1377565979,473.0
719,1377565984,476.0
719,1377565989,476.0
719,1377565994,475.0
719,1377565999,480.0
719,1377566004,476.0
719,1377566009,473.0
719,1377566014,467.0
719,1377566019,467.0
719,1377566024,467.0
719,1377566029,473.0
719,1377566034,471.0
719,1377566039,476.0
719,1377566044,470.0
719,1377566049,470.0
719,1377566054,467.0
719,1377566059,465.0
719,1377566064,462.0
719,1377566069,470.0
719,1377566074,476.0
719,1377566079,470.0
719,1377566084,472.0
719,1377566089,464.0
719,1377566094,457.0
719,1377566099,462.0
719,1377566104,467.0
719,1377566109,473.0
719,1377566114,480.0
719,1377566119,475.0
719,1377566124,473.0
719,1377566129,470.0
719,1377566134,462.0
719,1377566139,460.0
719,1377566144,462.0
719,1377566149,461.0
719,1377566154,465.0
719,1377566159,465.0
719,1377566164,461.0
719,1377566169,461.0
719,1377566174,462.0
719,1377566179,461.0
719,1377566184,459.0
719,1377566189,462.0
719,1377566194,457.0
719,1377566199,459.0
719,1377566204,462.0
719,1377566209,472.0
719,1377566214,473.0
719,1377566219,476.0
719,1377566224,473.0
719,1377566229,473.0
719,1377566234,468.0
719,1377566239,465.0
719,1377566244,465.0
719,1377566249,455.0
719,1377566254,457.0
719,1377566259,464.0
719,1377566264,465.0
719,1377566269,463.0
719,1377566274,470.0
719,1377566279,480.0
719,1377566284,480.0
719,1377566289,476.0
719,1377566294,482.0
719,1377566299,473.0
719,1377566304,475.0
719,1377566309,472.0
719,1377566314,466.0
719,1377566319,462.0
719,1377566324,463.0
719,1377566329,472.0
719,1377566334,473.0
719,1377566339,463.0
719,1377566344,471.0
719,1377566349,470.0
719,1377566354,467.0
719,1377566359,471.0
719,1377566364,472.0
719,1377566369,467.0
719,1377566374,462.0
719,1377566379,465.0
719,1377566384,470.0
719,1377566389,468.0
719,1377566394,465.0
719,1377566399,465.0
719,1377566404,459.0
719,1377566409,457.0
719,1377566414,464.0
719,1377566419,462.0
719,1377566424,467.0
719,1377566429,473.0
719,1377566434,476.0
719,1377566439,471.0
719,1377566444,468.0
719,1377566449,470.0
719,1377566454,461.0
719,1377566459,461.0
719,1377566464,459.0
719,1377566469,461.0
719,1377566474,460.0
719,1377566479,465.0
719,1377566484,470.0
719,1377566489,468.0
719,1377566494,480.0
719,1377566499,472.0
719,1377566504,462.0
719,1377566509,465.0
719,1377566514,460.0
719,1377566519,465.0
719,1377566524,465.0
719,1377566529,467.0
719,1377566534,462.0
719,1377566539,468.0
719,1377566544,472.0
719,1377566549,473.0
719,1377566554,473.0
719,1377566559,467.0
719,1377566564,473.0
719,1377566569,463.0
719,1377566574,462.0
719,1377566579,455.0
719,1377566584,465.0
719,1377566589,461.0
719,1377566594,465.0
719,1377566599,463.0
719,1377566604,463.0
719,1377566609,461.0
719,1377566614,465.0
719,1377566619,464.0
719,1377566624,460.0
719,1377566629,457.0
719,1377566634,457.0
719,1377566639,460.0
719,1377566644,457.0
719,1377566649,460.0
719,1377566654,455.0
719,1377566659,462.0
719,1377566664,460.0
719,1377566669,462.0
719,1377566674,462.0
719,1377566679,465.0
719,1377566684,465.0
719,1377566689,465.0
719,1377566694,461.0
719,1377566699,466.0
719,1377566704,467.0
719,1377566709,462.0
719,1377566714,462.0
719,1377566719,457.0
719,1377566724,455.0
719,1377566729,460.0
719,1377566734,465.0
719,1377566739,459.0
719,1377566744,460.0
719,1377566749,454.0
719,1377566754,465.0
719,1377566759,465.0
719,1377566764,467.0
719,1377566769,472.0
719,1377566774,471.0
719,1377566779,471.0
719,1377566784,473.0
719,1377566789,473.0
719,1377566794,482.0
719,1377566799,475.0
719,1377566804,481.0
719,1377566809,473.0
719,1377566814,476.0
719,1377566819,465.0
719,1377566824,465.0
719,1377566829,462.0
719,1377566834,455.0
719,1377566839,465.0
719,1377566844,472.0
719,1377566849,461.0
719,1377566854,455.0
719,1377566859,459.0
719,1377566864,455.0
719,1377566869,466.0
719,1377566874,470.0
719,1377566879,467.0
719,1377566884,467.0
719,1377566889,465.0
719,1377566894,467.0
719,1377566899,468.0
719,1377566904,463.0
719,1377566909,467.0
719,1377566914,465.0
719,1377566919,460.0
719,1377566924,454.0
719,1377566929,457.0
719,1377566934,452.0
719,1377566939,456.0
719,1377566944,447.0
719,1377566949,451.0
719,1377566954,447.0
719,1377566959,449.0
719,1377566964,449.0
719,1377566969,462.0
719,1377566974,460.0
719,1377566979,460.0
719,1377566984,462.0
719,1377566989,452.0
719,1377566994,454.0
719,1377566999,443.0
719,1377567004,452.0
719,1377567009,460.0
719,1377567014,457.0
719,1377567019,460.0
719,1377567024,455.0
719,1377567029,456.0
719,1377567034,460.0
719,1377567039,460.0
719,1377567044,462.0
719,1377567049,462.0
719,1377567054,461.0
719,1377567059,460.0
719,1377567064,454.0
719,1377567069,457.0
719,1377567074,460.0
719,1377567079,459.0
719,1377567084,455.0
719,1377567089,451.0
719,1377567094,460.0
719,1377567099,447.0
719,1377567104,451.0
719,1377567109,454.0
719,1377567114,456.0
719,1377567119,451.0
719,1377567124,451.0
719,1377567129,447.0
719,1377567134,447.0
719,1377567139,451.0
719,1377567144,460.0
719,1377567149,467.0
719,1377567154,470.0
719,1377567159,471.0
719,1377567164,470.0
719,1377567169,463.0
719,1377567174,461.0
719,1377567179,465.0
719,1377567184,460.0
719,1377567189,455.0
719,1377567194,459.0
719,1377567199,460.0
719,1377567204,457.0
719,1377567209,447.0
719,1377567214,447.0
719,1377567219,460.0
719,1377567224,462.0
719,1377567229,460.0
719,1377567234,462.0
719,1377567239,465.0
719,1377567244,472.0
719,1377567249,473.0
719,1377567254,472.0
719,1377567259,467.0
719,1377567264,462.0
719,1377567269,457.0
719,1377567274,460.0
719,1377567279,454.0
719,1377567284,454.0
719,1377567289,460.0
719,1377567294,455.0
719,1377567299,451.0
719,1377567304,454.0
719,1377567309,454.0
719,1377567314,451.0
719,1377567319,455.0
719,1377567324,460.0
719,1377567329,455.0
719,1377567334,457.0
719,1377567339,454.0
719,1377567344,457.0
719,1377567349,454.0
719,1377567354,454.0
719,1377567359,460.0
719,1377567364,459.0
719,1377567369,467.0
719,1377567374,467.0
719,1377567379,468.0
719,1377567384,463.0
719,1377567389,465.0
719,1377567394,460.0
719,1377567399,455.0
719,1377567404,451.0
719,1377567409,454.0
719,1377567414,457.0
719,1377567419,457.0
719,1377567424,457.0
719,1377567429,460.0
719,1377567434,455.0
719,1377567439,461.0
719,1377567444,460.0
719,1377567449,470.0
719,1377567454,465.0
719,1377567459,465.0
719,1377567464,454.0
719,1377567469,451.0
719,1377567474,441.0
719,1377567479,439.0
719,1377567484,439.0
719,1377567489,443.0
719,1377567494,448.0
719,1377567499,439.0
719,1377567504,439.0
719,1377567509,448.0
719,1377567514,452.0
719,1377567519,450.0
719,1377567524,451.0
719,1377567529,450.0
719,1377567534,443.0
719,1377567539,447.0
719,1377567544,449.0
719,1377567549,439.0
719,1377567554,445.0
719,1377567559,444.0
719,1377567564,448.0
719,1377567569,448.0
719,1377567574,447.0
719,1377567579,452.0
719,1377567584,454.0
719,1377567589,449.0
719,1377567594,446.0
719,1377567599,439.0
719,1377567607,448.0
719,1377567609,443.0
719,1377567614,452.0
719,1377567619,454.0
719,1377567624,454.0
719,1377567629,455.0
719,1377567634,455.0
719,1377567639,447.0
719,1377567644,452.0
719,1377567649,462.0
719,1377567654,462.0
719,1377567659,462.0
719,1377567664,462.0
719,1377567669,465.0
719,1377567674,462.0
719,1377567679,465.0
719,1377567684,466.0
719,1377567689,465.0
719,1377567694,461.0
719,1377567699,457.0
719,1377567704,447.0
719,1377567709,452.0
719,1377567714,452.0
719,1377567719,462.0
719,1377567724,451.0
719,1377567729,457.0
719,1377567734,455.0
719,1377567739,460.0
719,1377567744,452.0
719,1377567749,452.0
719,1377567754,443.0
719,1377567759,444.0
719,1377567764,441.0
719,1377567769,443.0
719,1377567774,439.0
719,1377567779,448.0
719,1377567784,452.0
719,1377567789,454.0
719,1377567794,457.0
719,1377567799,462.0
719,1377567804,460.0
719,1377567809,456.0
719,1377567814,454.0
719,1377567819,448.0
719,1377567824,447.0
719,1377567829,445.0
719,1377567834,443.0
719,1377567839,447.0
719,1377567844,454.0
719,1377567849,450.0
719,1377567854,447.0
719,1377567859,452.0
719,1377567864,456.0
719,1377567869,459.0
719,1377567874,460.0
719,1377567879,457.0
719,1377567884,452.0
719,1377567889,452.0
719,1377567894,448.0
719,1377567899,443.0
719,1377567904,439.0
719,1377567909,439.0
719,1377567914,443.0
719,1377567919,444.0
719,1377567924,439.0
719,1377567929,454.0
719,1377567934,448.0
719,1377567939,452.0
719,1377567944,454.0
719,1377567949,454.0
719,1377567954,456.0
719,1377567959,456.0
719,1377567964,452.0
719,1377567969,460.0
719,1377567974,447.0
719,1377567979,454.0
719,1377567984,452.0
719,1377567989,447.0
719,1377567994,449.0
719,1377567999,452.0
719,1377568004,455.0
719,1377568009,457.0
719,1377568014,460.0
719,1377568019,460.0
719,1377568024,454.0
719,1377568029,456.0
719,1377568034,454.0
719,1377568039,450.0
719,1377568044,447.0
719,1377568049,443.0
719,1377568054,447.0
719,1377568059,447.0
719,1377568064,454.0
719,1377568069,447.0
719,1377568074,454.0
719,1377568079,452.0
719,1377568084,447.0
719,1377568089,447.0
719,1377568094,447.0
719,1377568099,454.0
719,1377568104,452.0
719,1377568109,443.0
719,1377568114,448.0
719,1377568119,438.0
719,1377568124,439.0
719,1377568129,443.0
719,1377568134,443.0
719,1377568139,443.0
719,1377568144,439.0
719,1377568149,439.0
719,1377568154,441.0
719,1377568159,440.0
719,1377568164,444.0
719,1377568169,444.0
719,1377568174,446.0
719,1377568179,450.0
719,1377568184,443.0
719,1377568189,456.0
719,1377568194,454.0
719,1377568199,451.0
719,1377568204,450.0
719,1377568209,449.0
719,1377568214,447.0
719,1377568219,449.0
719,1377568224,447.0
719,1377568229,443.0
719,1377568234,448.0
719,1377568239,446.0
719,1377568245,444.0
719,1377568249,439.0
719,1377568254,450.0
719,1377568259,454.0
719,1377568264,447.0
719,1377568269,452.0
719,1377568274,447.0
719,1377568279,455.0
719,1377568284,462.0
719,1377568289,457.0
719,1377568294,454.0
719,1377568299,443.0
719,1377568304,448.0
719,1377568309,441.0
719,1377568314,444.0
719,1377568319,443.0
719,1377568324,448.0
719,1377568329,447.0
719,1377568334,454.0
719,1377568339,456.0
719,1377568344,455.0
719,1377568349,455.0
719,1377568354,452.0
719,1377568359,450.0
719,1377568364,447.0
719,1377568369,446.0
719,1377568374,443.0
719,1377568379,447.0
719,1377568384,452.0
719,1377568389,449.0
719,1377568394,454.0
719,1377568399,449.0
719,1377568404,451.0
719,1377568409,454.0
719,1377568414,445.0
719,1377568419,443.0
719,1377568425,443.0
719,1377568429,443.0
719,1377568434,443.0
719,1377568439,447.0
719,1377568444,447.0
719,1377568449,447.0
719,1377568454,447.0
719,1377568459,462.0
719,1377568464,457.0
719,1377568469,460.0
719,1377568474,457.0
719,1377568479,447.0
719,1377568484,452.0
719,1377568489,443.0
719,1377568494,444.0
719,1377568499,443.0
719,1377568504,439.0
719,1377568509,439.0
719,1377568514,454.0
719,1377568519,454.0
719,1377568524,454.0
719,1377568529,454.0
719,1377568534,450.0
719,1377568539,444.0
719,1377568544,441.0
719,1377568549,439.0
719,1377568554,443.0
719,1377568559,444.0
719,1377568564,452.0
719,1377568569,439.0
719,1377568574,448.0
719,1377568579,448.0
719,1377568584,443.0
719,1377568589,449.0
719,1377568594,449.0
719,1377568599,450.0
719,1377568604,443.0
719,1377568609,443.0
719,1377568614,449.0
719,1377568619,445.0
719,1377568624,448.0
719,1377568629,446.0
719,1377568634,445.0
719,1377568639,441.0
719,1377568644,446.0
719,1377568649,443.0
719,1377568654,443.0
719,1377568659,448.0
719,1377568664,448.0
719,1377568669,441.0
719,1377568674,443.0
719,1377568679,454.0
719,1377568684,452.0
719,1377568689,452.0
719,1377568694,439.0
719,1377568699,441.0
719,1377568704,446.0
719,1377568709,448.0
719,1377568714,448.0
719,1377568719,443.0
719,1377568724,438.0
719,1377568729,441.0
719,1377568734,439.0
719,1377568739,441.0
719,1377568744,441.0
719,1377568749,435.0
719,1377568754,441.0
719,1377568759,446.0
719,1377568764,443.0
719,1377568769,452.0
719,1377568774,454.0
719,1377568779,462.0
719,1377568784,456.0
719,1377568789,449.0
719,1377568794,443.0
719,1377568799,452.0
719,1377568804,450.0
719,1377568809,450.0
719,1377568814,447.0
719,1377568819,448.0
719,1377568824,448.0
719,1377568829,441.0
719,1377568834,444.0
719,1377568839,446.0
719,1377568844,443.0
719,1377568849,439.0
719,1377568854,439.0
719,1377568859,452.0
719,1377568864,451.0
719,1377568869,455.0
719,1377568874,457.0
719,1377568879,451.0
719,1377568884,448.0
719,1377568889,448.0
719,1377568894,444.0
719,1377568899,444.0
719,1377568904,439.0
719,1377568909,443.0
719,1377568914,456.0
719,1377568919,456.0
719,1377568924,452.0
719,1377568929,452.0
719,1377568934,443.0
719,1377568939,454.0
719,1377568944,446.0
719,1377568949,448.0
719,1377568954,446.0
719,1377568959,441.0
719,1377568964,450.0
719,1377568969,448.0
719,1377568974,444.0
719,1377568979,444.0
719,1377568984,439.0
719,1377568989,448.0
719,1377568994,441.0
719,1377568999,441.0
719,1377569004,448.0
719,1377569009,448.0
719,1377569014,448.0
719,1377569019,454.0
719,1377569024,443.0
719,1377569029,443.0
719,1377569034,443.0
719,1377569039,448.0
719,1377569044,450.0
719,1377569049,441.0
719,1377569054,443.0
719,1377569059,439.0
719,1377569064,446.0
719,1377569069,441.0
719,1377569074,445.0
719,1377569079,444.0
719,1377569084,439.0
719,1377569089,448.0
719,1377569094,450.0
719,1377569099,448.0
719,1377569104,443.0
719,1377569109,446.0
719,1377569114,446.0
719,1377569119,439.0
719,1377569124,444.0
719,1377569129,439.0
719,1377569134,441.0
719,1377569139,441.0
719,1377569144,440.0
719,1377569149,438.0
719,1377569154,438.0
719,1377569159,444.0
719,1377569164,444.0
719,1377569169,443.0
719,1377569174,446.0
719,1377569179,443.0
719,1377569184,452.0
719,1377569189,443.0
719,1377569194,441.0
719,1377569199,446.0
719,1377569204,439.0
719,1377569209,443.0
719,1377569214,452.0
719,1377569219,447.0
719,1377569224,454.0
719,1377569232,451.0
719,1377569234,443.0
719,1377569239,444.0
719,1377569244,444.0
719,1377569249,444.0
719,1377569254,441.0
719,1377569259,439.0
719,1377569264,450.0
719,1377569269,448.0
719,1377569274,443.0
719,1377569279,439.0
719,1377569284,439.0
719,1377569289,439.0
719,1377569294,439.0
719,1377569299,448.0
719,1377569304,443.0
719,1377569309,450.0
719,1377569314,447.0
719,1377569319,454.0
719,1377569324,455.0
719,1377569329,455.0
719,1377569334,460.0
719,1377569339,443.0
719,1377569344,452.0
719,1377569349,441.0
719,1377569354,452.0
719,1377569359,446.0
719,1377569364,448.0
719,1377569369,439.0
719,1377569374,441.0
719,1377569379,436.0
719,1377569384,430.0
719,1377569389,430.0
719,1377569394,433.0
719,1377569399,430.0
719,1377569404,441.0
719,1377569409,441.0
719,1377569414,446.0
719,1377569419,446.0
719,1377569424,447.0
719,1377569429,447.0
719,1377569434,460.0
719,1377569439,459.0
719,1377569444,456.0
719,1377569449,451.0
719,1377569454,443.0
719,1377569459,448.0
719,1377569464,448.0
719,1377569469,450.0
719,1377569474,450.0
719,1377569479,451.0
719,1377569484,443.0
719,1377569489,454.0
719,1377569494,447.0
719,1377569499,447.0
719,1377569504,452.0
719,1377569509,447.0
719,1377569514,443.0
719,1377569519,448.0
719,1377569524,448.0
719,1377569529,443.0
719,1377569534,447.0
719,1377569539,443.0
719,1377569544,448.0
719,1377569549,445.0
719,1377569554,448.0
719,1377569559,448.0
719,1377569564,452.0
719,1377569569,444.0
719,1377569574,441.0
719,1377569579,434.0
719,1377569584,430.0
719,1377569589,432.0
719,1377569594,429.0
719,1377569599,429.0
719,1377569604,435.0
719,1377569609,435.0
719,1377569614,446.0
719,1377569619,444.0
719,1377569624,440.0
719,1377569629,441.0
719,1377569634,435.0
719,1377569639,436.0
719,1377569644,446.0
719,1377569649,446.0
719,1377569654,441.0
719,1377569659,444.0
719,1377569664,444.0
719,1377569669,440.0
719,1377569674,430.0
719,1377569679,433.0
719,1377569684,429.0
719,1377569689,433.0
719,1377569694,441.0
719,1377569699,448.0
719,1377569704,447.0
719,1377569709,447.0
719,1377569714,447.0
719,1377569719,452.0
719,1377569724,448.0
719,1377569729,452.0
719,1377569734,448.0
719,1377569739,446.0
719,1377569744,444.0
719,1377569749,435.0
719,1377569754,433.0
719,1377569759,430.0
719,1377569764,433.0
719,1377569769,429.0
719,1377569774,429.0
719,1377569779,432.0
719,1377569784,427.0
719,1377569789,433.0
719,1377569794,430.0
719,1377569799,435.0
719,1377569804,440.0
719,1377569809,444.0
719,1377569814,439.0
719,1377569819,446.0
719,1377569824,445.0
719,1377569829,454.0
719,1377569834,452.0
719,1377569839,444.0
719,1377569844,443.0
719,1377569849,439.0
719,1377569854,454.0
719,1377569859,443.0
719,1377569864,439.0
719,1377569869,439.0
719,1377569874,439.0
719,1377569879,439.0
719,1377569884,448.0
719,1377569889,446.0
719,1377569894,444.0
719,1377569899,440.0
719,1377569904,430.0
719,1377569909,429.0
719,1377569914,433.0
719,1377569919,433.0
719,1377569924,436.0
719,1377569929,440.0
719,1377569934,441.0
719,1377569939,443.0
719,1377569944,443.0
719,1377569949,445.0
719,1377569954,450.0
719,1377569959,445.0
719,1377569964,452.0
719,1377569969,452.0
719,1377569974,447.0
719,1377569979,448.0
719,1377569984,443.0
719,1377569989,439.0
719,1377569994,431.0
719,1377569999,433.0
719,1377570004,428.0
719,1377570009,432.0
719,1377570014,434.0
719,1377570019,436.0
719,1377570024,444.0
719,1377570029,443.0
719,1377570034,439.0
719,1377570039,446.0
719,1377570044,443.0
719,1377570049,444.0
719,1377570054,441.0
719,1377570059,444.0
719,1377570064,441.0
719,1377570069,438.0
719,1377570074,439.0
719,1377570079,435.0
719,1377570084,448.0
719,1377570089,448.0
719,1377570094,454.0
719,1377570100,454.0
719,1377570104,456.0
719,1377570109,447.0
719,1377570114,454.0
719,1377570119,448.0
719,1377570124,439.0
719,1377570129,441.0
719,1377570134,446.0
719,1377570139,439.0
719,1377570144,435.0
719,1377570149,433.0
719,1377570154,430.0
719,1377570159,435.0
719,1377570164,440.0
719,1377570169,444.0
719,1377570174,454.0
719,1377570179,443.0
719,1377570184,441.0
719,1377570189,441.0
719,1377570194,436.0
719,1377570199,439.0
719,1377570204,438.0
719,1377570209,441.0
719,1377570214,441.0
719,1377570219,439.0
719,1377570224,436.0
719,1377570229,433.0
719,1377570234,429.0
719,1377570239,431.0
719,1377570244,435.0
719,1377570249,440.0
719,1377570254,440.0
719,1377570259,440.0
719,1377570264,439.0
719,1377570269,436.0
719,1377570274,436.0
719,1377570279,435.0
719,1377570284,436.0
719,1377570289,429.0
719,1377570294,430.0
719,1377570299,438.0
719,1377570304,435.0
719,1377570309,436.0
719,1377570314,436.0
719,1377570319,435.0
719,1377570324,430.0
719,1377570329,429.0
719,1377570334,438.0
719,1377570339,433.0
719,1377570344,433.0
719,1377570349,435.0
719,1377570354,441.0
719,1377570359,439.0
719,1377570364,438.0
719,1377570369,430.0
719,1377570374,430.0
719,1377570379,432.0
719,1377570384,432.0
719,1377570389,430.0
719,1377570394,429.0
719,1377570399,438.0
719,1377570404,436.0
719,1377570409,435.0
719,1377570414,431.0
719,1377570419,433.0
719,1377570424,429.0
719,1377570429,432.0
719,1377570434,423.0
719,1377570439,427.0
719,1377570444,427.0
719,1377570449,429.0
719,1377570454,430.0
719,1377570459,430.0
719,1377570464,430.0
719,1377570469,428.0
719,1377570474,422.0
719,1377570479,428.0
719,1377570484,433.0
719,1377570489,434.0
719,1377570494,429.0
719,1377570499,427.0
719,1377570504,423.0
719,1377570509,430.0
719,1377570514,433.0
719,1377570519,436.0
719,1377570524,435.0
719,1377570529,430.0
719,1377570534,430.0
719,1377570539,427.0
719,1377570544,425.0
719,1377570549,423.0
719,1377570554,425.0
719,1377570559,430.0
719,1377570564,429.0
719,1377570569,433.0
719,1377570574,433.0
719,1377570579,433.0
719,1377570584,439.0
719,1377570589,439.0
719,1377570594,439.0
719,1377570599,433.0
719,1377570604,435.0
719,1377570609,422.0
719,1377570614,424.0
719,1377570619,424.0
719,1377570624,428.0
719,1377570629,424.0
719,1377570634,420.0
719,1377570639,422.0
719,1377570644,422.0
719,1377570649,423.0
719,1377570654,430.0
719,1377570659,429.0
719,1377570664,430.0
719,1377570669,429.0
719,1377570674,438.0
719,1377570679,428.0
719,1377570684,425.0
719,1377570689,423.0
719,1377570694,424.0
719,1377570699,423.0
719,1377570704,422.0
719,1377570709,428.0
719,1377570714,425.0
719,1377570719,425.0
719,1377570724,424.0
719,1377570729,420.0
719,1377570734,417.0
719,1377570739,411.0
719,1377570744,422.0
719,1377570749,413.0
719,1377570754,415.0
719,1377570759,413.0
719,1377570764,419.0
719,1377570769,423.0
719,1377570774,430.0
719,1377570779,429.0
719,1377570784,432.0
719,1377570789,425.0
719,1377570794,430.0
719,1377570799,419.0
719,1377570804,422.0
719,1377570809,425.0
719,1377570814,427.0
719,1377570819,432.0
719,1377570824,433.0
719,1377570829,428.0
719,1377570834,424.0
719,1377570839,417.0
719,1377570844,413.0
719,1377570849,413.0
719,1377570854,422.0
719,1377570859,413.0
719,1377570864,424.0
719,1377570869,424.0
719,1377570874,425.0
719,1377570879,423.0
719,1377570884,423.0
719,1377570889,423.0
719,1377570894,428.0
719,1377570899,425.0
719,1377570904,425.0
719,1377570909,427.0
719,1377570914,428.0
719,1377570919,432.0
719,1377570924,427.0
719,1377570929,428.0
719,1377570934,422.0
719,1377570939,419.0
719,1377570944,418.0
719,1377570949,419.0
719,1377570954,430.0
719,1377570959,430.0
719,1377570964,428.0
719,1377570969,428.0
719,1377570974,422.0
719,1377570980,419.0
719,1377570984,418.0
719,1377570989,413.0
719,1377570994,413.0
719,1377570999,419.0
719,1377571004,422.0
719,1377571009,417.0
719,1377571014,422.0
719,1377571019,417.0
719,1377571024,413.0
719,1377571029,418.0
719,1377571034,412.0
719,1377571039,412.0
719,1377571044,412.0
719,1377571049,406.0
719,1377571054,412.0
719,1377571059,412.0
719,1377571064,409.0
719,1377571069,412.0
719,1377571074,407.0
719,1377571079,413.0
719,1377571084,422.0
719,1377571089,416.0
719,1377571094,413.0
719,1377571099,419.0
719,1377571104,415.0
719,1377571109,422.0
719,1377571114,413.0
719,1377571119,413.0
719,1377571124,409.0
719,1377571129,412.0
719,1377571134,409.0
719,1377571139,412.0
719,1377571144,412.0
719,1377571149,409.0
719,1377571154,413.0
719,1377571159,422.0
719,1377571164,419.0
719,1377571169,422.0
719,1377571174,413.0
719,1377571179,409.0
719,1377571184,409.0
719,1377571189,414.0
719,1377571194,418.0
719,1377571199,411.0
719,1377571204,412.0
719,1377571209,417.0
719,1377571214,411.0
719,1377571219,418.0
719,1377571224,424.0
719,1377571229,424.0
719,1377571234,411.0
719,1377571239,417.0
719,1377571244,407.0
719,1377571249,409.0
719,1377571254,412.0
719,1377571259,409.0
719,1377571264,414.0
719,1377571269,409.0
719,1377571274,407.0
719,1377571279,411.0
719,1377571284,411.0
719,1377571289,420.0
719,1377571294,424.0
719,1377571299,419.0
719,1377571304,422.0
719,1377571309,418.0
719,1377571314,412.0
719,1377571319,406.0
719,1377571324,408.0
719,1377571329,403.0
719,1377571334,403.0
719,1377571339,406.0
719,1377571344,406.0
719,1377571349,412.0
719,1377571354,419.0
719,1377571359,419.0
719,1377571364,423.0
719,1377571369,424.0
719,1377571374,419.0
719,1377571379,428.0
719,1377571384,430.0
719,1377571389,423.0
719,1377571394,423.0
719,1377571399,419.0
719,1377571404,419.0
719,1377571409,411.0
719,1377571414,412.0
719,1377571419,407.0
719,1377571424,406.0
719,1377571429,408.0
719,1377571434,408.0
719,1377571439,411.0
719,1377571444,418.0
719,1377571449,413.0
719,1377571454,418.0
719,1377571459,419.0
719,1377571464,407.0
719,1377571469,411.0
719,1377571474,403.0
719,1377571479,403.0
719,1377571484,404.0
719,1377571489,416.0
719,1377571494,412.0
719,1377571499,414.0
719,1377571504,412.0
719,1377571509,412.0
719,1377571514,412.0
719,1377571519,411.0
719,1377571524,412.0
719,1377571529,407.0
719,1377571534,409.0
719,1377571539,412.0
719,1377571544,407.0
719,1377571549,408.0
719,1377571554,406.0
719,1377571559,408.0
719,1377571564,411.0
719,1377571569,417.0
719,1377571574,416.0
719,1377571579,413.0
719,1377571584,422.0
719,1377571589,418.0
719,1377571594,413.0
719,1377571599,407.0
719,1377571604,418.0
719,1377571609,412.0
719,1377571614,419.0
719,1377571619,411.0
719,1377571624,414.0
719,1377571629,409.0
719,1377571634,406.0
719,1377571639,403.0
719,1377571644,403.0
719,1377571649,406.0
719,1377571654,407.0
719,1377571659,411.0
719,1377571664,414.0
719,1377571669,407.0
719,1377571674,407.0
719,1377571679,412.0
719,1377571684,412.0
719,1377571689,411.0
719,1377571694,407.0
719,1377571699,407.0
719,1377571704,412.0
719,1377571709,409.0
719,1377571714,412.0
719,1377571719,409.0
719,1377571724,407.0
719,1377571729,412.0
719,1377571734,409.0
719,1377571739,414.0
719,1377571744,411.0
719,1377571749,416.0
719,1377571754,413.0
719,1377571759,419.0
719,1377571764,413.0
719,1377571769,420.0
719,1377571774,419.0
719,1377571779,417.0
719,1377571784,418.0
719,1377571789,411.0
719,1377571794,412.0
719,1377571799,407.0
719,1377571804,412.0
719,1377571809,405.0
719,1377571814,406.0
719,1377571819,408.0
719,1377571824,418.0
719,1377571831,407.0
719,1377571834,412.0
719,1377571839,409.0
719,1377571844,407.0
719,1377571849,407.0
719,1377571854,407.0
719,1377571859,409.0
719,1377571864,422.0
719,1377571869,417.0
719,1377571874,411.0
719,1377571879,411.0
719,1377571884,417.0
719,1377571889,417.0
719,1377571894,416.0
719,1377571899,413.0
719,1377571904,419.0
719,1377571909,422.0
719,1377571914,422.0
719,1377571919,416.0
719,1377571924,409.0
719,1377571929,409.0
719,1377571934,406.0
719,1377571939,403.0
719,1377571944,407.0
719,1377571949,406.0
719,1377571954,409.0
719,1377571959,407.0
719,1377571964,399.0
719,1377571969,403.0
719,1377571974,406.0
719,1377571979,406.0
719,1377571984,402.0
719,1377571989,401.0
719,1377571994,391.0
719,1377571999,398.0
719,1377572004,408.0
719,1377572009,412.0
719,1377572014,416.0
719,1377572019,418.0
719,1377572024,416.0
719,1377572029,411.0
719,1377572034,409.0
719,1377572039,403.0
719,1377572044,403.0
719,1377572049,406.0
719,1377572054,407.0
719,1377572059,412.0
719,1377572064,407.0
719,1377572069,404.0
719,1377572074,408.0
719,1377572079,406.0
719,1377572084,407.0
719,1377572089,416.0
719,1377572094,419.0
719,1377572099,411.0
719,1377572104,416.0
719,1377572109,412.0
719,1377572114,412.0
719,1377572119,412.0
719,1377572124,412.0
719,1377572129,409.0
719,1377572134,409.0
719,1377572139,407.0
719,1377572144,407.0
719,1377572149,408.0
719,1377572154,403.0
719,1377572159,406.0
719,1377572164,403.0
719,1377572169,401.0
719,1377572174,402.0
719,1377572179,397.0
719,1377572184,408.0
719,1377572189,408.0
719,1377572194,416.0
719,1377572199,409.0
719,1377572204,403.0
719,1377572209,408.0
719,1377572214,406.0
719,1377572219,403.0
719,1377572224,404.0
719,1377572229,406.0
719,1377572234,401.0
719,1377572239,403.0
719,1377572244,398.0
719,1377572249,402.0
719,1377572254,408.0
719,1377572259,407.0
719,1377572264,416.0
719,1377572269,418.0
719,1377572274,412.0
719,1377572279,407.0
719,1377572284,407.0
719,1377572289,407.0
719,1377572294,409.0
719,1377572299,407.0
719,1377572304,408.0
719,1377572309,401.0
719,1377572314,403.0
719,1377572319,404.0
719,1377572324,403.0
719,1377572329,406.0
719,1377572334,408.0
719,1377572339,403.0
719,1377572344,407.0
719,1377572349,408.0
719,1377572354,409.0
719,1377572359,412.0
719,1377572364,407.0
719,1377572369,407.0
719,1377572374,410.0
719,1377572379,409.0
719,1377572384,403.0
719,1377572389,401.0
719,1377572394,401.0
719,1377572399,401.0
719,1377572404,404.0
719,1377572409,402.0
719,1377572414,401.0
719,1377572419,399.0
719,1377572424,403.0
719,1377572429,404.0
719,1377572434,402.0
719,1377572439,401.0
719,1377572444,406.0
719,1377572449,403.0
719,1377572454,403.0
719,1377572459,408.0
719,1377572464,401.0
719,1377572469,402.0
719,1377572474,400.0
719,1377572479,400.0
719,1377572484,406.0
719,1377572489,403.0
719,1377572494,404.0
719,1377572499,404.0
719,1377572504,406.0
719,1377572509,412.0
719,1377572514,409.0
719,1377572519,407.0
719,1377572524,407.0
719,1377572529,412.0
719,1377572534,407.0
719,1377572539,404.0
719,1377572544,401.0
719,1377572549,391.0
719,1377572554,398.0
719,1377572559,396.0
719,1377572564,393.0
719,1377572569,391.0
719,1377572574,391.0
719,1377572579,391.0
719,1377572584,396.0
719,1377572589,396.0
719,1377572594,398.0
719,1377572599,403.0
719,1377572604,398.0
719,1377572609,398.0
719,1377572614,398.0
719,1377572619,398.0
719,1377572624,401.0
719,1377572629,398.0
719,1377572634,404.0
719,1377572639,412.0
719,1377572644,408.0
719,1377572649,408.0
719,1377572654,403.0
719,1377572659,408.0
719,1377572664,408.0
719,1377572669,407.0
719,1377572674,407.0
719,1377572679,407.0
719,1377572684,412.0
719,1377572689,406.0
719,1377572694,398.0
719,1377572699,398.0
719,1377572704,391.0
719,1377572709,397.0
719,1377572714,403.0
719,1377572719,412.0
719,1377572728,416.0
719,1377572729,415.0
719,1377572734,418.0
719,1377572739,418.0
719,1377572744,403.0
719,1377572749,403.0
719,1377572754,396.0
719,1377572759,398.0
719,1377572764,402.0
719,1377572769,401.0
719,1377572774,397.0
719,1377572779,401.0
719,1377572784,398.0
719,1377572789,401.0
719,1377572794,397.0
719,1377572799,396.0
719,1377572804,391.0
719,1377572809,397.0
719,1377572814,406.0
719,1377572819,406.0
719,1377572824,406.0
719,1377572829,398.0
719,1377572834,406.0
719,1377572839,406.0
719,1377572844,406.0
719,1377572849,404.0
719,1377572854,403.0
719,1377572859,401.0
719,1377572864,398.0
719,1377572869,401.0
719,1377572874,404.0
719,1377572879,406.0
719,1377572884,406.0
719,1377572889,403.0
719,1377572894,398.0
719,1377572899,406.0
719,1377572904,399.0
719,1377572909,398.0
719,1377572914,401.0
719,1377572919,391.0
719,1377572924,396.0
719,1377572929,396.0
719,1377572934,387.0
719,1377572939,393.0
719,1377572944,392.0
719,1377572949,398.0
719,1377572954,400.0
719,1377572959,403.0
719,1377572964,398.0
719,1377572969,398.0
719,1377572974,398.0
719,1377572979,393.0
719,1377572984,391.0
719,1377572989,391.0
719,1377572994,398.0
719,1377572999,391.0
719,1377573004,396.0
719,1377573009,398.0
719,1377573014,402.0
719,1377573019,397.0
719,1377573024,402.0
719,1377573029,407.0
719,1377573034,407.0
719,1377573039,407.0
719,1377573044,409.0
719,1377573049,408.0
719,1377573054,407.0
719,1377573059,403.0
719,1377573064,403.0
719,1377573069,401.0
719,1377573074,404.0
719,1377573079,403.0
719,1377573084,399.0
719,1377573089,401.0
719,1377573094,406.0
719,1377573099,401.0
719,1377573104,406.0
719,1377573109,398.0
719,1377573114,403.0
719,1377573119,408.0
719,1377573124,412.0
719,1377573129,409.0
719,1377573134,407.0
719,1377573139,412.0
719,1377573144,408.0
719,1377573149,408.0
719,1377573154,403.0
719,1377573159,403.0
719,1377573164,401.0
719,1377573169,401.0
719,1377573174,398.0
719,1377573179,397.0
719,1377573184,398.0
719,1377573189,401.0
719,1377573194,398.0
719,1377573199,408.0
719,1377573204,407.0
719,1377573209,416.0
719,1377573214,418.0
719,1377573219,413.0
719,1377573224,409.0
719,1377573229,409.0
719,1377573234,409.0
719,1377573239,409.0
719,1377573244,407.0
719,1377573249,407.0
719,1377573254,407.0
719,1377573259,403.0
719,1377573264,403.0
719,1377573269,395.0
719,1377573274,395.0
719,1377573279,398.0
719,1377573284,398.0
719,1377573289,398.0
719,1377573294,406.0
719,1377573299,406.0
719,1377573304,416.0
719,1377573309,408.0
719,1377573314,407.0
719,1377573319,409.0
719,1377573324,420.0
719,1377573329,406.0
719,1377573334,398.0
719,1377573339,398.0
719,1377573344,398.0
719,1377573349,391.0
719,1377573354,398.0
719,1377573359,393.0
719,1377573364,400.0
719,1377573369,401.0
719,1377573374,395.0
719,1377573379,398.0
719,1377573384,404.0
719,1377573389,409.0
719,1377573394,411.0
719,1377573399,412.0
719,1377573404,409.0
719,1377573409,407.0
719,1377573414,406.0
719,1377573419,403.0
719,1377573424,403.0
719,1377573429,405.0
719,1377573434,403.0
719,1377573439,398.0
719,1377573444,397.0
719,1377573449,396.0
719,1377573454,396.0
719,1377573459,398.0
719,1377573464,403.0
719,1377573469,404.0
719,1377573474,406.0
719,1377573479,403.0
719,1377573484,403.0
719,1377573489,401.0
719,1377573494,403.0
719,1377573499,407.0
719,1377573504,409.0
719,1377573509,413.0
719,1377573514,409.0
719,1377573519,412.0
719,1377573524,407.0
719,1377573529,407.0
719,1377573534,409.0
719,1377573539,408.0
719,1377573544,403.0
719,1377573549,391.0
719,1377573559,383.0
719,1377573564,388.0
719,1377573569,390.0
719,1377573574,392.0
719,1377573579,391.0
719,1377573584,396.0
719,1377573589,396.0
719,1377573594,396.0
719,1377573599,401.0
719,1377573604,401.0
719,1377573609,397.0
719,1377573614,398.0
719,1377573619,391.0
719,1377573624,391.0
719,1377573629,396.0
719,1377573634,392.0
719,1377573639,396.0
719,1377573644,397.0
719,1377573649,397.0
719,1377573654,401.0
719,1377573659,396.0
719,1377573664,396.0
719,1377573669,395.0
719,1377573674,398.0
719,1377573679,397.0
719,1377573684,398.0
719,1377573689,400.0
719,1377573694,401.0
719,1377573699,403.0
719,1377573704,407.0
719,1377573709,409.0
719,1377573714,408.0
719,1377573719,412.0
719,1377573724,404.0
719,1377573729,405.0
719,1377573734,398.0
719,1377573739,401.0
719,1377573744,393.0
719,1377573749,398.0
719,1377573754,391.0
719,1377573759,390.0
719,1377573764,391.0
719,1377573769,391.0
719,1377573774,391.0
719,1377573779,396.0
719,1377573784,391.0
719,1377573789,392.0
719,1377573794,383.0
719,1377573799,383.0
719,1377573804,392.0
719,1377573809,398.0
719,1377573814,404.0
719,1377573819,408.0
719,1377573824,408.0
719,1377573829,409.0
719,1377573834,408.0
719,1377573839,403.0
719,1377573844,397.0
719,1377573849,398.0
719,1377573854,398.0
719,1377573859,392.0
719,1377573864,383.0
719,1377573869,385.0
719,1377573874,396.0
719,1377573879,393.0
719,1377573884,396.0
719,1377573889,401.0
719,1377573894,402.0
719,1377573899,403.0
719,1377573904,406.0
719,1377573909,408.0
719,1377573914,404.0
719,1377573919,403.0
719,1377573924,400.0
719,1377573929,396.0
719,1377573934,393.0
719,1377573939,396.0
719,1377573944,398.0
719,1377573949,397.0
719,1377573954,398.0
719,1377573959,396.0
719,1377573964,393.0
719,1377573969,396.0
719,1377573974,391.0
719,1377573979,406.0
719,1377573984,402.0
719,1377573989,401.0
719,1377573994,397.0
719,1377573999,398.0
719,1377574004,398.0
719,1377574009,395.0
719,1377574014,398.0
719,1377574019,396.0
719,1377574024,396.0
719,1377574029,398.0
719,1377574034,401.0
719,1377574039,401.0
719,1377574044,391.0
719,1377574049,393.0
719,1377574054,398.0
719,1377574059,396.0
719,1377574064,393.0
719,1377574069,398.0
719,1377574074,401.0
719,1377574079,397.0
719,1377574084,404.0
719,1377574089,403.0
719,1377574094,403.0
719,1377574099,401.0
719,1377574104,403.0
719,1377574109,404.0
719,1377574114,403.0
719,1377574119,407.0
719,1377574124,412.0
719,1377574129,403.0
719,1377574134,403.0
719,1377574139,403.0
719,1377574144,401.0
719,1377574149,403.0
719,1377574154,403.0
719,1377574159,403.0
719,1377574164,402.0
719,1377574169,403.0
719,1377574174,403.0
719,1377574179,401.0
719,1377574184,403.0
719,1377574189,403.0
719,1377574194,408.0
719,1377574199,406.0
719,1377574205,403.0
719,1377574209,408.0
719,1377574214,403.0
719,1377574219,402.0
719,1377574224,401.0
719,1377574229,401.0
719,1377574234,395.0
719,1377574239,401.0
719,1377574244,395.0
719,1377574249,397.0
719,1377574254,393.0
719,1377574259,396.0
719,1377574264,396.0
719,1377574269,398.0
719,1377574274,396.0
719,1377574279,403.0
719,1377574284,407.0
719,1377574289,409.0
719,1377574294,408.0
719,1377574299,406.0
719,1377574304,407.0
719,1377574309,409.0
719,1377574314,406.0
719,1377574319,401.0
719,1377574324,401.0
719,1377574329,395.0
719,1377574334,401.0
719,1377574339,397.0
719,1377574344,399.0
719,1377574349,403.0
719,1377574354,406.0
719,1377574359,407.0
719,1377574364,408.0
719,1377574369,401.0
719,1377574374,403.0
719,1377574380,391.0
719,1377574384,396.0
719,1377574389,396.0
719,1377574394,401.0
719,1377574399,403.0
719,1377574404,403.0
719,1377574409,404.0
719,1377574414,403.0
719,1377574419,412.0
719,1377574424,416.0
719,1377574429,403.0
719,1377574434,406.0
719,1377574439,401.0
719,1377574444,401.0
719,1377574449,406.0
719,1377574454,406.0
719,1377574459,404.0
719,1377574464,401.0
719,1377574469,401.0
719,1377574474,401.0
719,1377574479,407.0
719,1377574484,412.0
719,1377574489,412.0
719,1377574494,410.0
719,1377574499,418.0
719,1377574504,406.0
719,1377574509,395.0
719,1377574514,398.0
719,1377574519,396.0
719,1377574524,396.0
719,1377574529,396.0
719,1377574534,398.0
719,1377574539,401.0
719,1377574544,397.0
719,1377574549,401.0
719,1377574554,403.0
719,1377574559,401.0
719,1377574564,397.0
719,1377574569,400.0
719,1377574574,401.0
719,1377574579,396.0
719,1377574584,395.0
719,1377574589,390.0
719,1377574594,391.0
719,1377574599,391.0
719,1377574604,390.0
719,1377574609,398.0
719,1377574614,406.0
719,1377574619,396.0
719,1377574624,398.0
719,1377574629,396.0
719,1377574634,391.0
719,1377574639,398.0
719,1377574644,398.0
719,1377574649,400.0
719,1377574654,396.0
719,1377574659,404.0
719,1377574664,404.0
719,1377574669,401.0
719,1377574674,401.0
719,1377574679,397.0
719,1377574684,398.0
719,1377574689,391.0
719,1377574694,391.0
719,1377574699,391.0
719,1377574704,391.0
719,1377574709,398.0
719,1377574714,396.0
719,1377574719,393.0
719,1377574724,391.0
719,1377574729,396.0
719,1377574734,395.0
719,1377574739,403.0
719,1377574744,404.0
719,1377574749,412.0
719,1377574754,407.0
719,1377574759,407.0
719,1377574764,406.0
719,1377574769,408.0
719,1377574774,404.0
719,1377574779,399.0
719,1377574784,397.0
719,1377574789,396.0
719,1377574794,398.0
719,1377574799,398.0
719,1377574804,397.0
719,1377574809,401.0
719,1377574814,402.0
719,1377574819,397.0
719,1377574824,403.0
719,1377574829,401.0
719,1377574834,403.0
719,1377574839,406.0
719,1377574844,409.0
719,1377574849,407.0
719,1377574854,407.0
719,1377574859,414.0
719,1377574864,408.0
719,1377574869,398.0
719,1377574874,398.0
719,1377574879,393.0
719,1377574884,397.0
719,1377574889,402.0
719,1377574894,401.0
719,1377574899,401.0
719,1377574904,397.0
719,1377574909,398.0
719,1377574914,399.0
719,1377574919,406.0
719,1377574924,408.0
719,1377574929,412.0
719,1377574934,403.0
719,1377574939,403.0
719,1377574944,400.0
719,1377574949,391.0
719,1377574954,391.0
719,1377574959,391.0
719,1377574964,392.0
719,1377574969,390.0
719,1377574974,398.0
719,1377574979,398.0
719,1377574984,401.0
719,1377574989,408.0
719,1377574994,406.0
719,1377574999,406.0
719,1377575004,398.0
719,1377575009,401.0
719,1377575014,403.0
719,1377575019,414.0
719,1377575024,409.0
719,1377575029,412.0
719,1377575034,407.0
719,1377575039,403.0
719,1377575044,401.0
719,1377575049,393.0
719,1377575054,393.0
719,1377575059,396.0
719,1377575064,393.0
719,1377575069,396.0
719,1377575074,398.0
719,1377575079,391.0
719,1377575084,395.0
719,1377575089,398.0
719,1377575094,395.0
719,1377575099,391.0
719,1377575104,400.0
719,1377575109,396.0
719,1377575114,393.0
719,1377575119,388.0
719,1377575124,390.0
719,1377575129,396.0
719,1377575134,401.0
719,1377575139,403.0
719,1377575144,397.0
719,1377575149,398.0
719,1377575154,391.0
719,1377575159,391.0
719,1377575164,395.0
719,1377575169,396.0
719,1377575174,404.0
719,1377575179,406.0
719,1377575184,406.0
719,1377575194,406.0
719,1377575199,403.0
719,1377575204,401.0
719,1377575209,404.0
719,1377575214,403.0
719,1377575219,403.0
719,1377575224,397.0
719,1377575229,403.0
719,1377575234,391.0
719,1377575239,396.0
719,1377575244,395.0
719,1377575249,398.0
719,1377575254,396.0
719,1377575259,398.0
719,1377575264,406.0
719,1377575269,412.0
719,1377575274,416.0
719,1377575279,412.0
719,1377575284,411.0
719,1377575289,412.0
719,1377575294,403.0
719,1377575299,402.0
719,1377575304,398.0
719,1377575309,401.0
719,1377575314,401.0
719,1377575319,403.0
719,1377575324,403.0
719,1377575329,402.0
719,1377575334,398.0
719,1377575339,396.0
719,1377575344,393.0
719,1377575349,391.0
719,1377575354,397.0
719,1377575359,408.0
719,1377575364,409.0
719,1377575369,398.0
719,1377575374,398.0
719,1377575379,398.0
719,1377575384,391.0
719,1377575389,390.0
719,1377575394,398.0
719,1377575399,404.0
719,1377575404,418.0
719,1377575409,407.0
719,1377575414,409.0
719,1377575419,408.0
719,1377575424,399.0
719,1377575429,401.0
719,1377575434,399.0
719,1377575439,403.0
719,1377575444,403.0
719,1377575449,403.0
719,1377575454,401.0
719,1377575459,407.0
719,1377575464,408.0
719,1377575469,408.0
719,1377575474,398.0
719,1377575479,406.0
719,1377575484,395.0
719,1377575489,398.0
719,1377575494,400.0
719,1377575499,400.0
719,1377575504,398.0
719,1377575509,395.0
719,1377575514,401.0
719,1377575519,396.0
719,1377575524,391.0
719,1377575529,395.0
719,1377575534,393.0
719,1377575539,396.0
719,1377575544,398.0
719,1377575549,399.0
719,1377575554,401.0
719,1377575559,396.0
719,1377575564,390.0
719,1377575569,392.0
719,1377575574,393.0
719,1377575579,393.0
719,1377575584,392.0
719,1377575589,391.0
719,1377575594,393.0
719,1377575599,387.0
719,1377575604,392.0
719,1377575609,392.0
719,1377575614,391.0
719,1377575619,397.0
719,1377575624,418.0
719,1377575629,412.0
719,1377575634,430.0
719,1377575639,413.0
719,1377575644,411.0
719,1377575649,411.0
719,1377575654,412.0
719,1377575659,407.0
719,1377575664,418.0
719,1377575669,412.0
719,1377575674,411.0
719,1377575679,407.0
719,1377575684,403.0
719,1377575689,402.0
719,1377575694,402.0
719,1377575699,406.0
719,1377575704,404.0
719,1377575709,403.0
719,1377575714,406.0
719,1377575719,401.0
719,1377575724,406.0
719,1377575729,409.0
719,1377575734,416.0
719,1377575739,413.0
719,1377575744,413.0
719,1377575749,411.0
719,1377575754,407.0
719,1377575759,418.0
719,1377575764,412.0
719,1377575769,411.0
719,1377575774,411.0
719,1377575779,412.0
719,1377575784,403.0
719,1377575789,403.0
719,1377575794,398.0
719,1377575799,397.0
719,1377575804,403.0
719,1377575809,401.0
719,1377575814,401.0
719,1377575819,397.0
719,1377575824,402.0
719,1377575829,408.0
719,1377575834,412.0
719,1377575839,418.0
719,1377575844,422.0
719,1377575849,399.0
719,1377575854,400.0
719,1377575859,388.0
719,1377575864,383.0
719,1377575869,392.0
719,1377575874,397.0
719,1377575879,404.0
719,1377575884,418.0
719,1377575889,416.0
719,1377575894,409.0
719,1377575899,403.0
719,1377575904,406.0
719,1377575909,403.0
719,1377575914,408.0
719,1377575919,408.0
719,1377575924,408.0
719,1377575929,404.0
719,1377575934,403.0
719,1377575939,393.0
719,1377575944,398.0
719,1377575949,395.0
719,1377575954,396.0
719,1377575959,395.0
719,1377575964,401.0
719,1377575969,406.0
719,1377575974,401.0
719,1377575979,399.0
719,1377575984,397.0
719,1377575989,404.0
719,1377575994,398.0
719,1377575999,404.0
719,1377576004,397.0
719,1377576009,403.0
719,1377576014,403.0
719,1377576019,404.0
719,1377576025,404.0
719,1377576029,401.0
719,1377576034,403.0
719,1377576039,406.0
719,1377576044,406.0
719,1377576049,404.0
719,1377576054,401.0
719,1377576059,397.0
719,1377576064,403.0
719,1377576069,404.0
719,1377576074,409.0
719,1377576079,406.0
719,1377576084,409.0
719,1377576089,418.0
719,1377576094,406.0
719,1377576099,406.0
719,1377576104,403.0
719,1377576109,403.0
719,1377576114,406.0
719,1377576119,401.0
719,1377576124,408.0
719,1377576129,408.0
719,1377576134,409.0
719,1377576139,407.0
719,1377576144,409.0
719,1377576149,407.0
719,1377576154,404.0
719,1377576159,403.0
719,1377576164,404.0
719,1377576169,408.0
719,1377576174,407.0
719,1377576179,412.0
719,1377576184,411.0
719,1377576189,409.0
719,1377576194,403.0
719,1377576199,396.0
719,1377576204,393.0
719,1377576209,393.0
719,1377576214,393.0
719,1377576219,400.0
719,1377576224,398.0
719,1377576229,403.0
719,1377576234,407.0
719,1377576239,416.0
719,1377576244,409.0
719,1377576249,416.0
719,1377576254,407.0
719,1377576259,407.0
719,1377576264,401.0
719,1377576269,398.0
719,1377576274,398.0
719,1377576279,399.0
719,1377576284,398.0
719,1377576289,401.0
719,1377576294,406.0
719,1377576299,407.0
719,1377576304,406.0
719,1377576309,403.0
719,1377576314,404.0
719,1377576319,401.0
719,1377576324,401.0
719,1377576329,403.0
719,1377576334,403.0
719,1377576339,402.0
719,1377576344,401.0
719,1377576349,399.0
719,1377576354,403.0
719,1377576359,408.0
719,1377576364,418.0
719,1377576369,412.0
719,1377576374,413.0
719,1377576379,407.0
719,1377576384,411.0
719,1377576389,413.0
719,1377576394,407.0
719,1377576399,407.0
719,1377576404,408.0
719,1377576409,403.0
719,1377576414,407.0
719,1377576419,408.0
719,1377576424,408.0
719,1377576429,406.0
719,1377576434,406.0
719,1377576439,401.0
719,1377576444,399.0
719,1377576449,404.0
719,1377576454,398.0
719,1377576459,393.0
719,1377576464,387.0
719,1377576469,393.0
719,1377576474,390.0
719,1377576479,393.0
719,1377576484,406.0
719,1377576489,402.0
719,1377576494,403.0
719,1377576499,404.0
719,1377576504,407.0
719,1377576509,409.0
719,1377576514,408.0
719,1377576519,408.0
719,1377576524,406.0
719,1377576529,404.0
719,1377576534,404.0
719,1377576539,404.0
719,1377576544,397.0
719,1377576549,391.0
719,1377576554,396.0
719,1377576559,397.0
719,1377576564,406.0
719,1377576569,402.0
719,1377576574,403.0
719,1377576579,393.0
719,1377576584,396.0
719,1377576589,392.0
719,1377576594,398.0
719,1377576599,401.0
719,1377576604,398.0
719,1377576609,403.0
719,1377576614,403.0
719,1377576619,406.0
719,1377576624,404.0
719,1377576629,397.0
719,1377576634,401.0
719,1377576639,398.0
719,1377576644,398.0
719,1377576649,400.0
719,1377576654,401.0
719,1377576659,414.0
719,1377576664,414.0
719,1377576669,409.0
719,1377576674,407.0
719,1377576679,408.0
719,1377576684,401.0
719,1377576689,403.0
719,1377576694,396.0
719,1377576699,398.0
719,1377576704,398.0
719,1377576709,393.0
719,1377576714,391.0
719,1377576719,393.0
719,1377576724,400.0
719,1377576729,403.0
719,1377576734,408.0
719,1377576739,412.0
719,1377576744,412.0
719,1377576749,409.0
719,1377576754,403.0
719,1377576759,406.0
719,1377576764,408.0
719,1377576769,407.0
719,1377576774,407.0
719,1377576779,414.0
719,1377576784,408.0
719,1377576789,408.0
719,1377576794,403.0
719,1377576799,411.0
719,1377576804,407.0
719,1377576809,416.0
719,1377576814,411.0
719,1377576819,412.0
719,1377576824,409.0
719,1377576829,409.0
719,1377576834,416.0
719,1377576839,411.0
719,1377576844,412.0
719,1377576849,408.0
719,1377576854,406.0
719,1377576859,406.0
719,1377576864,405.0
719,1377576869,398.0
719,1377576874,401.0
719,1377576879,396.0
719,1377576884,398.0
719,1377576889,403.0
719,1377576898,401.0
719,1377576899,408.0
719,1377576904,408.0
719,1377576909,408.0
719,1377576914,404.0
719,1377576919,403.0
719,1377576924,401.0
719,1377576929,401.0
719,1377576934,398.0
719,1377576939,398.0
719,1377576944,392.0
719,1377576949,391.0
719,1377576954,393.0
719,1377576959,403.0
719,1377576964,408.0
719,1377576969,407.0
719,1377576974,408.0
719,1377576979,404.0
719,1377576984,398.0
719,1377576989,391.0
719,1377576994,398.0
719,1377576999,396.0
719,1377577004,391.0
719,1377577009,401.0
719,1377577014,397.0
719,1377577019,404.0
719,1377577024,408.0
719,1377577029,409.0
719,1377577034,403.0
719,1377577039,396.0
719,1377577044,396.0
719,1377577049,396.0
719,1377577054,391.0
719,1377577059,398.0
719,1377577064,399.0
719,1377577069,403.0
719,1377577074,408.0
719,1377577079,408.0
719,1377577084,403.0
719,1377577089,401.0
719,1377577094,395.0
719,1377577099,398.0
719,1377577104,406.0
719,1377577109,407.0
719,1377577114,418.0
719,1377577119,408.0
719,1377577124,408.0
719,1377577129,403.0
719,1377577134,398.0
719,1377577139,395.0
719,1377577144,396.0
719,1377577149,391.0
719,1377577154,398.0
719,1377577159,399.0
719,1377577164,406.0
719,1377577169,404.0
719,1377577174,401.0
719,1377577179,402.0
719,1377577184,400.0
719,1377577189,403.0
719,1377577194,398.0
719,1377577199,398.0
719,1377577204,396.0
719,1377577209,396.0
719,1377577214,392.0
719,1377577219,391.0
719,1377577224,400.0
719,1377577229,414.0
719,1377577234,407.0
719,1377577239,418.0
719,1377577244,412.0
719,1377577249,408.0
719,1377577254,403.0
719,1377577259,404.0
719,1377577264,398.0
719,1377577269,401.0
719,1377577274,404.0
719,1377577279,403.0
719,1377577284,401.0
719,1377577289,397.0
719,1377577294,395.0
719,1377577299,393.0
719,1377577304,390.0
719,1377577309,392.0
719,1377577314,396.0
719,1377577319,400.0
719,1377577324,403.0
719,1377577329,408.0
719,1377577334,408.0
719,1377577339,401.0
719,1377577344,401.0
719,1377577349,396.0
719,1377577354,402.0
719,1377577359,403.0
719,1377577364,406.0
719,1377577369,409.0
719,1377577374,407.0
719,1377577379,408.0
719,1377577384,412.0
719,1377577389,407.0
719,1377577394,407.0
719,1377577399,413.0
719,1377577404,418.0
719,1377577409,413.0
719,1377577414,409.0
719,1377577419,408.0
719,1377577424,403.0
719,1377577429,395.0
719,1377577434,393.0
719,1377577439,392.0
719,1377577444,396.0
719,1377577449,396.0
719,1377577454,401.0
719,1377577459,406.0
719,1377577464,396.0
719,1377577469,393.0
719,1377577474,390.0
719,1377577479,391.0
719,1377577484,396.0
719,1377577489,403.0
719,1377577494,407.0
719,1377577499,418.0
719,1377577504,416.0
719,1377577509,416.0
719,1377577514,409.0
719,1377577519,411.0
719,1377577524,409.0
719,1377577529,408.0
719,1377577534,401.0
719,1377577539,398.0
719,1377577544,391.0
719,1377577549,387.0
719,1377577554,392.0
719,1377577559,393.0
719,1377577564,401.0
719,1377577569,406.0
719,1377577574,403.0
719,1377577579,401.0
719,1377577584,406.0
719,1377577589,401.0
719,1377577594,401.0
719,1377577599,398.0
719,1377577604,403.0
719,1377577609,397.0
719,1377577614,399.0
719,1377577619,401.0
719,1377577624,401.0
719,1377577629,395.0
719,1377577634,396.0
719,1377577639,393.0
719,1377577644,401.0
719,1377577649,401.0
719,1377577654,403.0
719,1377577659,404.0
719,1377577664,402.0
719,1377577669,398.0
719,1377577674,398.0
719,1377577679,397.0
719,1377577684,403.0
719,1377577689,398.0
719,1377577694,397.0
719,1377577699,406.0
719,1377577704,408.0
719,1377577709,407.0
719,1377577714,409.0
719,1377577719,412.0
719,1377577724,403.0
719,1377577729,403.0
719,1377577734,403.0
719,1377577739,398.0
719,1377577744,401.0
719,1377577749,406.0
719,1377577759,395.0
719,1377577764,393.0
719,1377577769,414.0
719,1377577774,401.0
719,1377577779,398.0
719,1377577784,401.0
719,1377577789,395.0
719,1377577794,395.0
719,1377577799,396.0
719,1377577804,396.0
719,1377577809,398.0
719,1377577814,395.0
719,1377577819,397.0
719,1377577824,397.0
719,1377577829,401.0
719,1377577834,398.0
719,1377577839,397.0
719,1377577844,401.0
719,1377577849,395.0
719,1377577854,398.0
719,1377577859,393.0
719,1377577864,400.0
719,1377577869,402.0
719,1377577874,406.0
719,1377577879,408.0
719,1377577884,412.0
719,1377577889,407.0
719,1377577894,411.0
719,1377577899,408.0
719,1377577904,403.0
719,1377577909,403.0
719,1377577914,403.0
719,1377577919,401.0
719,1377577924,403.0
719,1377577929,404.0
719,1377577934,404.0
719,1377577939,404.0
719,1377577944,397.0
719,1377577949,406.0
719,1377577954,401.0
719,1377577959,403.0
719,1377577964,404.0
719,1377577969,409.0
719,1377577974,406.0
719,1377577979,408.0
719,1377577984,401.0
719,1377577989,398.0
719,1377577994,395.0
719,1377577999,396.0
719,1377578004,398.0
719,1377578009,400.0
719,1377578014,398.0
719,1377578019,408.0
719,1377578024,408.0
719,1377578029,409.0
719,1377578034,408.0
719,1377578039,412.0
719,1377578044,406.0
719,1377578049,406.0
719,1377578054,403.0
719,1377578059,401.0
719,1377578064,404.0
719,1377578069,406.0
719,1377578074,409.0
719,1377578079,411.0
719,1377578084,413.0
719,1377578089,422.0
719,1377578094,412.0
719,1377578099,403.0
719,1377578104,403.0
719,1377578109,404.0
719,1377578114,403.0
719,1377578119,403.0
719,1377578124,411.0
719,1377578129,412.0
719,1377578134,411.0
719,1377578139,418.0
719,1377578144,412.0
719,1377578149,406.0
719,1377578154,404.0
719,1377578159,398.0
719,1377578164,401.0
719,1377578169,404.0
719,1377578174,403.0
719,1377578179,406.0
719,1377578184,406.0
719,1377578189,408.0
719,1377578194,406.0
719,1377578199,403.0
719,1377578204,403.0
719,1377578209,406.0
719,1377578214,406.0
719,1377578219,403.0
719,1377578224,406.0
719,1377578229,406.0
719,1377578234,408.0
719,1377578239,403.0
719,1377578244,401.0
719,1377578249,406.0
719,1377578254,398.0
719,1377578259,396.0
719,1377578264,397.0
719,1377578269,408.0
719,1377578274,404.0
719,1377578279,408.0
719,1377578284,403.0
719,1377578289,397.0
719,1377578294,391.0
719,1377578299,393.0
719,1377578304,396.0
719,1377578309,406.0
719,1377578314,414.0
719,1377578319,407.0
719,1377578324,412.0
719,1377578329,407.0
719,1377578334,408.0
719,1377578339,406.0
719,1377578344,409.0
719,1377578349,406.0
719,1377578354,414.0
719,1377578359,397.0
719,1377578364,398.0
719,1377578369,391.0
719,1377578374,406.0
719,1377578379,403.0
719,1377578384,409.0
719,1377578389,412.0
719,1377578394,418.0
719,1377578399,418.0
719,1377578404,403.0
719,1377578409,401.0
719,1377578414,396.0
719,1377578419,396.0
719,1377578424,401.0
719,1377578429,403.0
719,1377578434,403.0
719,1377578439,401.0
719,1377578444,401.0
719,1377578449,398.0
719,1377578454,398.0
719,1377578459,401.0
719,1377578464,401.0
719,1377578469,406.0
719,1377578474,404.0
719,1377578479,403.0
719,1377578484,412.0
719,1377578489,411.0
719,1377578494,412.0
719,1377578499,407.0
719,1377578504,406.0
719,1377578509,406.0
719,1377578514,402.0
719,1377578519,404.0
719,1377578524,403.0
719,1377578529,406.0
719,1377578534,408.0
719,1377578539,407.0
719,1377578544,407.0
719,1377578549,418.0
719,1377578554,413.0
719,1377578559,416.0
719,1377578564,411.0
719,1377578569,416.0
719,1377578574,411.0
719,1377578579,418.0
719,1377578584,412.0
719,1377578589,409.0
719,1377578599,403.0
719,1377578604,408.0
719,1377578609,407.0
719,1377578614,412.0
719,1377578619,406.0
719,1377578624,408.0
719,1377578629,404.0
719,1377578634,398.0
719,1377578639,393.0
719,1377578644,398.0
719,1377578649,397.0
719,1377578654,404.0
719,1377578659,409.0
719,1377578664,418.0
719,1377578669,409.0
719,1377578674,411.0
719,1377578679,407.0
719,1377578684,399.0
719,1377578689,403.0
719,1377578694,401.0
719,1377578699,403.0
719,1377578704,403.0
719,1377578709,403.0
719,1377578714,399.0
719,1377578719,403.0
719,1377578724,406.0
719,1377578729,408.0
719,1377578734,404.0
719,1377578739,408.0
719,1377578744,408.0
719,1377578749,403.0
719,1377578754,401.0
719,1377578759,404.0
719,1377578764,399.0
719,1377578769,406.0
719,1377578774,397.0
719,1377578779,401.0
719,1377578784,398.0
719,1377578789,399.0
719,1377578794,404.0
719,1377578799,401.0
719,1377578804,395.0
719,1377578809,400.0
719,1377578814,401.0
719,1377578819,398.0
719,1377578824,401.0
719,1377578829,398.0
719,1377578834,406.0
719,1377578839,408.0
719,1377578844,414.0
719,1377578849,414.0
719,1377578854,412.0
719,1377578859,406.0
719,1377578864,408.0
719,1377578869,403.0
719,1377578874,401.0
719,1377578879,403.0
719,1377578884,399.0
719,1377578889,403.0
719,1377578894,422.0
719,1377578899,416.0
719,1377578904,417.0
719,1377578909,417.0
719,1377578914,412.0
719,1377578919,412.0
719,1377578924,406.0
719,1377578929,408.0
719,1377578934,407.0
719,1377578939,416.0
719,1377578944,412.0
719,1377578949,407.0
719,1377578954,404.0
719,1377578959,399.0
719,1377578964,401.0
719,1377578969,398.0
719,1377578974,395.0
719,1377578979,400.0
719,1377578984,404.0
719,1377578989,404.0
719,1377578994,404.0
719,1377578999,408.0
719,1377579004,403.0
719,1377579009,406.0
719,1377579014,408.0
719,1377579019,408.0
719,1377579024,412.0
719,1377579029,418.0
719,1377579034,411.0
719,1377579039,412.0
719,1377579044,407.0
719,1377579049,409.0
719,1377579054,407.0
719,1377579059,411.0
719,1377579064,407.0
719,1377579069,408.0
719,1377579074,399.0
719,1377579079,401.0
719,1377579084,397.0
719,1377579089,398.0
719,1377579094,403.0
719,1377579099,408.0
719,1377579104,409.0
719,1377579109,414.0
719,1377579114,408.0
719,1377579119,408.0
719,1377579124,403.0
719,1377579129,406.0
719,1377579134,409.0
719,1377579139,404.0
719,1377579144,408.0
719,1377579149,398.0
719,1377579154,391.0
719,1377579159,390.0
719,1377579164,382.0
719,1377579169,388.0
719,1377579174,393.0
719,1377579179,403.0
719,1377579184,406.0
719,1377579189,407.0
719,1377579194,409.0
719,1377579199,412.0
719,1377579204,407.0
719,1377579209,422.0
719,1377579214,407.0
719,1377579219,412.0
719,1377579224,408.0
719,1377579229,404.0
719,1377579234,404.0
719,1377579239,404.0
719,1377579244,403.0
719,1377579249,404.0
719,1377579254,403.0
719,1377579259,408.0
719,1377579264,409.0
719,1377579269,418.0
719,1377579274,422.0
719,1377579279,425.0
719,1377579284,424.0
719,1377579289,415.0
719,1377579294,416.0
719,1377579299,407.0
719,1377579304,407.0
719,1377579309,408.0
719,1377579314,403.0
719,1377579319,403.0
719,1377579324,403.0
719,1377579329,405.0
719,1377579334,403.0
719,1377579339,399.0
719,1377579344,403.0
719,1377579349,403.0
719,1377579354,408.0
719,1377579359,408.0
719,1377579364,412.0
719,1377579369,416.0
719,1377579374,418.0
719,1377579379,412.0
719,1377579384,422.0
719,1377579389,414.0
719,1377579394,407.0
719,1377579399,403.0
719,1377579404,408.0
719,1377579409,401.0
719,1377579414,401.0
719,1377579419,401.0
719,1377579429,408.0
719,1377579434,409.0
719,1377579439,407.0
719,1377579444,407.0
719,1377579449,408.0
719,1377579454,409.0
719,1377579459,409.0
719,1377579464,416.0
719,1377579469,418.0
719,1377579474,419.0
719,1377579479,422.0
719,1377579484,424.0
719,1377579489,425.0
719,1377579494,420.0
719,1377579499,413.0
719,1377579504,406.0
719,1377579509,401.0
719,1377579514,406.0
719,1377579519,408.0
719,1377579524,406.0
719,1377579529,407.0
719,1377579534,407.0
719,1377579539,407.0
719,1377579544,411.0
719,1377579549,411.0
719,1377579554,413.0
719,1377579559,411.0
719,1377579564,411.0
719,1377579569,411.0
719,1377579574,412.0
719,1377579579,413.0
719,1377579584,418.0
719,1377579589,412.0
719,1377579594,409.0
719,1377579599,408.0
719,1377579604,407.0
719,1377579609,412.0
719,1377579614,412.0
719,1377579619,408.0
719,1377579624,407.0
719,1377579629,403.0
719,1377579634,403.0
719,1377579639,404.0
719,1377579644,408.0
719,1377579649,410.0
719,1377579654,409.0
719,1377579659,401.0
719,1377579664,398.0
719,1377579669,396.0
719,1377579674,396.0
719,1377579679,400.0
719,1377579684,398.0
719,1377579689,404.0
719,1377579694,401.0
719,1377579699,398.0
719,1377579704,398.0
719,1377579709,398.0
719,1377579714,412.0
719,1377579719,411.0
719,1377579724,419.0
719,1377579729,415.0
719,1377579734,411.0
719,1377579739,418.0
719,1377579744,409.0
719,1377579749,407.0
719,1377579754,406.0
719,1377579759,404.0
719,1377579764,401.0
719,1377579769,398.0
719,1377579774,399.0
719,1377579779,404.0
719,1377579784,406.0
719,1377579789,401.0
719,1377579794,398.0
719,1377579799,395.0
719,1377579804,396.0
719,1377579809,401.0
719,1377579814,404.0
719,1377579819,412.0
719,1377579824,419.0
719,1377579829,419.0
719,1377579834,422.0
719,1377579839,415.0
719,1377579844,413.0
719,1377579849,419.0
719,1377579854,413.0
719,1377579859,413.0
719,1377579864,422.0
719,1377579869,407.0
719,1377579874,412.0
719,1377579879,412.0
719,1377579884,411.0
719,1377579889,414.0
719,1377579894,408.0
719,1377579899,401.0
719,1377579904,401.0
719,1377579909,406.0
719,1377579914,404.0
719,1377579919,409.0
719,1377579924,410.0
719,1377579929,406.0
719,1377579934,401.0
719,1377579939,398.0
719,1377579944,401.0
719,1377579949,404.0
719,1377579954,409.0
719,1377579959,412.0
719,1377579964,406.0
719,1377579969,407.0
719,1377579974,407.0
719,1377579979,408.0
719,1377579984,399.0
719,1377579989,406.0
719,1377579994,398.0
719,1377579999,398.0
719,1377580004,403.0
719,1377580009,403.0
719,1377580014,407.0
719,1377580019,407.0
719,1377580024,411.0
719,1377580029,413.0
719,1377580034,408.0
719,1377580039,405.0
719,1377580044,408.0
719,1377580049,411.0
719,1377580054,411.0
719,1377580059,420.0
719,1377580064,419.0
719,1377580069,417.0
719,1377580074,413.0
719,1377580079,419.0
719,1377580084,418.0
719,1377580089,407.0
719,1377580094,407.0
719,1377580099,406.0
719,1377580104,399.0
719,1377580109,412.0
719,1377580114,412.0
719,1377580119,412.0
719,1377580124,409.0
719,1377580129,407.0
719,1377580134,407.0
719,1377580139,403.0
719,1377580144,398.0
719,1377580149,404.0
719,1377580154,414.0
719,1377580159,401.0
719,1377580164,403.0
719,1377580169,403.0
719,1377580174,403.0
719,1377580179,404.0
719,1377580184,403.0
719,1377580189,408.0
719,1377580194,406.0
719,1377580199,412.0
719,1377580204,413.0
719,1377580209,420.0
719,1377580215,418.0
719,1377580219,407.0
719,1377580224,411.0
719,1377580229,418.0
719,1377580234,412.0
719,1377580239,414.0
719,1377580244,412.0
719,1377580249,406.0
719,1377580254,412.0
719,1377580259,412.0
719,1377580264,407.0
719,1377580269,411.0
719,1377580274,407.0
719,1377580279,411.0
719,1377580284,407.0
719,1377580289,411.0
719,1377580294,416.0
719,1377580299,412.0
719,1377580304,411.0
719,1377580309,412.0
719,1377580314,412.0
719,1377580319,411.0
719,1377580324,412.0
719,1377580329,409.0
719,1377580334,403.0
719,1377580339,403.0
719,1377580344,407.0
719,1377580349,411.0
719,1377580354,418.0
719,1377580359,414.0
719,1377580364,412.0
719,1377580369,399.0
719,1377580374,403.0
719,1377580379,409.0
719,1377580384,407.0
719,1377580389,416.0
719,1377580394,412.0
719,1377580399,411.0
719,1377580404,417.0
719,1377580409,407.0
719,1377580414,418.0
719,1377580419,409.0
719,1377580424,407.0
719,1377580429,412.0
719,1377580434,422.0
719,1377580439,419.0
719,1377580444,420.0
719,1377580449,424.0
719,1377580454,422.0
719,1377580459,419.0
719,1377580464,422.0
719,1377580469,411.0
719,1377580474,411.0
719,1377580479,409.0
719,1377580484,411.0
719,1377580489,416.0
719,1377580494,409.0
719,1377580499,409.0
719,1377580504,407.0
719,1377580509,409.0
719,1377580514,418.0
719,1377580519,412.0
719,1377580524,408.0
719,1377580529,408.0
719,1377580534,406.0
719,1377580539,407.0
719,1377580544,414.0
719,1377580549,411.0
719,1377580554,411.0
719,1377580559,411.0
719,1377580564,412.0
719,1377580569,408.0
719,1377580574,407.0
719,1377580579,412.0
719,1377580584,412.0
719,1377580589,411.0
719,1377580594,417.0
719,1377580599,419.0
719,1377580604,422.0
719,1377580609,416.0
719,1377580614,407.0
719,1377580619,409.0
719,1377580624,409.0
719,1377580629,416.0
719,1377580634,413.0
719,1377580639,415.0
719,1377580644,424.0
719,1377580649,417.0
719,1377580654,419.0
719,1377580659,411.0
719,1377580664,422.0
719,1377580669,417.0
719,1377580674,412.0
719,1377580679,409.0
719,1377580684,403.0
719,1377580689,408.0
719,1377580694,412.0
719,1377580699,422.0
719,1377580704,428.0
719,1377580709,423.0
719,1377580714,423.0
719,1377580719,411.0
719,1377580724,411.0
719,1377580729,412.0
719,1377580734,412.0
719,1377580739,411.0
719,1377580744,407.0
719,1377580749,412.0
719,1377580754,409.0
719,1377580759,407.0
719,1377580764,411.0
719,1377580769,422.0
719,1377580774,420.0
719,1377580779,430.0
719,1377580784,418.0
719,1377580789,409.0
719,1377580794,403.0
719,1377580799,406.0
719,1377580804,406.0
719,1377580809,401.0
719,1377580814,403.0
719,1377580819,404.0
719,1377580824,404.0
719,1377580829,408.0
719,1377580834,407.0
719,1377580839,412.0
719,1377580844,414.0
719,1377580849,412.0
719,1377580854,409.0
719,1377580859,409.0
719,1377580864,414.0
719,1377580869,401.0
719,1377580874,406.0
719,1377580879,409.0
719,1377580884,411.0
719,1377580889,423.0
719,1377580894,425.0
719,1377580899,425.0
719,1377580904,430.0
719,1377580909,422.0
719,1377580914,422.0
719,1377580919,422.0
719,1377580924,422.0
719,1377580929,415.0
719,1377580934,413.0
719,1377580939,411.0
719,1377580944,418.0
719,1377580949,420.0
719,1377580954,422.0
719,1377580959,413.0
719,1377580964,411.0
719,1377580969,411.0
719,1377580974,408.0
719,1377580979,411.0
719,1377580984,406.0
719,1377580989,403.0
719,1377580994,406.0
719,1377580999,403.0
719,1377581004,403.0
719,1377581009,403.0
719,1377581014,403.0
719,1377581019,403.0
719,1377581024,402.0
719,1377581029,401.0
719,1377581034,397.0
719,1377581039,398.0
719,1377581044,401.0
719,1377581050,407.0
719,1377581054,418.0
719,1377581059,420.0
719,1377581064,424.0
719,1377581069,417.0
719,1377581074,422.0
719,1377581079,409.0
719,1377581084,404.0
719,1377581089,398.0
719,1377581094,404.0
719,1377581099,412.0
719,1377581104,409.0
719,1377581109,408.0
719,1377581114,406.0
719,1377581119,398.0
719,1377581124,403.0
719,1377581129,403.0
719,1377581134,412.0
719,1377581139,408.0
719,1377581144,403.0
719,1377581149,403.0
719,1377581154,399.0
719,1377581159,401.0
719,1377581164,406.0
719,1377581169,407.0
719,1377581174,409.0
719,1377581179,418.0
719,1377581184,407.0
719,1377581189,409.0
719,1377581194,412.0
719,1377581199,409.0
719,1377581204,409.0
719,1377581209,406.0
719,1377581214,406.0
719,1377581219,408.0
719,1377581224,407.0
719,1377581229,407.0
719,1377581234,411.0
719,1377581239,411.0
719,1377581244,412.0
719,1377581249,412.0
719,1377581254,418.0
719,1377581259,407.0
719,1377581264,411.0
719,1377581269,416.0
719,1377581274,411.0
719,1377581279,411.0
719,1377581284,412.0
719,1377581289,418.0
719,1377581294,406.0
719,1377581299,404.0
719,1377581304,401.0
719,1377581309,402.0
719,1377581314,397.0
719,1377581319,401.0
719,1377581324,396.0
719,1377581329,401.0
719,1377581334,404.0
719,1377581339,407.0
719,1377581344,417.0
719,1377581349,430.0
719,1377581354,428.0
719,1377581359,428.0
719,1377581364,433.0
719,1377581369,428.0
719,1377581374,428.0
719,1377581379,419.0
719,1377581384,419.0
719,1377581389,411.0
719,1377581394,411.0
719,1377581399,417.0
719,1377581404,417.0
719,1377581409,411.0
719,1377581414,412.0
719,1377581419,412.0
719,1377581424,408.0
719,1377581429,399.0
719,1377581434,401.0
719,1377581439,401.0
719,1377581444,401.0
719,1377581449,401.0
719,1377581454,403.0
719,1377581459,411.0
719,1377581464,420.0
719,1377581469,411.0
719,1377581474,407.0
719,1377581479,403.0
719,1377581484,404.0
719,1377581489,408.0
719,1377581494,413.0
719,1377581499,422.0
719,1377581504,419.0
719,1377581509,419.0
719,1377581514,412.0
719,1377581519,413.0
719,1377581524,412.0
719,1377581529,412.0
719,1377581534,407.0
719,1377581539,409.0
719,1377581544,407.0
719,1377581549,412.0
719,1377581554,418.0
719,1377581559,412.0
719,1377581564,407.0
719,1377581569,407.0
719,1377581574,412.0
719,1377581579,412.0
719,1377581584,412.0
719,1377581589,409.0
719,1377581594,412.0
719,1377581599,409.0
719,1377581604,407.0
719,1377581609,413.0
719,1377581614,422.0
719,1377581619,422.0
719,1377581624,423.0
719,1377581629,422.0
719,1377581634,425.0
719,1377581639,422.0
719,1377581644,419.0
719,1377581649,409.0
719,1377581654,409.0
719,1377581659,408.0
719,1377581664,403.0
719,1377581669,406.0
719,1377581674,406.0
719,1377581679,412.0
719,1377581684,406.0
719,1377581689,403.0
719,1377581694,398.0
719,1377581699,404.0
719,1377581704,406.0
719,1377581709,412.0
719,1377581714,413.0
719,1377581719,417.0
719,1377581724,422.0
719,1377581729,423.0
719,1377581734,424.0
719,1377581739,419.0
719,1377581744,413.0
719,1377581749,411.0
719,1377581754,412.0
719,1377581759,412.0
719,1377581764,401.0
719,1377581769,403.0
719,1377581774,408.0
719,1377581779,409.0
719,1377581784,407.0
719,1377581789,409.0
719,1377581794,406.0
719,1377581799,408.0
719,1377581804,407.0
719,1377581809,412.0
719,1377581814,411.0
719,1377581819,416.0
719,1377581824,422.0
719,1377581829,417.0
719,1377581834,422.0
719,1377581839,422.0
719,1377581844,424.0
719,1377581849,422.0
719,1377581854,420.0
719,1377581859,411.0
719,1377581864,413.0
719,1377581869,411.0
719,1377581874,411.0
719,1377581879,416.0
719,1377581884,418.0
719,1377581889,409.0
719,1377581894,406.0
719,1377581899,403.0
719,1377581904,403.0
719,1377581909,411.0
719,1377581914,415.0
719,1377581919,425.0
719,1377581924,427.0
719,1377581929,428.0
719,1377581934,430.0
719,1377581943,422.0
719,1377581944,411.0
719,1377581949,412.0
719,1377581954,408.0
719,1377581959,403.0
719,1377581964,401.0
719,1377581969,398.0
719,1377581974,407.0
719,1377581979,407.0
719,1377581984,407.0
719,1377581989,415.0
719,1377581994,424.0
719,1377581999,425.0
719,1377582004,424.0
719,1377582009,425.0
719,1377582014,422.0
719,1377582019,430.0
719,1377582024,416.0
719,1377582029,414.0
719,1377582034,404.0
719,1377582039,402.0
719,1377582044,404.0
719,1377582049,404.0
719,1377582054,409.0
719,1377582059,411.0
719,1377582064,407.0
719,1377582069,411.0
719,1377582074,416.0
719,1377582079,416.0
719,1377582084,419.0
719,1377582089,415.0
719,1377582094,422.0
719,1377582099,419.0
719,1377582104,411.0
719,1377582109,408.0
719,1377582114,408.0
719,1377582119,406.0
719,1377582124,401.0
719,1377582129,402.0
719,1377582134,407.0
719,1377582139,407.0
719,1377582144,411.0
719,1377582149,422.0
719,1377582154,415.0
719,1377582159,418.0
719,1377582164,418.0
719,1377582169,417.0
719,1377582174,411.0
719,1377582179,411.0
719,1377582184,409.0
719,1377582189,403.0
719,1377582194,403.0
719,1377582199,404.0
719,1377582204,407.0
719,1377582209,409.0
719,1377582214,412.0
719,1377582219,411.0
719,1377582224,418.0
719,1377582229,413.0
719,1377582234,417.0
719,1377582239,416.0
719,1377582244,412.0
719,1377582249,409.0
719,1377582254,412.0
719,1377582259,407.0
719,1377582264,416.0
719,1377582269,420.0
719,1377582274,413.0
719,1377582279,413.0
719,1377582284,412.0
719,1377582289,416.0
719,1377582294,406.0
719,1377582299,412.0
719,1377582304,403.0
719,1377582309,404.0
719,1377582314,404.0
719,1377582319,403.0
719,1377582324,401.0
719,1377582329,397.0
719,1377582334,401.0
719,1377582339,404.0
719,1377582344,406.0
719,1377582349,408.0
719,1377582354,412.0
719,1377582359,414.0
719,1377582364,411.0
719,1377582369,411.0
719,1377582374,411.0
719,1377582379,413.0
719,1377582384,413.0
719,1377582389,407.0
719,1377582394,406.0
719,1377582399,404.0
719,1377582404,406.0
719,1377582409,404.0
719,1377582414,409.0
719,1377582419,406.0
719,1377582424,402.0
719,1377582429,397.0
719,1377582434,395.0
719,1377582439,404.0
719,1377582444,406.0
719,1377582449,409.0
719,1377582454,412.0
719,1377582459,406.0
719,1377582464,409.0
719,1377582469,411.0
719,1377582474,407.0
719,1377582479,413.0
719,1377582484,412.0
719,1377582489,417.0
719,1377582494,418.0
719,1377582499,415.0
719,1377582504,418.0
719,1377582509,411.0
719,1377582514,412.0
719,1377582519,409.0
719,1377582524,406.0
719,1377582529,408.0
719,1377582534,406.0
719,1377582539,418.0
719,1377582544,414.0
719,1377582549,419.0
719,1377582554,418.0
719,1377582559,420.0
719,1377582564,411.0
719,1377582569,406.0
719,1377582574,408.0
719,1377582579,416.0
719,1377582584,407.0
719,1377582589,414.0
719,1377582594,412.0
719,1377582599,409.0
719,1377582604,414.0
719,1377582609,407.0
719,1377582614,414.0
719,1377582619,412.0
719,1377582624,411.0
719,1377582629,413.0
719,1377582634,422.0
719,1377582639,407.0
719,1377582644,411.0
719,1377582649,407.0
719,1377582654,412.0
719,1377582659,412.0
719,1377582664,419.0
719,1377582669,419.0
719,1377582674,419.0
719,1377582679,423.0
719,1377582684,424.0
719,1377582689,419.0
719,1377582694,418.0
719,1377582699,406.0
719,1377582704,409.0
719,1377582709,409.0
719,1377582714,411.0
719,1377582719,419.0
719,1377582724,423.0
719,1377582729,430.0
719,1377582734,423.0
719,1377582739,422.0
719,1377582744,411.0
719,1377582749,413.0
719,1377582754,406.0
719,1377582759,409.0
719,1377582764,407.0
719,1377582769,412.0
719,1377582774,407.0
719,1377582779,407.0
719,1377582784,408.0
719,1377582789,412.0
719,1377582794,407.0
719,1377582799,411.0
719,1377582805,415.0
719,1377582809,411.0
719,1377582814,412.0
719,1377582819,411.0
719,1377582824,413.0
719,1377582829,415.0
719,1377582834,419.0
719,1377582839,411.0
719,1377582844,411.0
719,1377582849,409.0
719,1377582854,409.0
719,1377582859,414.0
719,1377582864,412.0
719,1377582869,416.0
719,1377582874,417.0
719,1377582879,419.0
719,1377582884,419.0
719,1377582889,422.0
719,1377582894,425.0
719,1377582899,419.0
719,1377582904,416.0
719,1377582909,407.0
719,1377582914,418.0
719,1377582919,412.0
719,1377582924,409.0
719,1377582929,407.0
719,1377582934,416.0
719,1377582939,412.0
719,1377582944,407.0
719,1377582949,412.0
719,1377582954,404.0
719,1377582959,403.0
719,1377582964,404.0
719,1377582969,403.0
719,1377582974,403.0
719,1377582979,404.0
719,1377582984,403.0
719,1377582989,403.0
719,1377582994,412.0
719,1377582999,413.0
719,1377583004,419.0
719,1377583009,413.0
719,1377583014,412.0
719,1377583019,407.0
719,1377583024,411.0
719,1377583029,415.0
719,1377583034,422.0
719,1377583039,424.0
719,1377583044,419.0
719,1377583049,411.0
719,1377583054,420.0
719,1377583059,420.0
719,1377583064,413.0
719,1377583069,416.0
719,1377583074,412.0
719,1377583079,409.0
719,1377583084,412.0
719,1377583089,411.0
719,1377583094,422.0
719,1377583099,420.0
719,1377583104,412.0
719,1377583109,420.0
719,1377583114,412.0
719,1377583119,408.0
719,1377583124,409.0
719,1377583129,412.0
719,1377583134,413.0
719,1377583139,418.0
719,1377583144,416.0
719,1377583149,406.0
719,1377583154,412.0
719,1377583159,411.0
719,1377583164,424.0
719,1377583169,425.0
719,1377583174,423.0
719,1377583179,428.0
719,1377583184,428.0
719,1377583189,428.0
719,1377583194,419.0
719,1377583199,422.0
719,1377583204,416.0
719,1377583209,407.0
719,1377583214,406.0
719,1377583219,409.0
719,1377583224,407.0
719,1377583229,420.0
719,1377583234,411.0
719,1377583239,413.0
719,1377583244,416.0
719,1377583249,413.0
719,1377583254,407.0
719,1377583259,419.0
719,1377583264,424.0
719,1377583269,428.0
719,1377583274,428.0
719,1377583279,425.0
719,1377583284,425.0
719,1377583289,428.0
719,1377583294,427.0
719,1377583299,423.0
719,1377583304,417.0
719,1377583309,412.0
719,1377583314,406.0
719,1377583319,403.0
719,1377583324,397.0
719,1377583329,401.0
719,1377583334,408.0
719,1377583339,407.0
719,1377583344,417.0
719,1377583349,419.0
719,1377583354,422.0
719,1377583359,422.0
719,1377583364,418.0
719,1377583369,422.0
719,1377583374,415.0
719,1377583379,411.0
719,1377583384,422.0
719,1377583389,411.0
719,1377583394,418.0
719,1377583399,417.0
719,1377583404,415.0
719,1377583409,418.0
719,1377583414,420.0
719,1377583419,418.0
719,1377583424,411.0
719,1377583429,418.0
719,1377583434,416.0
719,1377583439,418.0
719,1377583444,417.0
719,1377583449,414.0
719,1377583454,407.0
719,1377583459,412.0
719,1377583464,422.0
719,1377583469,411.0
719,1377583474,415.0
719,1377583479,424.0
719,1377583484,415.0
719,1377583489,418.0
719,1377583494,416.0
719,1377583499,417.0
719,1377583504,417.0
719,1377583509,413.0
719,1377583514,413.0
719,1377583519,412.0
719,1377583524,411.0
719,1377583529,413.0
719,1377583534,412.0
719,1377583539,417.0
719,1377583544,413.0
719,1377583549,406.0
719,1377583554,403.0
719,1377583559,401.0
719,1377583564,402.0
719,1377583569,398.0
719,1377583574,401.0
719,1377583579,403.0
719,1377583584,409.0
719,1377583589,416.0
719,1377583594,415.0
719,1377583599,419.0
719,1377583604,422.0
719,1377583609,417.0
719,1377583614,413.0
719,1377583619,411.0
719,1377583624,411.0
719,1377583629,419.0
719,1377583634,418.0
719,1377583639,413.0
719,1377583644,417.0
719,1377583649,422.0
719,1377583654,424.0
719,1377583661,415.0
719,1377583664,419.0
719,1377583669,413.0
719,1377583674,408.0
719,1377583679,398.0
719,1377583684,404.0
719,1377583689,409.0
719,1377583694,412.0
719,1377583699,411.0
719,1377583704,413.0
719,1377583709,412.0
719,1377583714,412.0
719,1377583719,409.0
719,1377583724,407.0
719,1377583729,416.0
719,1377583734,409.0
719,1377583739,403.0
719,1377583744,396.0
719,1377583749,398.0
719,1377583754,387.0
719,1377583759,393.0
719,1377583764,401.0
719,1377583769,408.0
719,1377583774,407.0
719,1377583779,407.0
719,1377583784,407.0
719,1377583789,411.0
719,1377583794,412.0
719,1377583799,406.0
719,1377583804,404.0
719,1377583809,404.0
719,1377583814,404.0
719,1377583819,403.0
719,1377583824,403.0
719,1377583829,403.0
719,1377583834,403.0
719,1377583839,408.0
719,1377583844,403.0
719,1377583849,409.0
719,1377583854,409.0
719,1377583859,409.0
719,1377583864,407.0
719,1377583869,416.0
719,1377583874,406.0
719,1377583879,412.0
719,1377583884,414.0
719,1377583889,406.0
719,1377583894,403.0
719,1377583899,399.0
719,1377583904,403.0
719,1377583909,406.0
719,1377583914,422.0
719,1377583919,407.0
719,1377583924,409.0
719,1377583929,412.0
719,1377583934,403.0
719,1377583939,403.0
719,1377583944,404.0
719,1377583949,403.0
719,1377583954,418.0
719,1377583959,418.0
719,1377583964,412.0
719,1377583969,409.0
719,1377583974,409.0
719,1377583979,418.0
719,1377583984,413.0
719,1377583989,419.0
719,1377583994,422.0
719,1377583999,424.0
719,1377584004,411.0
719,1377584009,417.0
719,1377584014,408.0
719,1377584019,406.0
719,1377584024,408.0
719,1377584029,412.0
719,1377584034,404.0
719,1377584039,404.0
719,1377584044,405.0
719,1377584049,408.0
719,1377584054,412.0
719,1377584059,412.0
719,1377584064,413.0
719,1377584069,411.0
719,1377584074,409.0
719,1377584079,411.0
719,1377584084,407.0
719,1377584089,416.0
719,1377584094,418.0
719,1377584099,419.0
719,1377584104,413.0
719,1377584109,415.0
719,1377584114,418.0
719,1377584119,409.0
719,1377584124,408.0
719,1377584129,404.0
719,1377584134,404.0
719,1377584139,403.0
719,1377584144,408.0
719,1377584149,412.0
719,1377584154,419.0
719,1377584159,415.0
719,1377584164,424.0
719,1377584169,419.0
719,1377584174,413.0
719,1377584179,411.0
719,1377584184,407.0
719,1377584189,404.0
719,1377584194,404.0
719,1377584199,403.0
719,1377584204,409.0
719,1377584209,412.0
719,1377584214,409.0
719,1377584219,404.0
719,1377584224,391.0
719,1377584229,400.0
719,1377584234,396.0
719,1377584239,391.0
719,1377584244,392.0
719,1377584249,391.0
719,1377584254,398.0
719,1377584259,398.0
719,1377584264,401.0
719,1377584269,416.0
719,1377584274,406.0
719,1377584279,407.0
719,1377584284,407.0
719,1377584289,412.0
719,1377584294,406.0
719,1377584299,407.0
719,1377584304,412.0
719,1377584309,416.0
719,1377584314,415.0
719,1377584319,419.0
719,1377584324,419.0
719,1377584329,413.0
719,1377584334,412.0
719,1377584339,412.0
719,1377584344,412.0
719,1377584349,413.0
719,1377584354,411.0
719,1377584359,420.0
719,1377584364,412.0
719,1377584369,406.0
719,1377584374,407.0
719,1377584379,403.0
719,1377584384,403.0
719,1377584389,408.0
719,1377584394,409.0
719,1377584399,411.0
719,1377584404,411.0
719,1377584409,420.0
719,1377584414,422.0
719,1377584419,428.0
719,1377584424,432.0
719,1377584429,419.0
719,1377584434,422.0
719,1377584439,412.0
719,1377584444,406.0
719,1377584449,409.0
719,1377584454,412.0
719,1377584459,409.0
719,1377584464,416.0
719,1377584469,412.0
719,1377584474,407.0
719,1377584479,409.0
719,1377584484,403.0
719,1377584489,404.0
719,1377584494,398.0
719,1377584499,396.0
719,1377584504,396.0
719,1377584510,395.0
719,1377584514,395.0
719,1377584519,401.0
719,1377584524,403.0
719,1377584529,403.0
719,1377584534,408.0
719,1377584539,404.0
719,1377584544,403.0
719,1377584549,407.0
719,1377584554,403.0
719,1377584559,403.0
719,1377584564,401.0
719,1377584569,408.0
719,1377584574,409.0
719,1377584579,409.0
719,1377584584,414.0
719,1377584589,412.0
719,1377584594,406.0
719,1377584599,409.0
719,1377584604,406.0
719,1377584609,414.0
719,1377584614,406.0
719,1377584619,408.0
719,1377584624,408.0
719,1377584629,402.0
719,1377584634,406.0
719,1377584639,406.0
719,1377584644,404.0
719,1377584649,404.0
719,1377584654,408.0
719,1377584659,408.0
719,1377584664,406.0
719,1377584669,408.0
719,1377584674,407.0
719,1377584679,404.0
719,1377584684,403.0
719,1377584689,401.0
719,1377584694,401.0
719,1377584699,401.0
719,1377584704,405.0
719,1377584709,407.0
719,1377584714,409.0
719,1377584719,406.0
719,1377584724,408.0
719,1377584729,404.0
719,1377584734,409.0
719,1377584739,411.0
719,1377584744,418.0
719,1377584749,419.0
719,1377584754,419.0
719,1377584759,424.0
719,1377584764,422.0
719,1377584769,412.0
719,1377584774,408.0
719,1377584779,406.0
719,1377584784,409.0
719,1377584789,407.0
719,1377584794,414.0
719,1377584799,416.0
719,1377584804,408.0
719,1377584809,408.0
719,1377584814,408.0
719,1377584819,408.0
719,1377584824,408.0
719,1377584829,407.0
719,1377584834,416.0
719,1377584839,406.0
719,1377584844,409.0
719,1377584849,407.0
719,1377584854,406.0
719,1377584859,408.0
719,1377584864,403.0
719,1377584869,403.0
719,1377584874,408.0
719,1377584879,407.0
719,1377584884,418.0
719,1377584889,419.0
719,1377584894,413.0
719,1377584899,408.0
719,1377584904,401.0
719,1377584909,400.0
719,1377584914,401.0
719,1377584919,401.0
719,1377584924,408.0
719,1377584929,404.0
719,1377584934,403.0
719,1377584939,404.0
719,1377584944,403.0
719,1377584949,408.0
719,1377584954,407.0
719,1377584959,411.0
719,1377584964,411.0
719,1377584969,407.0
719,1377584974,409.0
719,1377584979,412.0
719,1377584984,414.0
719,1377584989,409.0
719,1377584994,404.0
719,1377584999,401.0
719,1377585004,401.0
719,1377585009,398.0
719,1377585014,398.0
719,1377585019,403.0
719,1377585024,399.0
719,1377585029,407.0
719,1377585034,409.0
719,1377585039,412.0
719,1377585044,413.0
719,1377585049,418.0
719,1377585054,409.0
719,1377585059,403.0
719,1377585064,401.0
719,1377585069,399.0
719,1377585074,404.0
719,1377585079,399.0
719,1377585084,403.0
719,1377585089,403.0
719,1377585094,401.0
719,1377585099,403.0
719,1377585104,408.0
719,1377585109,409.0
719,1377585114,411.0
719,1377585119,413.0
719,1377585124,417.0
719,1377585129,422.0
719,1377585134,411.0
719,1377585139,412.0
719,1377585144,412.0
719,1377585149,412.0
719,1377585154,418.0
719,1377585159,411.0
719,1377585164,413.0
719,1377585169,411.0
719,1377585174,422.0
719,1377585179,407.0
719,1377585184,411.0
719,1377585189,409.0
719,1377585194,399.0
719,1377585199,399.0
719,1377585204,399.0
719,1377585209,404.0
719,1377585214,407.0
719,1377585219,414.0
719,1377585224,409.0
719,1377585229,412.0
719,1377585234,409.0
719,1377585239,409.0
719,1377585244,403.0
719,1377585249,404.0
719,1377585254,401.0
719,1377585259,400.0
719,1377585264,398.0
719,1377585269,403.0
719,1377585274,403.0
719,1377585279,406.0
719,1377585284,409.0
719,1377585289,418.0
719,1377585294,411.0
719,1377585299,420.0
719,1377585304,412.0
719,1377585309,407.0
719,1377585314,412.0
719,1377585319,412.0
719,1377585324,408.0
719,1377585329,409.0
719,1377585334,403.0
719,1377585339,403.0
719,1377585344,404.0
719,1377585349,406.0
719,1377585354,406.0
719,1377585359,412.0
719,1377585364,416.0
719,1377585369,412.0
719,1377585378,416.0
719,1377585379,407.0
719,1377585384,422.0
719,1377585389,409.0
719,1377585394,409.0
719,1377585399,408.0
719,1377585404,407.0
719,1377585409,416.0
719,1377585414,408.0
719,1377585419,406.0
719,1377585424,414.0
719,1377585429,407.0
719,1377585434,403.0
719,1377585439,402.0
719,1377585444,406.0
719,1377585449,398.0
719,1377585454,400.0
719,1377585459,397.0
719,1377585464,391.0
719,1377585469,393.0
719,1377585474,395.0
719,1377585479,398.0
719,1377585484,404.0
719,1377585489,404.0
719,1377585494,406.0
719,1377585499,403.0
719,1377585504,406.0
719,1377585509,414.0
719,1377585514,408.0
719,1377585519,409.0
719,1377585524,412.0
719,1377585529,407.0
719,1377585534,407.0
719,1377585539,412.0
719,1377585544,406.0
719,1377585549,408.0
719,1377585554,404.0
719,1377585559,406.0
719,1377585564,407.0
719,1377585569,409.0
719,1377585574,406.0
719,1377585579,412.0
719,1377585584,406.0
719,1377585589,407.0
719,1377585594,406.0
719,1377585599,407.0
719,1377585604,411.0
719,1377585609,420.0
719,1377585614,422.0
719,1377585619,422.0
719,1377585624,419.0
719,1377585629,418.0
719,1377585634,413.0
719,1377585639,417.0
719,1377585644,420.0
719,1377585649,411.0
719,1377585654,413.0
719,1377585659,407.0
719,1377585664,418.0
719,1377585669,409.0
719,1377585674,407.0
719,1377585679,406.0
719,1377585684,412.0
719,1377585689,409.0
719,1377585694,408.0
719,1377585699,406.0
719,1377585704,401.0
719,1377585709,398.0
719,1377585714,398.0
719,1377585719,398.0
719,1377585724,408.0
719,1377585729,412.0
719,1377585734,406.0
719,1377585739,411.0
719,1377585744,406.0
719,1377585749,406.0
719,1377585754,403.0
719,1377585759,406.0
719,1377585764,406.0
719,1377585769,406.0
719,1377585774,407.0
719,1377585779,412.0
719,1377585784,409.0
719,1377585789,412.0
719,1377585794,407.0
719,1377585799,414.0
719,1377585804,403.0
719,1377585809,395.0
719,1377585814,396.0
719,1377585819,398.0
719,1377585824,401.0
719,1377585829,401.0
719,1377585834,401.0
719,1377585839,397.0
719,1377585844,398.0
719,1377585849,398.0
719,1377585854,404.0
719,1377585859,407.0
719,1377585864,408.0
719,1377585869,408.0
719,1377585874,406.0
719,1377585879,401.0
719,1377585884,402.0
719,1377585889,391.0
719,1377585894,397.0
719,1377585899,396.0
719,1377585904,399.0
719,1377585909,403.0
719,1377585914,416.0
719,1377585919,412.0
719,1377585924,411.0
719,1377585929,407.0
719,1377585934,408.0
719,1377585939,406.0
719,1377585944,409.0
719,1377585949,404.0
719,1377585954,404.0
719,1377585959,403.0
719,1377585964,398.0
719,1377585969,401.0
719,1377585974,404.0
719,1377585979,407.0
719,1377585984,409.0
719,1377585989,408.0
719,1377585994,406.0
719,1377585999,404.0
719,1377586004,401.0
719,1377586009,412.0
719,1377586014,400.0
719,1377586019,399.0
719,1377586024,395.0
719,1377586029,397.0
719,1377586034,403.0
719,1377586039,408.0
719,1377586044,401.0
719,1377586049,406.0
719,1377586054,404.0
719,1377586059,414.0
719,1377586064,406.0
719,1377586069,406.0
719,1377586074,408.0
719,1377586079,408.0
719,1377586084,408.0
719,1377586089,412.0
719,1377586094,412.0
719,1377586099,413.0
719,1377586104,416.0
719,1377586109,406.0
719,1377586114,406.0
719,1377586119,398.0
719,1377586124,403.0
719,1377586129,406.0
719,1377586134,416.0
719,1377586139,412.0
719,1377586144,409.0
719,1377586149,409.0
719,1377586154,406.0
719,1377586159,397.0
719,1377586164,398.0
719,1377586169,398.0
719,1377586174,397.0
719,1377586179,398.0
719,1377586184,402.0
719,1377586189,408.0
719,1377586194,407.0
719,1377586199,409.0
719,1377586204,412.0
719,1377586209,407.0
719,1377586214,416.0
719,1377586219,409.0
719,1377586224,411.0
719,1377586229,418.0
719,1377586234,407.0
719,1377586239,412.0
719,1377586244,412.0
719,1377586251,406.0
719,1377586254,403.0
719,1377586259,403.0
719,1377586264,397.0
719,1377586269,399.0
719,1377586274,409.0
719,1377586279,411.0
719,1377586284,413.0
719,1377586289,418.0
719,1377586294,416.0
719,1377586299,412.0
719,1377586304,407.0
719,1377586309,412.0
719,1377586314,403.0
719,1377586319,409.0
719,1377586324,409.0
719,1377586329,406.0
719,1377586334,402.0
719,1377586339,396.0
719,1377586344,393.0
719,1377586349,393.0
719,1377586354,398.0
719,1377586359,412.0
719,1377586364,409.0
719,1377586369,412.0
719,1377586374,407.0
719,1377586379,411.0
719,1377586384,422.0
719,1377586389,412.0
719,1377586394,406.0
719,1377586399,412.0
719,1377586404,416.0
719,1377586409,412.0
719,1377586414,414.0
719,1377586419,409.0
719,1377586424,407.0
719,1377586429,408.0
719,1377586434,403.0
719,1377586439,403.0
719,1377586444,401.0
719,1377586449,397.0
719,1377586454,397.0
719,1377586459,406.0
719,1377586464,408.0
719,1377586469,414.0
719,1377586474,414.0
719,1377586479,412.0
719,1377586484,409.0
719,1377586489,409.0
719,1377586494,409.0
719,1377586499,409.0
719,1377586504,404.0
719,1377586509,409.0
719,1377586514,409.0
719,1377586519,411.0
719,1377586524,409.0
719,1377586529,411.0
719,1377586534,411.0
719,1377586539,412.0
719,1377586544,404.0
719,1377586549,403.0
719,1377586554,397.0
719,1377586559,398.0
719,1377586564,395.0
719,1377586569,402.0
719,1377586574,403.0
719,1377586579,411.0
719,1377586584,413.0
719,1377586589,411.0
719,1377586594,412.0
719,1377586599,406.0
719,1377586604,398.0
719,1377586609,399.0
719,1377586614,404.0
719,1377586619,412.0
719,1377586624,411.0
719,1377586629,418.0
719,1377586634,411.0
719,1377586639,416.0
719,1377586644,413.0
719,1377586649,413.0
719,1377586654,411.0
719,1377586659,419.0
719,1377586664,417.0
719,1377586669,416.0
719,1377586674,418.0
719,1377586679,413.0
719,1377586684,424.0
719,1377586689,411.0
719,1377586694,418.0
719,1377586699,413.0
719,1377586704,411.0
719,1377586709,411.0
719,1377586714,412.0
719,1377586719,404.0
719,1377586724,404.0
719,1377586729,398.0
719,1377586734,398.0
719,1377586739,401.0
719,1377586744,406.0
719,1377586749,407.0
719,1377586754,416.0
719,1377586759,413.0
719,1377586764,413.0
719,1377586769,406.0
719,1377586774,406.0
719,1377586779,412.0
719,1377586784,401.0
719,1377586789,402.0
719,1377586794,401.0
719,1377586799,401.0
719,1377586804,401.0
719,1377586809,404.0
719,1377586814,401.0
719,1377586819,401.0
719,1377586824,402.0
719,1377586829,403.0
719,1377586834,407.0
719,1377586839,414.0
719,1377586844,412.0
719,1377586849,407.0
719,1377586854,412.0
719,1377586859,412.0
719,1377586864,406.0
719,1377586869,404.0
719,1377586874,403.0
719,1377586879,401.0
719,1377586884,403.0
719,1377586889,412.0
719,1377586894,413.0
719,1377586899,416.0
719,1377586904,414.0
719,1377586909,409.0
719,1377586914,406.0
719,1377586919,416.0
719,1377586924,415.0
719,1377586929,413.0
719,1377586934,422.0
719,1377586939,411.0
719,1377586944,412.0
719,1377586949,407.0
719,1377586954,407.0
719,1377586959,412.0
719,1377586964,406.0
719,1377586969,407.0
719,1377586974,409.0
719,1377586979,412.0
719,1377586984,407.0
719,1377586989,407.0
719,1377586994,408.0
719,1377586999,406.0
719,1377587004,406.0
719,1377587009,408.0
719,1377587014,408.0
719,1377587019,408.0
719,1377587024,408.0
719,1377587029,412.0
719,1377587034,409.0
719,1377587039,411.0
719,1377587044,408.0
719,1377587049,399.0
719,1377587054,398.0
719,1377587059,390.0
719,1377587064,396.0
719,1377587069,397.0
719,1377587074,408.0
719,1377587079,408.0
719,1377587084,403.0
719,1377587089,405.0
719,1377587094,403.0
719,1377587099,406.0
719,1377587104,404.0
719,1377587109,406.0
719,1377587115,409.0
719,1377587119,407.0
719,1377587124,409.0
719,1377587129,418.0
719,1377587134,408.0
719,1377587139,403.0
719,1377587144,408.0
719,1377587149,403.0
719,1377587154,404.0
719,1377587159,406.0
719,1377587164,407.0
719,1377587169,407.0
719,1377587174,407.0
719,1377587179,404.0
719,1377587184,408.0
719,1377587189,407.0
719,1377587194,409.0
719,1377587199,411.0
719,1377587204,418.0
719,1377587209,418.0
719,1377587214,416.0
719,1377587219,414.0
719,1377587224,408.0
719,1377587229,408.0
719,1377587234,408.0
719,1377587239,408.0
719,1377587244,403.0
719,1377587249,408.0
719,1377587254,408.0
719,1377587259,407.0
719,1377587264,412.0
719,1377587269,413.0
719,1377587274,409.0
719,1377587279,412.0
719,1377587284,404.0
719,1377587289,408.0
719,1377587294,409.0
719,1377587299,409.0
719,1377587304,411.0
719,1377587309,413.0
719,1377587314,411.0
719,1377587319,411.0
719,1377587324,409.0
719,1377587329,406.0
719,1377587334,406.0
719,1377587339,407.0
719,1377587344,404.0
719,1377587349,399.0
719,1377587354,401.0
719,1377587359,400.0
719,1377587364,401.0
719,1377587369,400.0
719,1377587374,403.0
719,1377587379,402.0
719,1377587384,403.0
719,1377587389,397.0
719,1377587394,403.0
719,1377587399,401.0
719,1377587404,401.0
719,1377587409,402.0
719,1377587414,403.0
719,1377587419,404.0
719,1377587424,404.0
719,1377587429,406.0
719,1377587434,412.0
719,1377587439,406.0
719,1377587444,403.0
719,1377587449,398.0
719,1377587454,397.0
719,1377587459,398.0
719,1377587464,398.0
719,1377587469,397.0
719,1377587474,398.0
719,1377587479,393.0
719,1377587484,396.0
719,1377587489,391.0
719,1377587494,397.0
719,1377587499,412.0
719,1377587504,406.0
719,1377587509,409.0
719,1377587514,412.0
719,1377587519,407.0
719,1377587524,407.0
719,1377587529,412.0
719,1377587534,403.0
719,1377587539,401.0
719,1377587544,395.0
719,1377587549,391.0
719,1377587554,396.0
719,1377587559,399.0
719,1377587564,401.0
719,1377587569,407.0
719,1377587574,409.0
719,1377587579,409.0
719,1377587584,411.0
719,1377587589,409.0
719,1377587594,418.0
719,1377587599,413.0
719,1377587604,413.0
719,1377587609,407.0
719,1377587614,407.0
719,1377587619,407.0
719,1377587624,413.0
719,1377587629,406.0
719,1377587634,406.0
719,1377587639,403.0
719,1377587644,403.0
719,1377587649,399.0
719,1377587654,403.0
719,1377587659,410.0
719,1377587664,406.0
719,1377587669,412.0
719,1377587674,409.0
719,1377587679,399.0
719,1377587684,402.0
719,1377587689,412.0
719,1377587694,406.0
719,1377587699,411.0
719,1377587704,419.0
719,1377587709,413.0
719,1377587714,418.0
719,1377587719,406.0
719,1377587724,406.0
719,1377587729,406.0
719,1377587734,406.0
719,1377587739,412.0
719,1377587744,409.0
719,1377587749,408.0
719,1377587754,404.0
719,1377587759,401.0
719,1377587764,398.0
719,1377587769,402.0
719,1377587774,403.0
719,1377587779,408.0
719,1377587784,408.0
719,1377587789,407.0
719,1377587794,407.0
719,1377587799,406.0
719,1377587804,404.0
719,1377587809,404.0
719,1377587814,400.0
719,1377587819,398.0
719,1377587824,407.0
719,1377587829,406.0
719,1377587834,407.0
719,1377587839,412.0
719,1377587844,408.0
719,1377587849,412.0
719,1377587854,409.0
719,1377587859,407.0
719,1377587864,409.0
719,1377587869,412.0
719,1377587874,406.0
719,1377587879,408.0
719,1377587884,406.0
719,1377587889,411.0
719,1377587894,414.0
719,1377587899,412.0
719,1377587904,413.0
719,1377587909,406.0
719,1377587914,416.0
719,1377587919,416.0
719,1377587924,411.0
719,1377587929,417.0
719,1377587934,411.0
719,1377587939,407.0
719,1377587944,407.0
719,1377587951,409.0
719,1377587954,407.0
719,1377587959,411.0
719,1377587964,412.0
719,1377587969,409.0
719,1377587974,409.0
719,1377587979,408.0
719,1377587984,406.0
719,1377587989,403.0
719,1377587994,403.0
719,1377587999,398.0
719,1377588004,399.0
719,1377588009,403.0
719,1377588014,401.0
719,1377588019,406.0
719,1377588024,404.0
719,1377588029,406.0
719,1377588034,409.0
719,1377588039,416.0
719,1377588044,407.0
719,1377588049,412.0
719,1377588054,408.0
719,1377588059,401.0
719,1377588064,397.0
719,1377588069,400.0
719,1377588074,398.0
719,1377588079,403.0
719,1377588084,406.0
719,1377588089,412.0
719,1377588094,414.0
719,1377588099,411.0
719,1377588104,416.0
719,1377588109,422.0
719,1377588114,418.0
719,1377588119,412.0
719,1377588124,406.0
719,1377588129,403.0
719,1377588134,401.0
719,1377588139,404.0
719,1377588144,408.0
719,1377588149,407.0
719,1377588154,407.0
719,1377588159,409.0
719,1377588164,409.0
719,1377588169,403.0
719,1377588174,408.0
719,1377588179,403.0
719,1377588184,412.0
719,1377588189,406.0
719,1377588194,412.0
719,1377588199,420.0
719,1377588204,411.0
719,1377588209,416.0
719,1377588214,406.0
719,1377588219,403.0
719,1377588224,406.0
719,1377588229,403.0
719,1377588234,407.0
719,1377588239,408.0
719,1377588244,409.0
719,1377588249,408.0
719,1377588254,406.0
719,1377588259,409.0
719,1377588264,407.0
719,1377588269,412.0
719,1377588274,407.0
719,1377588279,413.0
719,1377588284,408.0
719,1377588289,412.0
719,1377588294,403.0
719,1377588299,406.0
719,1377588304,403.0
719,1377588309,411.0
719,1377588314,409.0
719,1377588319,406.0
719,1377588324,412.0
719,1377588329,404.0
719,1377588334,406.0
719,1377588339,404.0
719,1377588344,408.0
719,1377588349,412.0
719,1377588354,406.0
719,1377588359,420.0
719,1377588364,412.0
719,1377588369,414.0
719,1377588374,411.0
719,1377588379,407.0
719,1377588384,407.0
719,1377588389,412.0
719,1377588394,403.0
719,1377588399,402.0
719,1377588404,401.0
719,1377588409,402.0
719,1377588414,408.0
719,1377588419,412.0
719,1377588424,409.0
719,1377588429,412.0
719,1377588434,407.0
719,1377588439,403.0
719,1377588444,404.0
719,1377588449,395.0
719,1377588454,395.0
719,1377588459,393.0
719,1377588464,395.0
719,1377588469,397.0
719,1377588474,399.0
719,1377588479,404.0
719,1377588484,404.0
719,1377588489,397.0
719,1377588494,397.0
719,1377588499,398.0
719,1377588504,396.0
719,1377588509,392.0
719,1377588514,387.0
719,1377588519,388.0
719,1377588524,390.0
719,1377588529,396.0
719,1377588534,403.0
719,1377588539,418.0
719,1377588544,412.0
719,1377588549,412.0
719,1377588554,407.0
719,1377588559,411.0
719,1377588564,412.0
719,1377588569,412.0
719,1377588574,407.0
719,1377588579,418.0
719,1377588584,412.0
719,1377588589,407.0
719,1377588594,402.0
719,1377588599,393.0
719,1377588604,392.0
719,1377588609,393.0
719,1377588614,398.0
719,1377588619,409.0
719,1377588624,409.0
719,1377588629,407.0
719,1377588634,407.0
719,1377588639,412.0
719,1377588644,406.0
719,1377588649,407.0
719,1377588654,408.0
719,1377588659,407.0
719,1377588664,408.0
719,1377588669,403.0
719,1377588674,404.0
719,1377588679,397.0
719,1377588684,406.0
719,1377588689,398.0
719,1377588694,403.0
719,1377588699,406.0
719,1377588704,409.0
719,1377588709,408.0
719,1377588714,407.0
719,1377588719,409.0
719,1377588724,409.0
719,1377588729,412.0
719,1377588734,412.0
719,1377588739,412.0
719,1377588744,407.0
719,1377588749,403.0
719,1377588754,406.0
719,1377588759,412.0
719,1377588764,411.0
719,1377588769,412.0
719,1377588774,416.0
719,1377588779,419.0
719,1377588784,414.0
719,1377588791,413.0
719,1377588794,406.0
719,1377588799,399.0
719,1377588804,408.0
719,1377588809,412.0
719,1377588814,422.0
719,1377588819,425.0
719,1377588824,422.0
719,1377588829,413.0
719,1377588834,416.0
719,1377588839,408.0
719,1377588844,406.0
719,1377588849,403.0
719,1377588854,401.0
719,1377588859,401.0
719,1377588864,396.0
719,1377588869,402.0
719,1377588874,401.0
719,1377588879,412.0
719,1377588884,406.0
719,1377588889,406.0
719,1377588894,408.0
719,1377588899,408.0
719,1377588904,407.0
719,1377588909,412.0
719,1377588914,407.0
719,1377588919,406.0
719,1377588924,406.0
719,1377588929,398.0
719,1377588934,397.0
719,1377588939,398.0
719,1377588944,406.0
719,1377588949,408.0
719,1377588954,411.0
719,1377588959,416.0
719,1377588964,414.0
719,1377588969,407.0
719,1377588974,408.0
719,1377588979,408.0
719,1377588984,406.0
719,1377588989,406.0
719,1377588994,409.0
719,1377588999,408.0
719,1377589004,408.0
719,1377589009,401.0
719,1377589014,400.0
719,1377589019,390.0
719,1377589024,391.0
719,1377589029,393.0
719,1377589034,396.0
719,1377589039,399.0
719,1377589044,403.0
719,1377589049,409.0
719,1377589054,412.0
719,1377589059,418.0
719,1377589064,413.0
719,1377589069,409.0
719,1377589074,403.0
719,1377589079,403.0
719,1377589084,395.0
719,1377589089,395.0
719,1377589094,400.0
719,1377589099,401.0
719,1377589104,403.0
719,1377589109,406.0
719,1377589114,413.0
719,1377589119,419.0
719,1377589124,420.0
719,1377589129,413.0
719,1377589134,412.0
719,1377589139,411.0
719,1377589144,416.0
719,1377589149,412.0
719,1377589154,407.0
719,1377589159,406.0
719,1377589164,403.0
719,1377589169,402.0
719,1377589174,401.0
719,1377589179,402.0
719,1377589184,401.0
719,1377589189,406.0
719,1377589194,412.0
719,1377589199,413.0
719,1377589204,413.0
719,1377589209,419.0
719,1377589214,417.0
719,1377589219,407.0
719,1377589224,411.0
719,1377589229,412.0
719,1377589234,407.0
719,1377589239,397.0
719,1377589244,398.0
719,1377589249,400.0
719,1377589254,408.0
719,1377589259,407.0
719,1377589264,416.0
719,1377589269,418.0
719,1377589274,406.0
719,1377589279,412.0
719,1377589284,397.0
719,1377589289,402.0
719,1377589294,396.0
719,1377589299,402.0
719,1377589304,401.0
719,1377589309,401.0
719,1377589314,390.0
719,1377589319,391.0
719,1377589324,393.0
719,1377589329,391.0
719,1377589334,395.0
719,1377589339,398.0
719,1377589344,408.0
719,1377589349,412.0
719,1377589354,409.0
719,1377589359,407.0
719,1377589364,412.0
719,1377589369,414.0
719,1377589374,412.0
719,1377589379,407.0
719,1377589384,414.0
719,1377589389,406.0
719,1377589394,405.0
719,1377589399,400.0
719,1377589404,397.0
719,1377589409,401.0
719,1377589414,399.0
719,1377589419,403.0
719,1377589424,412.0
719,1377589429,403.0
719,1377589434,416.0
719,1377589439,398.0
719,1377589444,398.0
719,1377589449,397.0
719,1377589454,402.0
719,1377589459,404.0
719,1377589464,408.0
719,1377589469,404.0
719,1377589474,403.0
719,1377589479,403.0
719,1377589484,408.0
719,1377589489,409.0
719,1377589494,409.0
719,1377589499,411.0
719,1377589504,412.0
719,1377589509,406.0
719,1377589514,403.0
719,1377589519,403.0
719,1377589524,406.0
719,1377589529,407.0
719,1377589534,412.0
719,1377589539,411.0
719,1377589544,419.0
719,1377589549,415.0
719,1377589554,413.0
719,1377589559,413.0
719,1377589564,413.0
719,1377589569,428.0
719,1377589574,418.0
719,1377589579,416.0
719,1377589584,412.0
719,1377589589,399.0
719,1377589594,398.0
719,1377589599,402.0
719,1377589604,398.0
719,1377589609,408.0
719,1377589619,407.0
719,1377589624,406.0
719,1377589629,398.0
719,1377589634,401.0
719,1377589639,404.0
719,1377589644,397.0
719,1377589649,402.0
719,1377589654,404.0
719,1377589659,402.0
719,1377589664,403.0
719,1377589669,404.0
719,1377589674,404.0
719,1377589679,401.0
719,1377589684,403.0
719,1377589689,406.0
719,1377589694,409.0
719,1377589699,408.0
719,1377589704,406.0
719,1377589709,406.0
719,1377589714,406.0
719,1377589719,406.0
719,1377589724,406.0
719,1377589729,403.0
719,1377589734,397.0
719,1377589739,396.0
719,1377589744,396.0
719,1377589749,398.0
719,1377589754,397.0
719,1377589759,406.0
719,1377589764,406.0
719,1377589769,407.0
719,1377589774,409.0
719,1377589779,412.0
719,1377589784,412.0
719,1377589789,406.0
719,1377589794,408.0
719,1377589799,406.0
719,1377589804,407.0
719,1377589809,412.0
719,1377589814,408.0
719,1377589819,406.0
719,1377589824,403.0
719,1377589829,403.0
719,1377589834,408.0
719,1377589839,407.0
719,1377589844,407.0
719,1377589849,406.0
719,1377589854,409.0
719,1377589859,414.0
719,1377589864,407.0
719,1377589869,407.0
719,1377589874,409.0
719,1377589879,403.0
719,1377589884,401.0
719,1377589889,397.0
719,1377589894,401.0
719,1377589899,399.0
719,1377589904,403.0
719,1377589909,403.0
719,1377589914,408.0
719,1377589919,412.0
719,1377589924,403.0
719,1377589929,408.0
719,1377589934,409.0
719,1377589939,412.0
719,1377589944,407.0
719,1377589949,412.0
719,1377589954,412.0
719,1377589959,412.0
719,1377589964,401.0
719,1377589969,398.0
719,1377589974,401.0
719,1377589979,402.0
719,1377589984,397.0
719,1377589989,401.0
719,1377589994,399.0
719,1377589999,399.0
719,1377590004,401.0
719,1377590009,397.0
719,1377590014,397.0
719,1377590019,398.0
719,1377590024,391.0
719,1377590029,396.0
719,1377590034,388.0
719,1377590039,396.0
719,1377590044,396.0
719,1377590049,401.0
719,1377590054,404.0
719,1377590059,406.0
719,1377590064,404.0
719,1377590069,409.0
719,1377590074,404.0
719,1377590079,406.0
719,1377590084,401.0
719,1377590089,403.0
719,1377590094,398.0
719,1377590099,393.0
719,1377590104,392.0
719,1377590109,387.0
719,1377590114,388.0
719,1377590119,393.0
719,1377590124,398.0
719,1377590129,408.0
719,1377590134,407.0
719,1377590139,406.0
719,1377590144,406.0
719,1377590149,403.0
719,1377590154,403.0
719,1377590159,406.0
719,1377590164,420.0
719,1377590169,412.0
719,1377590174,406.0
719,1377590179,406.0
719,1377590184,412.0
719,1377590189,412.0
719,1377590194,420.0
719,1377590199,424.0
719,1377590204,415.0
719,1377590209,420.0
719,1377590214,418.0
719,1377590219,411.0
719,1377590224,411.0
719,1377590229,407.0
719,1377590234,409.0
719,1377590239,411.0
719,1377590244,412.0
719,1377590249,409.0
719,1377590254,402.0
719,1377590259,395.0
719,1377590264,393.0
719,1377590269,393.0
719,1377590274,390.0
719,1377590279,392.0
719,1377590284,388.0
719,1377590289,397.0
719,1377590294,401.0
719,1377590299,412.0
719,1377590304,408.0
719,1377590309,412.0
719,1377590314,406.0
719,1377590319,411.0
719,1377590324,413.0
719,1377590329,412.0
719,1377590334,408.0
719,1377590339,403.0
719,1377590344,401.0
719,1377590349,397.0
719,1377590354,401.0
719,1377590359,398.0
719,1377590364,401.0
719,1377590369,401.0
719,1377590374,395.0
719,1377590379,401.0
719,1377590384,400.0
719,1377590389,399.0
719,1377590394,403.0
719,1377590399,401.0
719,1377590404,403.0
719,1377590409,401.0
719,1377590414,398.0
719,1377590419,395.0
719,1377590424,391.0
719,1377590429,398.0
719,1377590434,396.0
719,1377590439,392.0
719,1377590444,393.0
719,1377590449,395.0
719,1377590454,398.0
719,1377590463,412.0
719,1377590464,416.0
719,1377590469,407.0
719,1377590474,409.0
719,1377590479,398.0
719,1377590484,404.0
719,1377590489,398.0
719,1377590494,391.0
719,1377590499,397.0
719,1377590504,398.0
719,1377590509,398.0
719,1377590514,397.0
719,1377590519,396.0
719,1377590524,391.0
719,1377590529,393.0
719,1377590534,401.0
719,1377590539,406.0
719,1377590544,412.0
719,1377590549,404.0
719,1377590554,408.0
719,1377590559,404.0
719,1377590564,406.0
719,1377590569,403.0
719,1377590574,397.0
719,1377590579,395.0
719,1377590584,398.0
719,1377590589,390.0
719,1377590594,399.0
719,1377590599,406.0
719,1377590604,406.0
719,1377590609,414.0
719,1377590614,407.0
719,1377590619,404.0
719,1377590624,406.0
719,1377590629,406.0
719,1377590634,416.0
719,1377590639,407.0
719,1377590644,409.0
719,1377590649,408.0
719,1377590654,408.0
719,1377590659,403.0
719,1377590664,412.0
719,1377590669,414.0
719,1377590674,413.0
719,1377590679,411.0
719,1377590684,419.0
719,1377590689,415.0
719,1377590694,418.0
719,1377590699,416.0
719,1377590704,407.0
719,1377590709,406.0
719,1377590714,407.0
719,1377590719,406.0
719,1377590724,404.0
719,1377590729,406.0
719,1377590734,397.0
719,1377590739,401.0
719,1377590744,395.0
719,1377590749,401.0
719,1377590754,401.0
719,1377590759,403.0
719,1377590764,409.0
719,1377590769,403.0
719,1377590774,398.0
719,1377590779,393.0
719,1377590784,385.0
719,1377590789,383.0
719,1377590794,393.0
719,1377590799,401.0
719,1377590804,398.0
719,1377590809,398.0
719,1377590814,392.0
719,1377590819,393.0
719,1377590824,393.0
719,1377590829,401.0
719,1377590834,398.0
719,1377590839,408.0
719,1377590844,408.0
719,1377590849,403.0
719,1377590854,408.0
719,1377590859,408.0
719,1377590864,398.0
719,1377590869,408.0
719,1377590874,403.0
719,1377590879,401.0
719,1377590884,401.0
719,1377590889,401.0
719,1377590894,401.0
719,1377590899,404.0
719,1377590904,404.0
719,1377590909,403.0
719,1377590914,402.0
719,1377590919,398.0
719,1377590924,397.0
719,1377590929,401.0
719,1377590934,402.0
719,1377590939,399.0
719,1377590944,399.0
719,1377590949,398.0
719,1377590954,397.0
719,1377590959,406.0
719,1377590964,409.0
719,1377590969,412.0
719,1377590974,414.0
719,1377590979,418.0
719,1377590984,416.0
719,1377590989,414.0
719,1377590994,409.0
719,1377590999,406.0
719,1377591004,404.0
719,1377591009,403.0
719,1377591014,409.0
719,1377591019,406.0
719,1377591024,406.0
719,1377591029,408.0
719,1377591034,400.0
719,1377591039,401.0
719,1377591044,397.0
719,1377591049,397.0
719,1377591054,397.0
719,1377591059,404.0
719,1377591064,401.0
719,1377591069,401.0
719,1377591074,395.0
719,1377591079,401.0
719,1377591084,393.0
719,1377591089,391.0
719,1377591094,395.0
719,1377591099,395.0
719,1377591104,396.0
719,1377591109,401.0
719,1377591114,406.0
719,1377591119,398.0
719,1377591124,403.0
719,1377591129,403.0
719,1377591134,402.0
719,1377591139,398.0
719,1377591144,401.0
719,1377591149,398.0
719,1377591154,398.0
719,1377591159,402.0
719,1377591164,397.0
719,1377591169,403.0
719,1377591174,406.0
719,1377591179,406.0
719,1377591184,409.0
719,1377591189,408.0
719,1377591194,409.0
719,1377591199,398.0
719,1377591204,412.0
719,1377591209,397.0
719,1377591214,395.0
719,1377591219,401.0
719,1377591224,397.0
719,1377591229,401.0
719,1377591234,404.0
719,1377591239,408.0
719,1377591244,406.0
719,1377591249,399.0
719,1377591254,406.0
719,1377591259,408.0
719,1377591264,416.0
719,1377591269,411.0
719,1377591274,412.0
719,1377591279,406.0
719,1377591284,407.0
719,1377591289,406.0
719,1377591294,408.0
719,1377591299,411.0
719,1377591304,407.0
719,1377591309,411.0
719,1377591316,409.0
719,1377591319,403.0
719,1377591324,401.0
719,1377591329,403.0
719,1377591334,395.0
719,1377591339,396.0
719,1377591344,393.0
719,1377591349,396.0
719,1377591354,390.0
719,1377591359,391.0
719,1377591364,391.0
719,1377591369,397.0
719,1377591374,402.0
719,1377591379,399.0
719,1377591384,406.0
719,1377591389,409.0
719,1377591394,407.0
719,1377591399,412.0
719,1377591404,404.0
719,1377591409,401.0
719,1377591414,404.0
719,1377591419,403.0
719,1377591424,404.0
719,1377591429,403.0
719,1377591434,397.0
719,1377591439,398.0
719,1377591444,408.0
719,1377591449,406.0
719,1377591454,403.0
719,1377591459,401.0
719,1377591464,401.0
719,1377591469,401.0
719,1377591474,401.0
719,1377591479,406.0
719,1377591484,402.0
719,1377591489,401.0
719,1377591494,395.0
719,1377591499,397.0
719,1377591504,398.0
719,1377591509,397.0
719,1377591514,401.0
719,1377591519,397.0
719,1377591524,397.0
719,1377591529,401.0
719,1377591534,398.0
719,1377591539,396.0
719,1377591544,395.0
719,1377591549,402.0
719,1377591554,398.0
719,1377591559,397.0
719,1377591564,396.0
719,1377591569,391.0
719,1377591574,393.0
719,1377591579,393.0
719,1377591584,396.0
719,1377591589,393.0
719,1377591594,397.0
719,1377591599,399.0
719,1377591604,407.0
719,1377591609,407.0
719,1377591614,412.0
719,1377591619,401.0
719,1377591624,398.0
719,1377591629,398.0
719,1377591634,398.0
719,1377591639,398.0
719,1377591644,398.0
719,1377591649,398.0
719,1377591654,391.0
719,1377591659,389.0
719,1377591664,383.0
719,1377591669,382.0
719,1377591674,390.0
719,1377591679,393.0
719,1377591684,391.0
719,1377591689,398.0
719,1377591694,401.0
719,1377591699,399.0
719,1377591704,401.0
719,1377591709,400.0
719,1377591714,398.0
719,1377591719,397.0
719,1377591724,404.0
719,1377591729,408.0
719,1377591734,404.0
719,1377591739,403.0
719,1377591744,398.0
719,1377591749,391.0
719,1377591754,397.0
719,1377591759,404.0
719,1377591764,402.0
719,1377591769,398.0
719,1377591774,398.0
719,1377591779,397.0
719,1377591784,401.0
719,1377591789,404.0
719,1377591794,408.0
719,1377591799,406.0
719,1377591804,403.0
719,1377591809,403.0
719,1377591814,397.0
719,1377591819,398.0
719,1377591824,398.0
719,1377591829,395.0
719,1377591834,387.0
719,1377591839,390.0
719,1377591844,387.0
719,1377591849,388.0
719,1377591854,392.0
719,1377591859,390.0
719,1377591864,398.0
719,1377591869,398.0
719,1377591874,397.0
719,1377591879,397.0
719,1377591884,396.0
719,1377591889,387.0
719,1377591894,388.0
719,1377591899,393.0
719,1377591904,393.0
719,1377591909,398.0
719,1377591914,404.0
719,1377591919,402.0
719,1377591924,401.0
719,1377591929,397.0
719,1377591934,401.0
719,1377591939,398.0
719,1377591944,401.0
719,1377591949,401.0
719,1377591954,398.0
719,1377591959,397.0
719,1377591964,401.0
719,1377591969,406.0
719,1377591974,408.0
719,1377591979,412.0
719,1377591984,404.0
719,1377591989,402.0
719,1377591994,393.0
719,1377591999,390.0
719,1377592004,390.0
719,1377592009,393.0
719,1377592014,396.0
719,1377592019,391.0
719,1377592024,387.0
719,1377592029,390.0
719,1377592034,392.0
719,1377592039,390.0
719,1377592044,387.0
719,1377592049,392.0
719,1377592054,390.0
719,1377592059,390.0
719,1377592064,401.0
719,1377592069,406.0
719,1377592074,406.0
719,1377592079,407.0
719,1377592084,401.0
719,1377592089,393.0
719,1377592094,390.0
719,1377592099,390.0
719,1377592104,388.0
719,1377592109,396.0
719,1377592114,398.0
719,1377592119,398.0
719,1377592124,391.0
719,1377592129,393.0
719,1377592134,391.0
719,1377592139,388.0
719,1377592144,392.0
719,1377592149,398.0
719,1377592159,407.0
719,1377592164,414.0
719,1377592169,402.0
719,1377592174,397.0
719,1377592179,396.0
719,1377592184,401.0
719,1377592189,400.0
719,1377592194,400.0
719,1377592199,392.0
719,1377592204,390.0
719,1377592209,387.0
719,1377592214,385.0
719,1377592219,388.0
719,1377592224,385.0
719,1377592229,390.0
719,1377592234,396.0
719,1377592239,391.0
719,1377592244,398.0
719,1377592249,400.0
719,1377592254,395.0
719,1377592259,395.0
719,1377592264,393.0
719,1377592269,396.0
719,1377592274,401.0
719,1377592279,402.0
719,1377592284,401.0
719,1377592289,402.0
719,1377592294,406.0
719,1377592299,406.0
719,1377592304,412.0
719,1377592309,407.0
719,1377592314,412.0
719,1377592319,399.0
719,1377592324,401.0
719,1377592329,402.0
719,1377592334,393.0
719,1377592339,392.0
719,1377592344,392.0
719,1377592349,391.0
719,1377592354,401.0
719,1377592359,401.0
719,1377592364,406.0
719,1377592369,406.0
719,1377592374,397.0
719,1377592379,400.0
719,1377592384,396.0
719,1377592389,401.0
719,1377592394,397.0
719,1377592399,399.0
719,1377592404,393.0
719,1377592409,398.0
719,1377592414,400.0
719,1377592419,396.0
719,1377592424,391.0
719,1377592429,396.0
719,1377592434,400.0
719,1377592439,393.0
719,1377592444,396.0
719,1377592449,400.0
719,1377592454,397.0
719,1377592459,391.0
719,1377592464,391.0
719,1377592469,391.0
719,1377592474,393.0
719,1377592479,397.0
719,1377592484,398.0
719,1377592489,398.0
719,1377592494,396.0
719,1377592499,396.0
719,1377592504,397.0
719,1377592509,398.0
719,1377592514,398.0
719,1377592519,401.0
719,1377592524,403.0
719,1377592529,408.0
719,1377592534,406.0
719,1377592539,404.0
719,1377592544,395.0
719,1377592549,402.0
719,1377592554,400.0
719,1377592559,398.0
719,1377592564,398.0
719,1377592569,402.0
719,1377592574,404.0
719,1377592579,408.0
719,1377592584,406.0
719,1377592589,406.0
719,1377592594,406.0
719,1377592599,406.0
719,1377592604,401.0
719,1377592609,401.0
719,1377592614,401.0
719,1377592619,397.0
719,1377592624,401.0
719,1377592629,397.0
719,1377592634,400.0
719,1377592639,397.0
719,1377592644,399.0
719,1377592649,393.0
719,1377592654,393.0
719,1377592659,396.0
719,1377592664,392.0
719,1377592669,392.0
719,1377592674,382.0
719,1377592679,388.0
719,1377592684,387.0
719,1377592689,393.0
719,1377592694,396.0
719,1377592699,398.0
719,1377592704,401.0
719,1377592709,401.0
719,1377592714,401.0
719,1377592719,396.0
719,1377592724,391.0
719,1377592729,398.0
719,1377592734,396.0
719,1377592739,391.0
719,1377592744,396.0
719,1377592749,391.0
719,1377592754,388.0
719,1377592759,392.0
719,1377592764,391.0
719,1377592769,398.0
719,1377592774,401.0
719,1377592779,408.0
719,1377592784,409.0
719,1377592789,408.0
719,1377592794,397.0
719,1377592799,395.0
719,1377592804,395.0
719,1377592809,398.0
719,1377592814,398.0
719,1377592819,390.0
719,1377592824,392.0
719,1377592829,393.0
719,1377592834,396.0
719,1377592839,390.0
719,1377592844,395.0
719,1377592849,396.0
719,1377592854,396.0
719,1377592859,396.0
719,1377592864,391.0
719,1377592869,390.0
719,1377592874,396.0
719,1377592879,388.0
719,1377592884,387.0
719,1377592889,392.0
719,1377592894,393.0
719,1377592899,390.0
719,1377592904,396.0
719,1377592909,391.0
719,1377592914,401.0
719,1377592919,396.0
719,1377592924,401.0
719,1377592929,401.0
719,1377592934,401.0
719,1377592939,398.0
719,1377592944,398.0
719,1377592949,391.0
719,1377592954,396.0
719,1377592959,393.0
719,1377592964,391.0
719,1377592969,391.0
719,1377592974,393.0
719,1377592979,390.0
719,1377592984,393.0
719,1377592989,396.0
719,1377592994,400.0
719,1377592999,398.0
719,1377593004,397.0
719,1377593009,395.0
719,1377593014,396.0
719,1377593019,396.0
719,1377593029,389.0
719,1377593034,389.0
719,1377593039,396.0
719,1377593044,393.0
719,1377593049,396.0
719,1377593054,392.0
719,1377593059,392.0
719,1377593064,390.0
719,1377593069,392.0
719,1377593074,390.0
719,1377593079,390.0
719,1377593084,395.0
719,1377593089,397.0
719,1377593094,402.0
719,1377593099,397.0
719,1377593104,395.0
719,1377593109,401.0
719,1377593114,396.0
719,1377593119,392.0
719,1377593124,387.0
719,1377593129,385.0
719,1377593134,384.0
719,1377593139,381.0
719,1377593144,381.0
719,1377593149,379.0
719,1377593154,379.0
719,1377593159,384.0
719,1377593164,384.0
719,1377593169,387.0
719,1377593174,391.0
719,1377593179,401.0
719,1377593184,403.0
719,1377593189,404.0
719,1377593194,402.0
719,1377593199,390.0
719,1377593204,390.0
719,1377593209,392.0
719,1377593214,391.0
719,1377593219,393.0
719,1377593224,396.0
719,1377593229,401.0
719,1377593234,398.0
719,1377593239,398.0
719,1377593244,390.0
719,1377593249,391.0
719,1377593254,396.0
719,1377593259,393.0
719,1377593264,396.0
719,1377593269,395.0
719,1377593274,395.0
719,1377593279,396.0
719,1377593284,396.0
719,1377593289,396.0
719,1377593294,391.0
719,1377593299,396.0
719,1377593304,387.0
719,1377593309,392.0
719,1377593314,383.0
719,1377593319,388.0
719,1377593324,382.0
719,1377593329,393.0
719,1377593334,396.0
719,1377593339,401.0
719,1377593344,391.0
719,1377593349,393.0
719,1377593354,390.0
719,1377593359,390.0
719,1377593364,396.0
719,1377593369,396.0
719,1377593374,391.0
719,1377593379,390.0
719,1377593384,390.0
719,1377593389,388.0
719,1377593394,392.0
719,1377593399,395.0
719,1377593404,391.0
719,1377593409,396.0
719,1377593414,396.0
719,1377593419,390.0
719,1377593424,391.0
719,1377593429,395.0
719,1377593434,397.0
719,1377593439,398.0
719,1377593444,390.0
719,1377593449,390.0
719,1377593454,396.0
719,1377593459,391.0
719,1377593464,397.0
719,1377593469,396.0
719,1377593474,391.0
719,1377593479,387.0
719,1377593484,390.0
719,1377593489,388.0
719,1377593494,388.0
719,1377593499,388.0
719,1377593504,392.0
719,1377593509,392.0
719,1377593514,390.0
719,1377593519,390.0
719,1377593524,390.0
719,1377593529,391.0
719,1377593534,391.0
719,1377593539,390.0
719,1377593544,398.0
719,1377593549,401.0
719,1377593554,391.0
719,1377593559,391.0
719,1377593564,396.0
719,1377593569,397.0
719,1377593574,396.0
719,1377593579,393.0
719,1377593584,396.0
719,1377593589,390.0
719,1377593594,393.0
719,1377593599,390.0
719,1377593604,390.0
719,1377593609,393.0
719,1377593614,393.0
719,1377593619,390.0
719,1377593624,390.0
719,1377593629,393.0
719,1377593634,398.0
719,1377593639,393.0
719,1377593644,397.0
719,1377593649,398.0
719,1377593654,395.0
719,1377593659,398.0
719,1377593664,391.0
719,1377593669,393.0
719,1377593674,392.0
719,1377593679,392.0
719,1377593684,390.0
719,1377593689,395.0
719,1377593694,400.0
719,1377593699,398.0
719,1377593704,397.0
719,1377593709,396.0
719,1377593714,398.0
719,1377593719,392.0
719,1377593724,390.0
719,1377593729,392.0
719,1377593734,390.0
719,1377593739,391.0
719,1377593744,400.0
719,1377593749,398.0
719,1377593754,400.0
719,1377593759,398.0
719,1377593764,395.0
719,1377593769,391.0
719,1377593774,391.0
719,1377593779,383.0
719,1377593784,383.0
719,1377593789,390.0
719,1377593794,391.0
719,1377593799,401.0
719,1377593804,403.0
719,1377593809,401.0
719,1377593814,399.0
719,1377593819,397.0
719,1377593824,396.0
719,1377593829,393.0
719,1377593834,392.0
719,1377593839,396.0
719,1377593844,387.0
719,1377593853,392.0
719,1377593854,390.0
719,1377593859,393.0
719,1377593864,390.0
719,1377593869,396.0
719,1377593874,390.0
719,1377593879,392.0
719,1377593884,385.0
719,1377593889,382.0
719,1377593894,382.0
719,1377593899,388.0
719,1377593904,390.0
719,1377593909,397.0
719,1377593914,396.0
719,1377593919,393.0
719,1377593924,393.0
719,1377593929,387.0
719,1377593934,392.0
719,1377593939,385.0
719,1377593944,382.0
719,1377593949,387.0
719,1377593954,392.0
719,1377593959,388.0
719,1377593964,390.0
719,1377593969,383.0
719,1377593974,393.0
719,1377593979,391.0
719,1377593984,397.0
719,1377593989,401.0
719,1377593994,398.0
719,1377593999,395.0
719,1377594004,391.0
719,1377594009,396.0
719,1377594014,385.0
719,1377594019,383.0
719,1377594024,385.0
719,1377594029,382.0
719,1377594034,387.0
719,1377594039,393.0
719,1377594044,391.0
719,1377594049,404.0
719,1377594054,401.0
719,1377594059,401.0
719,1377594064,396.0
719,1377594069,396.0
719,1377594074,392.0
719,1377594079,393.0
719,1377594084,392.0
719,1377594089,390.0
719,1377594094,396.0
719,1377594099,391.0
719,1377594104,401.0
719,1377594109,401.0
719,1377594114,400.0
719,1377594119,390.0
719,1377594124,383.0
719,1377594129,382.0
719,1377594134,382.0
719,1377594139,387.0
719,1377594144,396.0
719,1377594149,393.0
719,1377594154,383.0
719,1377594159,385.0
719,1377594164,385.0
719,1377594169,385.0
719,1377594174,391.0
719,1377594179,396.0
719,1377594184,398.0
719,1377594189,390.0
719,1377594194,396.0
719,1377594199,396.0
719,1377594204,408.0
719,1377594209,402.0
719,1377594214,399.0
719,1377594219,401.0
719,1377594224,402.0
719,1377594229,397.0
719,1377594234,398.0
719,1377594239,406.0
719,1377594244,399.0
719,1377594249,397.0
719,1377594254,397.0
719,1377594259,393.0
719,1377594264,396.0
719,1377594269,393.0
719,1377594274,390.0
719,1377594279,392.0
719,1377594284,393.0
719,1377594289,398.0
719,1377594294,393.0
719,1377594299,393.0
719,1377594304,392.0
719,1377594309,392.0
719,1377594314,389.0
719,1377594319,390.0
719,1377594324,390.0
719,1377594329,393.0
719,1377594334,392.0
719,1377594339,395.0
719,1377594344,398.0
719,1377594349,398.0
719,1377594354,398.0
719,1377594359,396.0
719,1377594364,395.0
719,1377594369,396.0
719,1377594374,398.0
719,1377594379,396.0
719,1377594384,391.0
719,1377594389,396.0
719,1377594394,396.0
719,1377594399,400.0
719,1377594404,395.0
719,1377594409,396.0
719,1377594414,390.0
719,1377594419,387.0
719,1377594424,387.0
719,1377594429,387.0
719,1377594434,392.0
719,1377594439,390.0
719,1377594444,393.0
719,1377594449,387.0
719,1377594454,382.0
719,1377594459,387.0
719,1377594464,390.0
719,1377594469,397.0
719,1377594474,401.0
719,1377594479,395.0
719,1377594484,391.0
719,1377594489,390.0
719,1377594494,392.0
719,1377594499,383.0
719,1377594504,387.0
719,1377594509,388.0
719,1377594514,387.0
719,1377594519,385.0
719,1377594524,392.0
719,1377594529,388.0
719,1377594534,396.0
719,1377594539,392.0
719,1377594544,391.0
719,1377594549,396.0
719,1377594554,392.0
719,1377594559,392.0
719,1377594564,396.0
719,1377594569,388.0
719,1377594574,388.0
719,1377594579,392.0
719,1377594584,387.0
719,1377594589,395.0
719,1377594594,396.0
719,1377594599,390.0
719,1377594604,390.0
719,1377594609,396.0
719,1377594614,387.0
719,1377594619,390.0
719,1377594624,390.0
719,1377594629,387.0
719,1377594634,391.0
719,1377594639,390.0
719,1377594644,392.0
719,1377594649,383.0
719,1377594654,388.0
719,1377594659,383.0
719,1377594664,383.0
719,1377594674,387.0
719,1377594679,385.0
719,1377594684,385.0
719,1377594689,387.0
719,1377594694,393.0
719,1377594699,398.0
719,1377594704,398.0
719,1377594709,398.0
719,1377594714,409.0
719,1377594719,401.0
719,1377594724,402.0
719,1377594729,396.0
719,1377594734,387.0
719,1377594739,385.0
719,1377594744,381.0
719,1377594749,388.0
719,1377594754,388.0
719,1377594759,392.0
719,1377594764,382.0
719,1377594769,390.0
719,1377594774,387.0
719,1377594779,382.0
719,1377594784,385.0
719,1377594789,382.0
719,1377594794,388.0
719,1377594799,382.0
719,1377594804,382.0
719,1377594809,382.0
719,1377594814,392.0
719,1377594819,393.0
719,1377594824,396.0
719,1377594829,396.0
719,1377594834,399.0
719,1377594839,404.0
719,1377594844,397.0
719,1377594849,400.0
719,1377594854,383.0
719,1377594859,383.0
719,1377594864,387.0
719,1377594869,388.0
719,1377594874,393.0
719,1377594879,393.0
719,1377594884,396.0
719,1377594889,390.0
719,1377594894,392.0
719,1377594899,396.0
719,1377594904,398.0
719,1377594909,397.0
719,1377594914,396.0
719,1377594919,388.0
719,1377594924,388.0
719,1377594929,384.0
719,1377594934,382.0
719,1377594939,385.0
719,1377594944,392.0
719,1377594949,390.0
719,1377594954,395.0
719,1377594959,398.0
719,1377594964,396.0
719,1377594969,398.0
719,1377594974,397.0
719,1377594979,401.0
719,1377594984,402.0
719,1377594989,397.0
719,1377594994,393.0
719,1377594999,387.0
719,1377595004,392.0
719,1377595009,387.0
719,1377595014,392.0
719,1377595019,396.0
719,1377595024,391.0
719,1377595029,393.0
719,1377595034,398.0
719,1377595039,397.0
719,1377595044,393.0
719,1377595049,390.0
719,1377595054,387.0
719,1377595059,382.0
719,1377595064,390.0
719,1377595069,391.0
719,1377595074,391.0
719,1377595079,402.0
719,1377595084,396.0
719,1377595089,396.0
719,1377595094,396.0
719,1377595099,391.0
719,1377595104,396.0
719,1377595109,392.0
719,1377595114,388.0
719,1377595119,384.0
719,1377595124,382.0
719,1377595129,390.0
719,1377595134,388.0
719,1377595139,388.0
719,1377595144,390.0
719,1377595149,392.0
719,1377595154,388.0
719,1377595159,389.0
719,1377595164,392.0
719,1377595169,396.0
719,1377595174,395.0
719,1377595179,397.0
719,1377595184,403.0
719,1377595189,395.0
719,1377595194,391.0
719,1377595199,383.0
719,1377595204,382.0
719,1377595209,385.0
719,1377595214,388.0
719,1377595219,393.0
719,1377595224,395.0
719,1377595229,396.0
719,1377595234,393.0
719,1377595239,392.0
719,1377595244,383.0
719,1377595249,390.0
719,1377595254,391.0
719,1377595259,396.0
719,1377595264,393.0
719,1377595269,392.0
719,1377595274,388.0
719,1377595279,387.0
719,1377595284,387.0
719,1377595289,390.0
719,1377595294,396.0
719,1377595299,395.0
719,1377595304,393.0
719,1377595309,398.0
719,1377595314,396.0
719,1377595319,395.0
719,1377595324,395.0
719,1377595329,398.0
719,1377595334,393.0
719,1377595339,390.0
719,1377595344,383.0
719,1377595349,382.0
719,1377595354,390.0
719,1377595359,393.0
719,1377595364,395.0
719,1377595369,390.0
719,1377595374,396.0
719,1377595379,396.0
719,1377595384,388.0
719,1377595389,396.0
719,1377595394,382.0
719,1377595399,387.0
719,1377595404,390.0
719,1377595409,391.0
719,1377595414,390.0
719,1377595419,392.0
719,1377595424,387.0
719,1377595429,396.0
719,1377595434,392.0
719,1377595439,393.0
719,1377595444,395.0
719,1377595449,395.0
719,1377595454,400.0
719,1377595459,397.0
719,1377595464,403.0
719,1377595469,401.0
719,1377595474,401.0
719,1377595479,401.0
719,1377595484,391.0
719,1377595489,392.0
719,1377595494,393.0
719,1377595499,391.0
719,1377595504,392.0
719,1377595509,382.0
719,1377595514,385.0
719,1377595519,383.0
719,1377595524,382.0
719,1377595529,392.0
719,1377595537,390.0
719,1377595539,393.0
719,1377595544,397.0
719,1377595549,396.0
719,1377595554,396.0
719,1377595559,396.0
719,1377595564,393.0
719,1377595569,392.0
719,1377595574,382.0
719,1377595579,385.0
719,1377595584,385.0
719,1377595589,392.0
719,1377595594,393.0
719,1377595599,401.0
719,1377595604,398.0
719,1377595609,403.0
719,1377595614,397.0
719,1377595619,391.0
719,1377595624,396.0
719,1377595629,392.0
719,1377595634,390.0
719,1377595639,399.0
719,1377595644,400.0
719,1377595649,393.0
719,1377595654,383.0
719,1377595659,381.0
719,1377595664,384.0
719,1377595669,392.0
719,1377595674,396.0
719,1377595679,398.0
719,1377595684,412.0
719,1377595689,402.0
719,1377595694,404.0
719,1377595699,393.0
719,1377595704,395.0
719,1377595709,392.0
719,1377595714,391.0
719,1377595719,396.0
719,1377595724,390.0
719,1377595729,385.0
719,1377595734,387.0
719,1377595739,387.0
719,1377595744,388.0
719,1377595749,387.0
719,1377595754,390.0
719,1377595759,393.0
719,1377595764,391.0
719,1377595769,398.0
719,1377595774,400.0
719,1377595779,397.0
719,1377595784,397.0
719,1377595789,398.0
719,1377595794,391.0
719,1377595799,391.0
719,1377595804,382.0
719,1377595809,387.0
719,1377595814,387.0
719,1377595819,390.0
719,1377595824,390.0
719,1377595829,391.0
719,1377595834,387.0
719,1377595839,387.0
719,1377595844,387.0
719,1377595849,391.0
719,1377595854,387.0
719,1377595859,390.0
719,1377595864,393.0
719,1377595869,401.0
719,1377595874,395.0
719,1377595879,390.0
719,1377595884,393.0
719,1377595889,391.0
719,1377595894,391.0
719,1377595899,395.0
719,1377595904,401.0
719,1377595909,397.0
719,1377595914,397.0
719,1377595919,397.0
719,1377595924,402.0
719,1377595929,397.0
719,1377595934,398.0
719,1377595939,393.0
719,1377595944,396.0
719,1377595949,391.0
719,1377595954,398.0
719,1377595959,393.0
719,1377595964,390.0
719,1377595969,396.0
719,1377595974,395.0
719,1377595979,391.0
719,1377595984,398.0
719,1377595989,396.0
719,1377595994,390.0
719,1377595999,392.0
719,1377596004,396.0
719,1377596009,382.0
719,1377596014,385.0
719,1377596019,382.0
719,1377596024,381.0
719,1377596029,385.0
719,1377596034,382.0
719,1377596039,387.0
719,1377596044,390.0
719,1377596049,393.0
719,1377596054,392.0
719,1377596059,387.0
719,1377596064,383.0
719,1377596069,392.0
719,1377596074,390.0
719,1377596079,395.0
719,1377596084,401.0
719,1377596089,404.0
719,1377596094,391.0
719,1377596099,396.0
719,1377596104,387.0
719,1377596109,383.0
719,1377596114,392.0
719,1377596119,382.0
719,1377596124,385.0
719,1377596129,387.0
719,1377596134,393.0
719,1377596139,393.0
719,1377596144,402.0
719,1377596149,406.0
719,1377596154,409.0
719,1377596159,403.0
719,1377596164,403.0
719,1377596169,403.0
719,1377596174,401.0
719,1377596179,404.0
719,1377596184,395.0
719,1377596189,392.0
719,1377596194,388.0
719,1377596199,383.0
719,1377596204,387.0
719,1377596209,387.0
719,1377596214,390.0
719,1377596219,390.0
719,1377596224,395.0
719,1377596229,398.0
719,1377596234,391.0
719,1377596239,400.0
719,1377596244,401.0
719,1377596249,395.0
719,1377596254,390.0
719,1377596259,396.0
719,1377596264,390.0
719,1377596269,393.0
719,1377596274,391.0
719,1377596279,391.0
719,1377596284,390.0
719,1377596289,390.0
719,1377596294,388.0
719,1377596299,388.0
719,1377596304,383.0
719,1377596309,388.0
719,1377596314,385.0
719,1377596319,388.0
719,1377596324,388.0
719,1377596329,392.0
719,1377596334,390.0
719,1377596339,396.0
719,1377596344,392.0
719,1377596349,392.0
719,1377596354,396.0
719,1377596359,396.0
719,1377596364,395.0
719,1377596369,396.0
719,1377596374,393.0
719,1377596379,392.0
719,1377596384,390.0
719,1377596389,387.0
719,1377596398,388.0
719,1377596399,392.0
719,1377596404,392.0
719,1377596409,387.0
719,1377596414,382.0
719,1377596419,385.0
719,1377596424,388.0
719,1377596429,392.0
719,1377596434,390.0
719,1377596439,391.0
719,1377596444,396.0
719,1377596449,396.0
719,1377596454,399.0
719,1377596459,396.0
719,1377596464,396.0
719,1377596469,392.0
719,1377596474,387.0
719,1377596479,384.0
719,1377596484,385.0
719,1377596489,382.0
719,1377596494,392.0
719,1377596499,393.0
719,1377596504,398.0
719,1377596509,402.0
719,1377596514,397.0
719,1377596519,395.0
719,1377596524,396.0
719,1377596529,385.0
719,1377596534,385.0
719,1377596539,388.0
719,1377596544,383.0
719,1377596549,390.0
719,1377596554,392.0
719,1377596559,392.0
719,1377596564,382.0
719,1377596569,388.0
719,1377596574,384.0
719,1377596579,387.0
719,1377596584,390.0
719,1377596589,393.0
719,1377596594,396.0
719,1377596599,393.0
719,1377596604,392.0
719,1377596609,392.0
719,1377596614,385.0
719,1377596619,382.0
719,1377596624,379.0
719,1377596629,382.0
719,1377596634,382.0
719,1377596639,388.0
719,1377596644,390.0
719,1377596649,393.0
719,1377596654,390.0
719,1377596659,387.0
719,1377596664,382.0
719,1377596669,382.0
719,1377596674,388.0
719,1377596679,391.0
719,1377596684,395.0
719,1377596689,398.0
719,1377596694,406.0
719,1377596699,406.0
719,1377596704,409.0
719,1377596709,408.0
719,1377596714,406.0
719,1377596719,408.0
719,1377596724,403.0
719,1377596729,401.0
719,1377596734,396.0
719,1377596739,398.0
719,1377596744,391.0
719,1377596749,393.0
719,1377596754,393.0
719,1377596759,393.0
719,1377596764,396.0
719,1377596769,390.0
719,1377596774,382.0
719,1377596779,383.0
719,1377596784,388.0
719,1377596789,381.0
719,1377596794,388.0
719,1377596799,387.0
719,1377596804,392.0
719,1377596809,392.0
719,1377596814,382.0
719,1377596819,387.0
719,1377596824,388.0
719,1377596829,385.0
719,1377596834,381.0
719,1377596839,385.0
719,1377596844,382.0
719,1377596849,396.0
719,1377596854,391.0
719,1377596859,390.0
719,1377596864,390.0
719,1377596869,392.0
719,1377596874,390.0
719,1377596879,385.0
719,1377596884,388.0
719,1377596889,380.0
719,1377596894,376.0
719,1377596899,380.0
719,1377596904,377.0
719,1377596909,381.0
719,1377596914,381.0
719,1377596919,384.0
719,1377596924,382.0
719,1377596929,388.0
719,1377596934,390.0
719,1377596939,393.0
719,1377596944,396.0
719,1377596949,391.0
719,1377596954,397.0
719,1377596959,401.0
719,1377596964,401.0
719,1377596969,392.0
719,1377596974,387.0
719,1377596979,384.0
719,1377596984,380.0
719,1377596989,388.0
719,1377596994,387.0
719,1377596999,396.0
719,1377597004,401.0
719,1377597009,403.0
719,1377597014,398.0
719,1377597019,393.0
719,1377597024,387.0
719,1377597029,383.0
719,1377597034,388.0
719,1377597039,384.0
719,1377597044,375.0
719,1377597049,384.0
719,1377597054,385.0
719,1377597059,387.0
719,1377597064,387.0
719,1377597069,393.0
719,1377597074,391.0
719,1377597079,391.0
719,1377597084,387.0
719,1377597089,392.0
719,1377597094,387.0
719,1377597099,382.0
719,1377597104,382.0
719,1377597109,382.0
719,1377597114,385.0
719,1377597119,384.0
719,1377597124,388.0
719,1377597129,382.0
719,1377597134,382.0
719,1377597139,391.0
719,1377597144,393.0
719,1377597149,397.0
719,1377597154,401.0
719,1377597159,391.0
719,1377597164,393.0
719,1377597169,390.0
719,1377597174,382.0
719,1377597179,377.0
719,1377597184,375.0
719,1377597189,377.0
719,1377597194,382.0
719,1377597199,388.0
719,1377597204,390.0
719,1377597209,392.0
719,1377597214,390.0
719,1377597219,387.0
719,1377597224,387.0
719,1377597229,388.0
719,1377597234,381.0
719,1377597239,382.0
719,1377597244,383.0
719,1377597249,381.0
719,1377597259,387.0
719,1377597264,392.0
719,1377597269,393.0
719,1377597274,395.0
719,1377597279,391.0
719,1377597284,387.0
719,1377597289,385.0
719,1377597294,385.0
719,1377597299,388.0
719,1377597304,393.0
719,1377597309,392.0
719,1377597314,387.0
719,1377597319,385.0
719,1377597324,382.0
719,1377597329,385.0
719,1377597334,382.0
719,1377597339,392.0
719,1377597344,387.0
719,1377597349,392.0
719,1377597354,382.0
719,1377597359,381.0
719,1377597364,387.0
719,1377597369,396.0
719,1377597374,391.0
719,1377597379,391.0
719,1377597384,387.0
719,1377597389,387.0
719,1377597394,392.0
719,1377597399,392.0
719,1377597404,387.0
719,1377597409,385.0
719,1377597414,387.0
719,1377597419,383.0
719,1377597424,391.0
719,1377597429,396.0
719,1377597434,397.0
719,1377597439,395.0
719,1377597444,393.0
719,1377597449,388.0
719,1377597454,387.0
719,1377597459,392.0
719,1377597464,396.0
719,1377597469,396.0
719,1377597474,393.0
719,1377597479,387.0
719,1377597484,382.0
719,1377597489,379.0
719,1377597494,379.0
719,1377597499,380.0
719,1377597504,382.0
719,1377597509,385.0
719,1377597514,385.0
719,1377597519,385.0
719,1377597524,385.0
719,1377597529,385.0
719,1377597534,383.0
719,1377597539,387.0
719,1377597544,385.0
719,1377597549,385.0
719,1377597554,383.0
719,1377597559,393.0
719,1377597564,391.0
719,1377597569,395.0
719,1377597574,395.0
719,1377597579,393.0
719,1377597584,384.0
719,1377597589,382.0
719,1377597594,384.0
719,1377597599,387.0
719,1377597604,392.0
719,1377597609,390.0
719,1377597614,399.0
719,1377597619,398.0
719,1377597624,401.0
719,1377597629,401.0
719,1377597634,401.0
719,1377597639,395.0
719,1377597644,390.0
719,1377597649,388.0
719,1377597654,384.0
719,1377597659,375.0
719,1377597664,385.0
719,1377597669,391.0
719,1377597674,391.0
719,1377597679,398.0
719,1377597684,400.0
719,1377597689,396.0
719,1377597694,390.0
719,1377597699,387.0
719,1377597704,393.0
719,1377597709,393.0
719,1377597714,396.0
719,1377597719,393.0
719,1377597724,399.0
719,1377597729,400.0
719,1377597734,403.0
719,1377597739,400.0
719,1377597744,393.0
719,1377597749,396.0
719,1377597754,391.0
719,1377597759,396.0
719,1377597764,393.0
719,1377597769,393.0
719,1377597774,393.0
719,1377597779,393.0
719,1377597784,393.0
719,1377597789,396.0
719,1377597794,393.0
719,1377597799,392.0
719,1377597804,388.0
719,1377597809,382.0
719,1377597814,382.0
719,1377597819,387.0
719,1377597824,390.0
719,1377597829,390.0
719,1377597834,393.0
719,1377597839,396.0
719,1377597844,393.0
719,1377597849,396.0
719,1377597854,396.0
719,1377597859,393.0
719,1377597864,383.0
719,1377597869,385.0
719,1377597874,385.0
719,1377597879,390.0
719,1377597884,391.0
719,1377597889,393.0
719,1377597894,390.0
719,1377597899,382.0
719,1377597904,383.0
719,1377597909,383.0
719,1377597914,385.0
719,1377597919,385.0
719,1377597924,388.0
719,1377597929,382.0
719,1377597934,384.0
719,1377597939,388.0
719,1377597944,393.0
719,1377597949,393.0
719,1377597954,393.0
719,1377597959,388.0
719,1377597964,396.0
719,1377597969,387.0
719,1377597974,383.0
719,1377597979,388.0
719,1377597984,383.0
719,1377597989,388.0
719,1377597994,388.0
719,1377597999,383.0
719,1377598004,385.0
719,1377598009,385.0
719,1377598014,392.0
719,1377598019,393.0
719,1377598024,392.0
719,1377598029,382.0
719,1377598034,382.0
719,1377598039,384.0
719,1377598044,384.0
719,1377598049,382.0
719,1377598054,385.0
719,1377598059,388.0
719,1377598064,381.0
719,1377598069,383.0
719,1377598074,387.0
719,1377598079,392.0
719,1377598084,392.0
719,1377598089,391.0
719,1377598094,398.0
719,1377598099,392.0
719,1377598104,392.0
719,1377598109,393.0
719,1377598114,384.0
719,1377598119,385.0
719,1377598124,387.0
719,1377598134,385.0
719,1377598139,390.0
719,1377598144,395.0
719,1377598149,395.0
719,1377598154,402.0
719,1377598159,402.0
719,1377598164,397.0
719,1377598169,397.0
719,1377598174,396.0
719,1377598179,393.0
719,1377598184,396.0
719,1377598189,389.0
719,1377598194,383.0
719,1377598199,382.0
719,1377598204,388.0
719,1377598209,382.0
719,1377598214,383.0
719,1377598219,391.0
719,1377598224,395.0
719,1377598229,395.0
719,1377598234,403.0
719,1377598239,401.0
719,1377598244,401.0
719,1377598249,398.0
719,1377598254,404.0
719,1377598259,404.0
719,1377598264,402.0
719,1377598269,390.0
719,1377598274,392.0
719,1377598279,387.0
719,1377598284,390.0
719,1377598289,393.0
719,1377598294,390.0
719,1377598299,392.0
719,1377598304,392.0
719,1377598309,391.0
719,1377598314,393.0
719,1377598319,401.0
719,1377598324,395.0
719,1377598329,395.0
719,1377598334,391.0
719,1377598339,387.0
719,1377598344,388.0
719,1377598349,383.0
719,1377598354,387.0
719,1377598359,393.0
719,1377598364,383.0
719,1377598369,391.0
719,1377598374,396.0
719,1377598379,395.0
719,1377598384,398.0
719,1377598389,402.0
719,1377598394,403.0
719,1377598399,397.0
719,1377598404,397.0
719,1377598409,388.0
719,1377598414,381.0
719,1377598419,385.0
719,1377598424,388.0
719,1377598429,393.0
719,1377598434,390.0
719,1377598439,390.0
719,1377598444,393.0
719,1377598449,392.0
719,1377598454,392.0
719,1377598459,390.0
719,1377598464,396.0
719,1377598469,392.0
719,1377598474,390.0
719,1377598479,392.0
719,1377598484,392.0
719,1377598489,387.0
719,1377598494,390.0
719,1377598499,390.0
719,1377598504,383.0
719,1377598509,392.0
719,1377598514,390.0
719,1377598519,396.0
719,1377598524,398.0
719,1377598529,391.0
719,1377598534,387.0
719,1377598539,385.0
719,1377598544,382.0
719,1377598549,382.0
719,1377598554,388.0
719,1377598559,383.0
719,1377598564,390.0
719,1377598569,396.0
719,1377598574,393.0
719,1377598579,391.0
719,1377598584,395.0
719,1377598589,397.0
719,1377598594,396.0
719,1377598599,391.0
719,1377598604,392.0
719,1377598609,392.0
719,1377598614,385.0
719,1377598619,385.0
719,1377598624,382.0
719,1377598629,388.0
719,1377598634,383.0
719,1377598639,390.0
719,1377598644,390.0
719,1377598649,398.0
719,1377598654,401.0
719,1377598659,398.0
719,1377598664,396.0
719,1377598669,396.0
719,1377598674,391.0
719,1377598679,391.0
719,1377598684,390.0
719,1377598689,391.0
719,1377598694,395.0
719,1377598699,391.0
719,1377598704,390.0
719,1377598709,390.0
719,1377598714,393.0
719,1377598719,394.0
719,1377598724,396.0
719,1377598729,390.0
719,1377598734,396.0
719,1377598739,392.0
719,1377598744,396.0
719,1377598749,395.0
719,1377598754,391.0
719,1377598759,392.0
719,1377598764,390.0
719,1377598769,387.0
719,1377598774,383.0
719,1377598779,385.0
719,1377598784,384.0
719,1377598789,382.0
719,1377598794,384.0
719,1377598799,388.0
719,1377598804,392.0
719,1377598809,393.0
719,1377598814,395.0
719,1377598819,395.0
719,1377598824,393.0
719,1377598829,392.0
719,1377598834,389.0
719,1377598839,393.0
719,1377598844,393.0
719,1377598849,396.0
719,1377598854,397.0
719,1377598859,399.0
719,1377598864,401.0
719,1377598869,402.0
719,1377598874,401.0
719,1377598879,395.0
719,1377598884,397.0
719,1377598889,395.0
719,1377598894,400.0
719,1377598899,395.0
719,1377598904,391.0
719,1377598909,390.0
719,1377598914,388.0
719,1377598919,383.0
719,1377598924,384.0
719,1377598929,382.0
719,1377598934,390.0
719,1377598939,402.0
719,1377598944,401.0
719,1377598949,396.0
719,1377598954,396.0
719,1377598959,387.0
719,1377598964,390.0
719,1377598969,391.0
719,1377598974,397.0
719,1377598979,393.0
719,1377598984,391.0
719,1377598989,391.0
719,1377598994,390.0
719,1377598999,393.0
719,1377599004,395.0
719,1377599009,393.0
719,1377599018,392.0
719,1377599019,383.0
719,1377599024,388.0
719,1377599029,375.0
719,1377599034,384.0
719,1377599039,385.0
719,1377599044,388.0
719,1377599049,392.0
719,1377599054,393.0
719,1377599059,393.0
719,1377599064,392.0
719,1377599069,392.0
719,1377599074,382.0
719,1377599079,387.0
719,1377599084,382.0
719,1377599089,390.0
719,1377599094,393.0
719,1377599099,396.0
719,1377599104,390.0
719,1377599109,393.0
719,1377599114,387.0
719,1377599119,387.0
719,1377599124,390.0
719,1377599129,391.0
719,1377599134,396.0
719,1377599139,396.0
719,1377599144,390.0
719,1377599149,388.0
719,1377599154,388.0
719,1377599159,388.0
719,1377599164,387.0
719,1377599169,382.0
719,1377599174,388.0
719,1377599179,392.0
719,1377599184,383.0
719,1377599189,383.0
719,1377599194,389.0
719,1377599199,392.0
719,1377599204,382.0
719,1377599209,385.0
719,1377599214,385.0
719,1377599219,384.0
719,1377599224,385.0
719,1377599229,383.0
719,1377599234,391.0
719,1377599239,400.0
719,1377599244,398.0
719,1377599249,395.0
719,1377599254,398.0
719,1377599259,390.0
719,1377599264,392.0
719,1377599269,392.0
719,1377599274,396.0
719,1377599279,401.0
719,1377599284,401.0
719,1377599289,397.0
719,1377599294,400.0
719,1377599299,396.0
719,1377599304,385.0
719,1377599309,387.0
719,1377599314,392.0
719,1377599319,391.0
719,1377599324,382.0
719,1377599329,388.0
719,1377599334,383.0
719,1377599339,382.0
719,1377599344,380.0
719,1377599349,379.0
719,1377599354,375.0
719,1377599359,382.0
719,1377599364,385.0
719,1377599369,396.0
719,1377599374,390.0
719,1377599379,392.0
719,1377599384,393.0
719,1377599389,398.0
719,1377599394,397.0
719,1377599399,404.0
719,1377599404,396.0
719,1377599409,392.0
719,1377599414,383.0
719,1377599419,380.0
719,1377599424,381.0
719,1377599429,387.0
719,1377599434,390.0
719,1377599439,391.0
719,1377599444,398.0
719,1377599449,391.0
719,1377599454,395.0
719,1377599459,390.0
719,1377599464,396.0
719,1377599469,382.0
719,1377599474,382.0
719,1377599479,380.0
719,1377599484,380.0
719,1377599489,388.0
719,1377599494,390.0
719,1377599499,391.0
719,1377599504,391.0
719,1377599509,393.0
719,1377599514,390.0
719,1377599519,392.0
719,1377599524,392.0
719,1377599529,392.0
719,1377599534,387.0
719,1377599539,382.0
719,1377599544,387.0
719,1377599549,396.0
719,1377599554,388.0
719,1377599559,382.0
719,1377599564,390.0
719,1377599569,390.0
719,1377599574,395.0
719,1377599579,401.0
719,1377599584,398.0
719,1377599589,401.0
719,1377599594,400.0
719,1377599599,400.0
719,1377599604,398.0
719,1377599609,401.0
719,1377599614,390.0
719,1377599619,391.0
719,1377599624,382.0
719,1377599629,388.0
719,1377599634,383.0
719,1377599639,382.0
719,1377599644,382.0
719,1377599649,382.0
719,1377599654,382.0
719,1377599659,379.0
719,1377599664,380.0
719,1377599669,383.0
719,1377599674,382.0
719,1377599679,390.0
719,1377599684,395.0
719,1377599689,400.0
719,1377599694,400.0
719,1377599699,397.0
719,1377599704,401.0
719,1377599709,395.0
719,1377599714,395.0
719,1377599719,393.0
719,1377599724,393.0
719,1377599729,392.0
719,1377599734,390.0
719,1377599739,392.0
719,1377599744,395.0
719,1377599749,396.0
719,1377599754,396.0
719,1377599759,391.0
719,1377599764,388.0
719,1377599769,382.0
719,1377599774,388.0
719,1377599779,387.0
719,1377599784,392.0
719,1377599789,388.0
719,1377599794,388.0
719,1377599799,387.0
719,1377599804,382.0
719,1377599809,385.0
719,1377599814,387.0
719,1377599819,387.0
719,1377599824,390.0
719,1377599829,396.0
719,1377599834,382.0
719,1377599839,388.0
719,1377599844,384.0
719,1377599849,385.0
719,1377599854,382.0
719,1377599859,392.0
719,1377599864,392.0
719,1377599869,390.0
719,1377599877,391.0
719,1377599879,391.0
719,1377599884,388.0
719,1377599889,383.0
719,1377599894,385.0
719,1377599899,385.0
719,1377599904,393.0
719,1377599909,393.0
719,1377599914,391.0
719,1377599919,396.0
719,1377599924,388.0
719,1377599929,381.0
719,1377599934,379.0
719,1377599939,384.0
719,1377599944,383.0
719,1377599949,388.0
719,1377599954,387.0
719,1377599959,387.0
719,1377599964,392.0
719,1377599969,393.0
719,1377599974,390.0
719,1377599979,396.0
719,1377599984,390.0
719,1377599989,390.0
719,1377599994,397.0
719,1377599999,385.0
719,1377600004,385.0
719,1377600009,385.0
719,1377600014,382.0
719,1377600019,385.0
719,1377600024,385.0
719,1377600029,384.0
719,1377600034,382.0
719,1377600039,380.0
719,1377600044,382.0
719,1377600049,383.0
719,1377600054,392.0
719,1377600059,383.0
719,1377600064,392.0
719,1377600069,390.0
719,1377600074,392.0
719,1377600079,390.0
719,1377600084,393.0
719,1377600089,387.0
719,1377600094,388.0
719,1377600099,387.0
719,1377600104,390.0
719,1377600109,395.0
719,1377600114,401.0
719,1377600119,403.0
719,1377600124,403.0
719,1377600129,404.0
719,1377600134,401.0
719,1377600139,395.0
719,1377600144,391.0
719,1377600149,393.0
719,1377600154,391.0
719,1377600159,390.0
719,1377600164,398.0
719,1377600169,395.0
719,1377600174,398.0
719,1377600179,391.0
719,1377600184,393.0
719,1377600189,393.0
719,1377600194,388.0
719,1377600199,392.0
719,1377600204,388.0
719,1377600209,388.0
719,1377600214,387.0
719,1377600219,382.0
719,1377600224,384.0
719,1377600229,382.0
719,1377600234,385.0
719,1377600239,392.0
719,1377600244,393.0
719,1377600249,396.0
719,1377600254,397.0
719,1377600259,401.0
719,1377600264,403.0
719,1377600269,397.0
719,1377600274,396.0
719,1377600279,393.0
719,1377600284,391.0
719,1377600289,392.0
719,1377600294,390.0
719,1377600299,387.0
719,1377600304,396.0
719,1377600309,391.0
719,1377600314,395.0
719,1377600319,398.0
719,1377600324,393.0
719,1377600329,392.0
719,1377600334,388.0
719,1377600339,381.0
719,1377600344,377.0
719,1377600349,379.0
719,1377600354,383.0
719,1377600359,393.0
719,1377600364,395.0
719,1377600369,395.0
719,1377600374,388.0
719,1377600379,384.0
719,1377600384,382.0
719,1377600389,384.0
719,1377600394,387.0
719,1377600399,387.0
719,1377600404,392.0
719,1377600409,387.0
719,1377600414,388.0
719,1377600419,385.0
719,1377600424,392.0
719,1377600429,390.0
719,1377600434,396.0
719,1377600439,393.0
719,1377600444,391.0
719,1377600449,387.0
719,1377600454,392.0
719,1377600459,390.0
719,1377600464,391.0
719,1377600469,387.0
719,1377600474,388.0
719,1377600479,382.0
719,1377600484,385.0
719,1377600489,388.0
719,1377600494,389.0
719,1377600499,388.0
719,1377600504,387.0
719,1377600509,390.0
719,1377600514,387.0
719,1377600519,390.0
719,1377600524,393.0
719,1377600529,395.0
719,1377600534,401.0
719,1377600539,401.0
719,1377600544,396.0
719,1377600549,396.0
719,1377600554,396.0
719,1377600559,382.0
719,1377600564,392.0
719,1377600570,390.0
719,1377600574,392.0
719,1377600579,391.0
719,1377600584,392.0
719,1377600589,393.0
719,1377600594,392.0
719,1377600599,390.0
719,1377600604,388.0
719,1377600609,390.0
719,1377600614,382.0
719,1377600619,385.0
719,1377600624,388.0
719,1377600629,387.0
719,1377600634,390.0
719,1377600639,391.0
719,1377600644,390.0
719,1377600649,397.0
719,1377600654,400.0
719,1377600659,396.0
719,1377600664,399.0
719,1377600669,393.0
719,1377600674,393.0
719,1377600679,385.0
719,1377600684,381.0
719,1377600695,380.0
719,1377600699,383.0
719,1377600704,391.0
719,1377600709,393.0
719,1377600714,396.0
719,1377600719,391.0
719,1377600724,401.0
719,1377600729,398.0
719,1377600734,399.0
719,1377600739,391.0
719,1377600744,391.0
719,1377600749,385.0
719,1377600754,382.0
719,1377600759,387.0
719,1377600764,388.0
719,1377600769,382.0
719,1377600774,387.0
719,1377600779,388.0
719,1377600784,387.0
719,1377600789,382.0
719,1377600794,382.0
719,1377600799,382.0
719,1377600804,383.0
719,1377600809,388.0
719,1377600814,387.0
719,1377600819,382.0
719,1377600824,388.0
719,1377600829,396.0
719,1377600834,395.0
719,1377600839,401.0
719,1377600844,398.0
719,1377600849,397.0
719,1377600854,391.0
719,1377600859,392.0
719,1377600864,387.0
719,1377600869,387.0
719,1377600874,385.0
719,1377600879,382.0
719,1377600884,388.0
719,1377600889,383.0
719,1377600894,393.0
719,1377600899,393.0
719,1377600904,400.0
719,1377600909,403.0
719,1377600914,398.0
719,1377600919,401.0
719,1377600924,403.0
719,1377600929,403.0
719,1377600934,401.0
719,1377600939,393.0
719,1377600944,392.0
719,1377600949,380.0
719,1377600954,388.0
719,1377600959,377.0
719,1377600964,382.0
719,1377600969,384.0
719,1377600974,390.0
719,1377600979,387.0
719,1377600984,390.0
719,1377600989,388.0
719,1377600994,390.0
719,1377600999,393.0
719,1377601004,393.0
719,1377601009,396.0
719,1377601014,400.0
719,1377601019,395.0
719,1377601024,396.0
719,1377601029,390.0
719,1377601034,390.0
719,1377601039,392.0
719,1377601044,390.0
719,1377601049,391.0
719,1377601054,395.0
719,1377601059,396.0
719,1377601064,385.0
719,1377601069,382.0
719,1377601074,379.0
719,1377601079,380.0
719,1377601084,382.0
719,1377601089,383.0
719,1377601094,388.0
719,1377601099,388.0
719,1377601104,383.0
719,1377601109,387.0
719,1377601114,388.0
719,1377601119,387.0
719,1377601124,384.0
719,1377601129,381.0
719,1377601134,384.0
719,1377601139,382.0
719,1377601144,385.0
719,1377601149,388.0
719,1377601154,382.0
719,1377601159,385.0
719,1377601164,382.0
719,1377601169,385.0
719,1377601174,385.0
719,1377601179,388.0
719,1377601184,392.0
719,1377601189,392.0
719,1377601194,392.0
719,1377601199,385.0
719,1377601204,382.0
719,1377601209,384.0
719,1377601214,384.0
719,1377601219,381.0
719,1377601224,385.0
719,1377601229,385.0
719,1377601234,392.0
719,1377601239,391.0
719,1377601244,393.0
719,1377601249,388.0
719,1377601254,392.0
719,1377601259,393.0
719,1377601264,391.0
719,1377601269,396.0
719,1377601274,382.0
719,1377601279,383.0
719,1377601284,388.0
719,1377601289,395.0
719,1377601294,391.0
719,1377601299,396.0
719,1377601304,387.0
719,1377601309,388.0
719,1377601314,383.0
719,1377601319,382.0
719,1377601324,382.0
719,1377601329,390.0
719,1377601334,387.0
719,1377601339,387.0
719,1377601344,385.0
719,1377601349,382.0
719,1377601354,385.0
719,1377601359,388.0
719,1377601364,387.0
719,1377601369,393.0
719,1377601374,392.0
719,1377601379,393.0
719,1377601384,390.0
719,1377601389,387.0
719,1377601394,385.0
719,1377601399,388.0
719,1377601404,388.0
719,1377601409,382.0
719,1377601414,387.0
719,1377601419,388.0
719,1377601424,382.0
719,1377601429,382.0
719,1377601434,384.0
719,1377601439,384.0
719,1377601444,381.0
719,1377601449,379.0
719,1377601454,384.0
719,1377601459,382.0
719,1377601464,390.0
719,1377601469,395.0
719,1377601474,391.0
719,1377601479,396.0
719,1377601484,390.0
719,1377601489,384.0
719,1377601494,385.0
719,1377601499,382.0
719,1377601504,387.0
719,1377601509,383.0
719,1377601514,390.0
719,1377601519,387.0
719,1377601524,387.0
719,1377601529,388.0
719,1377601534,384.0
719,1377601539,385.0
719,1377601544,385.0
719,1377601554,387.0
719,1377601555,390.0
719,1377601559,392.0
719,1377601564,391.0
719,1377601569,396.0
719,1377601574,390.0
719,1377601579,393.0
719,1377601584,391.0
719,1377601589,397.0
719,1377601594,396.0
719,1377601599,398.0
719,1377601604,395.0
719,1377601609,395.0
719,1377601614,393.0
719,1377601619,397.0
719,1377601624,390.0
719,1377601629,396.0
719,1377601634,395.0
719,1377601639,396.0
719,1377601644,390.0
719,1377601649,392.0
719,1377601654,396.0
719,1377601659,393.0
719,1377601664,391.0
719,1377601669,396.0
719,1377601674,398.0
719,1377601679,395.0
719,1377601684,397.0
719,1377601689,393.0
719,1377601694,387.0
719,1377601699,387.0
719,1377601704,389.0
719,1377601709,385.0
719,1377601714,392.0
719,1377601719,392.0
719,1377601724,397.0
719,1377601729,390.0
719,1377601734,396.0
719,1377601739,387.0
719,1377601744,392.0
719,1377601749,388.0
719,1377601754,390.0
719,1377601759,398.0
719,1377601764,398.0
719,1377601769,397.0
719,1377601774,397.0
719,1377601779,397.0
719,1377601784,392.0
719,1377601789,382.0
719,1377601794,380.0
719,1377601799,375.0
719,1377601804,379.0
719,1377601809,385.0
719,1377601814,393.0
719,1377601819,392.0
719,1377601824,387.0
719,1377601829,390.0
719,1377601834,391.0
719,1377601839,391.0
719,1377601844,393.0
719,1377601849,400.0
719,1377601854,393.0
719,1377601859,396.0
719,1377601864,390.0
719,1377601869,392.0
719,1377601874,388.0
719,1377601879,382.0
719,1377601884,379.0
719,1377601889,385.0
719,1377601894,385.0
719,1377601899,387.0
719,1377601904,382.0
719,1377601909,385.0
719,1377601914,387.0
719,1377601919,382.0
719,1377601924,382.0
719,1377601929,385.0
719,1377601934,382.0
719,1377601939,385.0
719,1377601944,387.0
719,1377601949,382.0
719,1377601954,382.0
719,1377601959,382.0
719,1377601964,381.0
719,1377601969,380.0
719,1377601974,382.0
719,1377601979,388.0
719,1377601984,387.0
719,1377601989,388.0
719,1377601994,389.0
719,1377601999,387.0
719,1377602004,387.0
719,1377602009,393.0
719,1377602014,393.0
719,1377602019,396.0
719,1377602024,396.0
719,1377602029,390.0
719,1377602034,393.0
719,1377602039,391.0
719,1377602044,395.0
719,1377602049,391.0
719,1377602054,388.0
719,1377602059,388.0
719,1377602064,382.0
719,1377602069,382.0
719,1377602074,388.0
719,1377602079,387.0
719,1377602084,387.0
719,1377602089,383.0
719,1377602094,387.0
719,1377602099,390.0
719,1377602104,396.0
719,1377602109,396.0
719,1377602114,397.0
719,1377602119,397.0
719,1377602124,391.0
719,1377602129,396.0
719,1377602134,387.0
719,1377602139,388.0
719,1377602144,379.0
719,1377602149,375.0
719,1377602154,379.0
719,1377602159,380.0
719,1377602164,383.0
719,1377602169,385.0
719,1377602174,388.0
719,1377602179,393.0
719,1377602184,396.0
719,1377602189,393.0
719,1377602194,392.0
719,1377602199,382.0
719,1377602204,383.0
719,1377602209,382.0
719,1377602214,396.0
719,1377602219,383.0
719,1377602224,393.0
719,1377602229,392.0
719,1377602234,391.0
719,1377602239,391.0
719,1377602244,398.0
719,1377602249,391.0
719,1377602254,401.0
719,1377602259,391.0
719,1377602264,392.0
719,1377602269,390.0
719,1377602274,391.0
719,1377602279,391.0
719,1377602284,400.0
719,1377602289,396.0
719,1377602294,395.0
719,1377602299,395.0
719,1377602304,390.0
719,1377602309,391.0
719,1377602314,390.0
719,1377602319,391.0
719,1377602324,393.0
719,1377602329,391.0
719,1377602334,396.0
719,1377602339,395.0
719,1377602344,390.0
719,1377602349,400.0
719,1377602354,396.0
719,1377602359,390.0
719,1377602364,387.0
719,1377602369,383.0
719,1377602374,381.0
719,1377602379,382.0
719,1377602384,381.0
719,1377602389,382.0
719,1377602394,384.0
719,1377602399,387.0
719,1377602404,390.0
719,1377602415,396.0
719,1377602419,392.0
719,1377602424,385.0
719,1377602429,387.0
719,1377602434,382.0
719,1377602439,385.0
719,1377602444,388.0
719,1377602449,393.0
719,1377602454,393.0
719,1377602459,390.0
719,1377602464,395.0
719,1377602469,391.0
719,1377602474,400.0
719,1377602479,396.0
719,1377602484,396.0
719,1377602489,393.0
719,1377602494,388.0
719,1377602499,380.0
719,1377602504,388.0
719,1377602509,382.0
719,1377602514,392.0
719,1377602519,392.0
719,1377602524,383.0
719,1377602529,390.0
719,1377602534,392.0
719,1377602539,387.0
719,1377602544,388.0
719,1377602549,390.0
719,1377602554,385.0
719,1377602559,385.0
719,1377602564,388.0
719,1377602569,392.0
719,1377602574,387.0
719,1377602579,387.0
719,1377602584,387.0
719,1377602589,395.0
719,1377602594,393.0
719,1377602599,401.0
719,1377602604,393.0
719,1377602609,398.0
719,1377602614,387.0
719,1377602619,382.0
719,1377602624,382.0
719,1377602629,382.0
719,1377602634,382.0
719,1377602639,384.0
719,1377602644,382.0
719,1377602649,382.0
719,1377602654,385.0
719,1377602659,388.0
719,1377602664,395.0
719,1377602669,401.0
719,1377602674,401.0
719,1377602679,398.0
719,1377602684,401.0
719,1377602689,398.0
719,1377602694,391.0
719,1377602699,392.0
719,1377602704,388.0
719,1377602709,385.0
719,1377602714,388.0
719,1377602719,388.0
719,1377602724,390.0
719,1377602729,388.0
719,1377602734,393.0
719,1377602739,383.0
719,1377602744,382.0
719,1377602749,381.0
719,1377602754,387.0
719,1377602759,390.0
719,1377602764,393.0
719,1377602769,391.0
719,1377602774,390.0
719,1377602779,382.0
719,1377602784,382.0
719,1377602789,375.0
719,1377602794,379.0
719,1377602799,388.0
719,1377602804,390.0
719,1377602809,396.0
719,1377602814,403.0
719,1377602819,398.0
719,1377602824,396.0
719,1377602829,393.0
719,1377602834,385.0
719,1377602839,387.0
719,1377602844,385.0
719,1377602849,397.0
719,1377602854,392.0
719,1377602859,390.0
719,1377602864,390.0
719,1377602869,392.0
719,1377602874,390.0
719,1377602879,395.0
719,1377602884,398.0
719,1377602889,399.0
719,1377602894,397.0
719,1377602899,390.0
719,1377602904,392.0
719,1377602909,387.0
719,1377602914,396.0
719,1377602919,387.0
719,1377602924,393.0
719,1377602929,395.0
719,1377602934,396.0
719,1377602939,391.0
719,1377602944,391.0
719,1377602949,390.0
719,1377602954,393.0
719,1377602959,392.0
719,1377602964,393.0
719,1377602969,392.0
719,1377602974,393.0
719,1377602979,396.0
719,1377602984,400.0
719,1377602989,397.0
719,1377602994,398.0
719,1377602999,396.0
719,1377603004,400.0
719,1377603009,396.0
719,1377603014,391.0
719,1377603019,396.0
719,1377603024,392.0
719,1377603029,382.0
719,1377603034,392.0
719,1377603039,392.0
719,1377603044,396.0
719,1377603049,398.0
719,1377603054,398.0
719,1377603059,395.0
719,1377603064,400.0
719,1377603069,395.0
719,1377603074,390.0
719,1377603079,390.0
719,1377603084,385.0
719,1377603089,380.0
719,1377603094,380.0
719,1377603099,380.0
719,1377603104,375.0
719,1377603109,382.0
719,1377603114,383.0
719,1377603119,382.0
719,1377603124,384.0
719,1377603129,385.0
719,1377603134,383.0
719,1377603139,382.0
719,1377603144,387.0
719,1377603149,385.0
719,1377603154,391.0
719,1377603159,382.0
719,1377603164,390.0
719,1377603169,396.0
719,1377603174,396.0
719,1377603179,390.0
719,1377603184,392.0
719,1377603189,388.0
719,1377603194,381.0
719,1377603199,385.0
719,1377603204,384.0
719,1377603209,388.0
719,1377603214,382.0
719,1377603219,382.0
719,1377603224,385.0
719,1377603229,385.0
719,1377603234,390.0
719,1377603239,390.0
719,1377603244,393.0
719,1377603249,387.0
719,1377603254,392.0
719,1377603263,393.0
719,1377603264,393.0
719,1377603269,393.0
719,1377603274,398.0
719,1377603279,396.0
719,1377603284,390.0
719,1377603289,382.0
719,1377603294,382.0
719,1377603299,390.0
719,1377603304,393.0
719,1377603309,391.0
719,1377603314,398.0
719,1377603319,398.0
719,1377603324,391.0
719,1377603329,392.0
719,1377603334,390.0
719,1377603339,393.0
719,1377603344,393.0
719,1377603349,396.0
719,1377603354,390.0
719,1377603359,390.0
719,1377603364,387.0
719,1377603369,388.0
719,1377603374,387.0
719,1377603379,390.0
719,1377603384,387.0
719,1377603389,388.0
719,1377603394,387.0
719,1377603399,385.0
719,1377603404,387.0
719,1377603409,391.0
719,1377603414,391.0
719,1377603419,398.0
719,1377603424,391.0
719,1377603429,392.0
719,1377603434,388.0
719,1377603439,385.0
719,1377603444,396.0
719,1377603449,392.0
719,1377603454,387.0
719,1377603459,382.0
719,1377603464,382.0
719,1377603469,381.0
719,1377603474,385.0
719,1377603479,383.0
719,1377603484,382.0
719,1377603489,390.0
719,1377603494,395.0
719,1377603499,397.0
719,1377603504,398.0
719,1377603509,391.0
719,1377603514,392.0
719,1377603519,387.0
719,1377603524,392.0
719,1377603529,393.0
719,1377603534,393.0
719,1377603539,395.0
719,1377603544,397.0
719,1377603549,395.0
719,1377603554,390.0
719,1377603559,390.0
719,1377603564,385.0
719,1377603569,385.0
719,1377603574,392.0
719,1377603579,392.0
719,1377603584,393.0
719,1377603589,390.0
719,1377603594,390.0
719,1377603599,393.0
719,1377603604,387.0
719,1377603609,382.0
719,1377603614,385.0
719,1377603619,388.0
719,1377603624,384.0
719,1377603629,384.0
719,1377603634,382.0
719,1377603639,387.0
719,1377603644,388.0
719,1377603649,385.0
719,1377603654,385.0
719,1377603659,380.0
719,1377603664,383.0
719,1377603669,383.0
719,1377603674,387.0
719,1377603679,383.0
719,1377603684,382.0
719,1377603689,388.0
719,1377603694,382.0
719,1377603699,387.0
719,1377603704,390.0
719,1377603709,395.0
719,1377603714,396.0
719,1377603719,396.0
719,1377603724,399.0
719,1377603729,382.0
719,1377603734,387.0
719,1377603739,383.0
719,1377603744,383.0
719,1377603749,381.0
719,1377603754,385.0
719,1377603759,381.0
719,1377603764,382.0
719,1377603769,388.0
719,1377603774,388.0
719,1377603779,382.0
719,1377603784,385.0
719,1377603789,392.0
719,1377603794,392.0
719,1377603799,391.0
719,1377603804,396.0
719,1377603809,390.0
719,1377603814,392.0
719,1377603819,382.0
719,1377603824,384.0
719,1377603829,383.0
719,1377603834,392.0
719,1377603839,396.0
719,1377603844,387.0
719,1377603849,393.0
719,1377603854,383.0
719,1377603859,393.0
719,1377603864,385.0
719,1377603869,388.0
719,1377603874,385.0
719,1377603879,387.0
719,1377603884,382.0
719,1377603889,388.0
719,1377603894,388.0
719,1377603899,392.0
719,1377603904,387.0
719,1377603909,387.0
719,1377603914,393.0
719,1377603919,391.0
719,1377603924,400.0
719,1377603929,397.0
719,1377603934,395.0
719,1377603939,395.0
719,1377603944,393.0
719,1377603949,395.0
719,1377603954,395.0
719,1377603959,400.0
719,1377603964,401.0
719,1377603969,402.0
719,1377603974,403.0
719,1377603979,396.0
719,1377603984,390.0
719,1377603989,396.0
719,1377603994,395.0
719,1377603999,398.0
719,1377604004,400.0
719,1377604009,393.0
719,1377604014,391.0
719,1377604019,396.0
719,1377604024,390.0
719,1377604029,387.0
719,1377604034,383.0
719,1377604039,382.0
719,1377604044,380.0
719,1377604049,384.0
719,1377604054,383.0
719,1377604059,387.0
719,1377604064,392.0
719,1377604069,382.0
719,1377604074,385.0
719,1377604079,382.0
719,1377604084,387.0
719,1377604089,393.0
719,1377604094,396.0
719,1377604099,391.0
719,1377604107,396.0
719,1377604109,390.0
719,1377604114,390.0
719,1377604119,393.0
719,1377604124,393.0
719,1377604129,404.0
719,1377604134,397.0
719,1377604139,401.0
719,1377604144,398.0
719,1377604149,395.0
719,1377604154,390.0
719,1377604159,387.0
719,1377604164,390.0
719,1377604169,396.0
719,1377604174,396.0
719,1377604179,391.0
719,1377604184,390.0
719,1377604189,396.0
719,1377604194,396.0
719,1377604199,390.0
719,1377604204,391.0
719,1377604209,395.0
719,1377604214,391.0
719,1377604219,390.0
719,1377604224,390.0
719,1377604229,382.0
719,1377604234,388.0
719,1377604239,382.0
719,1377604244,396.0
719,1377604249,387.0
719,1377604254,391.0
719,1377604259,396.0
719,1377604264,393.0
719,1377604269,387.0
719,1377604274,387.0
719,1377604279,382.0
719,1377604284,387.0
719,1377604289,391.0
719,1377604294,396.0
719,1377604299,392.0
719,1377604304,390.0
719,1377604309,387.0
719,1377604314,390.0
719,1377604319,391.0
719,1377604324,387.0
719,1377604329,387.0
719,1377604334,392.0
719,1377604339,390.0
719,1377604344,388.0
719,1377604349,390.0
719,1377604354,393.0
719,1377604359,404.0
719,1377604364,395.0
719,1377604369,391.0
719,1377604374,390.0
719,1377604379,396.0
719,1377604384,392.0
719,1377604389,393.0
719,1377604394,388.0
719,1377604399,382.0
719,1377604404,388.0
719,1377604409,392.0
719,1377604414,390.0
719,1377604419,393.0
719,1377604424,393.0
719,1377604429,383.0
719,1377604434,384.0
719,1377604439,384.0
719,1377604444,381.0
719,1377604449,383.0
719,1377604454,382.0
719,1377604459,387.0
719,1377604464,390.0
719,1377604469,393.0
719,1377604474,401.0
719,1377604479,403.0
719,1377604484,401.0
719,1377604489,395.0
719,1377604494,397.0
719,1377604499,395.0
719,1377604504,400.0
719,1377604509,397.0
719,1377604514,403.0
719,1377604519,395.0
719,1377604524,398.0
719,1377604529,398.0
719,1377604534,403.0
719,1377604539,399.0
719,1377604544,401.0
719,1377604549,393.0
719,1377604554,387.0
719,1377604559,385.0
719,1377604564,388.0
719,1377604569,388.0
719,1377604574,387.0
719,1377604579,382.0
719,1377604584,382.0
719,1377604589,382.0
719,1377604594,382.0
719,1377604599,375.0
719,1377604604,374.0
719,1377604609,374.0
719,1377604614,371.0
719,1377604619,380.0
719,1377604624,382.0
719,1377604629,392.0
719,1377604634,392.0
719,1377604639,391.0
719,1377604644,390.0
719,1377604649,387.0
719,1377604654,391.0
719,1377604659,390.0
719,1377604664,395.0
719,1377604669,392.0
719,1377604674,388.0
719,1377604679,388.0
719,1377604684,382.0
719,1377604689,384.0
719,1377604694,382.0
719,1377604699,382.0
719,1377604704,387.0
719,1377604709,396.0
719,1377604714,390.0
719,1377604719,391.0
719,1377604724,396.0
719,1377604729,392.0
719,1377604734,393.0
719,1377604739,391.0
719,1377604744,390.0
719,1377604749,393.0
719,1377604754,392.0
719,1377604759,382.0
719,1377604764,396.0
719,1377604769,377.0
719,1377604774,374.0
719,1377604779,384.0
719,1377604784,385.0
719,1377604789,393.0
719,1377604794,390.0
719,1377604799,396.0
719,1377604804,390.0
719,1377604809,388.0
719,1377604814,390.0
719,1377604819,391.0
719,1377604824,398.0
719,1377604829,401.0
719,1377604834,403.0
719,1377604839,402.0
719,1377604844,395.0
719,1377604849,399.0
719,1377604854,393.0
719,1377604859,391.0
719,1377604864,393.0
719,1377604869,390.0
719,1377604874,383.0
719,1377604879,392.0
719,1377604884,387.0
719,1377604889,396.0
719,1377604894,396.0
719,1377604899,391.0
719,1377604904,392.0
719,1377604909,390.0
719,1377604914,396.0
719,1377604919,397.0
719,1377604924,402.0
719,1377604931,403.0
719,1377604934,401.0
719,1377604939,395.0
719,1377604944,390.0
719,1377604949,396.0
719,1377604954,396.0
719,1377604959,396.0
719,1377604964,398.0
719,1377604969,402.0
719,1377604974,403.0
719,1377604979,396.0
719,1377604984,398.0
719,1377604989,396.0
719,1377604994,397.0
719,1377604999,396.0
719,1377605004,391.0
719,1377605009,383.0
719,1377605014,387.0
719,1377605019,382.0
719,1377605024,385.0
719,1377605029,389.0
719,1377605034,390.0
719,1377605039,393.0
719,1377605044,391.0
719,1377605049,392.0
719,1377605054,388.0
719,1377605059,388.0
719,1377605064,390.0
719,1377605069,391.0
719,1377605074,396.0
719,1377605079,404.0
719,1377605084,408.0
719,1377605089,401.0
719,1377605094,397.0
719,1377605099,397.0
719,1377605104,391.0
719,1377605109,391.0
719,1377605114,393.0
719,1377605119,398.0
719,1377605124,401.0
719,1377605129,401.0
719,1377605134,396.0
719,1377605139,390.0
719,1377605144,388.0
719,1377605149,385.0
719,1377605154,392.0
719,1377605159,382.0
719,1377605164,396.0
719,1377605169,398.0
719,1377605174,401.0
719,1377605179,395.0
719,1377605184,396.0
719,1377605189,382.0
719,1377605194,385.0
719,1377605199,387.0
719,1377605204,393.0
719,1377605209,395.0
719,1377605214,398.0
719,1377605219,393.0
719,1377605224,395.0
719,1377605229,390.0
719,1377605234,396.0
719,1377605239,391.0
719,1377605244,396.0
719,1377605249,391.0
719,1377605254,393.0
719,1377605259,388.0
719,1377605264,388.0
719,1377605269,375.0
719,1377605274,382.0
719,1377605279,384.0
719,1377605284,382.0
719,1377605289,388.0
719,1377605294,392.0
719,1377605299,390.0
719,1377605304,388.0
719,1377605309,387.0
719,1377605314,388.0
719,1377605319,382.0
719,1377605324,392.0
719,1377605329,387.0
719,1377605334,387.0
719,1377605339,383.0
719,1377605344,387.0
719,1377605349,391.0
719,1377605354,393.0
719,1377605359,396.0
719,1377605364,384.0
719,1377605369,388.0
719,1377605374,387.0
719,1377605379,391.0
719,1377605384,391.0
719,1377605389,398.0
719,1377605394,398.0
719,1377605399,398.0
719,1377605404,385.0
719,1377605409,371.0
719,1377605414,365.0
719,1377605419,369.0
719,1377605424,374.0
719,1377605429,382.0
719,1377605434,385.0
719,1377605439,390.0
719,1377605444,393.0
719,1377605449,383.0
719,1377605454,383.0
719,1377605459,382.0
719,1377605464,385.0
719,1377605469,382.0
719,1377605474,387.0
719,1377605479,383.0
719,1377605484,383.0
719,1377605489,387.0
719,1377605494,387.0
719,1377605499,384.0
719,1377605504,382.0
719,1377605509,384.0
719,1377605514,388.0
719,1377605519,382.0
719,1377605524,390.0
719,1377605529,383.0
719,1377605534,385.0
719,1377605539,384.0
719,1377605544,381.0
719,1377605549,382.0
719,1377605554,380.0
719,1377605559,384.0
719,1377605564,375.0
719,1377605569,382.0
719,1377605574,381.0
719,1377605579,384.0
719,1377605584,382.0
719,1377605589,383.0
719,1377605594,388.0
719,1377605599,387.0
719,1377605604,385.0
719,1377605609,392.0
719,1377605614,395.0
719,1377605619,397.0
719,1377605624,391.0
719,1377605629,396.0
719,1377605634,390.0
719,1377605639,391.0
719,1377605644,390.0
719,1377605649,387.0
719,1377605654,392.0
719,1377605659,392.0
719,1377605664,393.0
719,1377605669,391.0
719,1377605674,391.0
719,1377605679,388.0
719,1377605684,396.0
719,1377605689,390.0
719,1377605694,393.0
719,1377605699,393.0
719,1377605704,387.0
719,1377605709,385.0
719,1377605714,382.0
719,1377605719,385.0
719,1377605724,392.0
719,1377605729,390.0
719,1377605734,388.0
719,1377605739,396.0
719,1377605744,390.0
719,1377605749,393.0
719,1377605754,390.0
719,1377605765,396.0
719,1377605769,387.0
719,1377605774,385.0
719,1377605779,382.0
719,1377605784,385.0
719,1377605789,396.0
719,1377605794,396.0
719,1377605799,393.0
719,1377605804,400.0
719,1377605809,400.0
719,1377605814,401.0
719,1377605819,398.0
719,1377605824,401.0
719,1377605829,397.0
719,1377605834,390.0
719,1377605839,383.0
719,1377605844,382.0
719,1377605849,388.0
719,1377605854,382.0
719,1377605859,388.0
719,1377605864,396.0
719,1377605869,397.0
719,1377605874,393.0
719,1377605879,383.0
719,1377605884,379.0
719,1377605889,379.0
719,1377605894,377.0
719,1377605899,381.0
719,1377605904,385.0
719,1377605909,387.0
719,1377605914,390.0
719,1377605919,396.0
719,1377605924,395.0
719,1377605929,398.0
719,1377605934,393.0
719,1377605939,393.0
719,1377605944,390.0
719,1377605949,387.0
719,1377605954,388.0
719,1377605959,379.0
719,1377605964,377.0
719,1377605969,380.0
719,1377605974,375.0
719,1377605979,385.0
719,1377605984,387.0
719,1377605989,383.0
719,1377605994,388.0
719,1377605999,382.0
719,1377606004,385.0
719,1377606009,384.0
719,1377606014,388.0
719,1377606019,389.0
719,1377606024,387.0
719,1377606029,387.0
719,1377606034,381.0
719,1377606039,379.0
719,1377606044,384.0
719,1377606049,380.0
719,1377606054,385.0
719,1377606059,383.0
719,1377606064,388.0
719,1377606069,388.0
719,1377606074,384.0
719,1377606079,382.0
719,1377606084,382.0
719,1377606089,379.0
719,1377606094,388.0
719,1377606099,392.0
719,1377606104,391.0
719,1377606109,390.0
719,1377606114,391.0
719,1377606119,388.0
719,1377606124,385.0
719,1377606129,387.0
719,1377606134,388.0
719,1377606139,393.0
719,1377606144,392.0
719,1377606149,392.0
719,1377606154,390.0
719,1377606159,390.0
719,1377606164,391.0
719,1377606169,398.0
719,1377606174,395.0
719,1377606179,398.0
719,1377606184,404.0
719,1377606189,403.0
719,1377606194,404.0
719,1377606199,397.0
719,1377606204,403.0
719,1377606209,408.0
719,1377606214,397.0
719,1377606219,391.0
719,1377606224,396.0
719,1377606229,397.0
719,1377606234,398.0
719,1377606239,395.0
719,1377606244,396.0
719,1377606249,393.0
719,1377606254,397.0
719,1377606259,397.0
719,1377606264,398.0
719,1377606269,398.0
719,1377606274,391.0
719,1377606279,390.0
719,1377606284,392.0
719,1377606289,396.0
719,1377606294,396.0
719,1377606299,393.0
719,1377606304,387.0
719,1377606309,390.0
719,1377606314,392.0
719,1377606319,392.0
719,1377606324,387.0
719,1377606329,382.0
719,1377606334,384.0
719,1377606339,385.0
719,1377606344,393.0
719,1377606349,401.0
719,1377606354,401.0
719,1377606359,397.0
719,1377606364,397.0
719,1377606369,397.0
719,1377606377,390.0
719,1377606379,390.0
719,1377606384,390.0
719,1377606389,388.0
719,1377606394,383.0
719,1377606399,382.0
719,1377606404,381.0
719,1377606409,382.0
719,1377606414,382.0
719,1377606419,393.0
719,1377606424,396.0
719,1377606429,396.0
719,1377606434,394.0
719,1377606439,396.0
719,1377606444,392.0
719,1377606449,390.0
719,1377606454,390.0
719,1377606459,390.0
719,1377606464,393.0
719,1377606469,387.0
719,1377606474,390.0
719,1377606479,389.0
719,1377606484,396.0
719,1377606489,393.0
719,1377606494,390.0
719,1377606499,390.0
719,1377606504,392.0
719,1377606509,396.0
719,1377606514,390.0
719,1377606519,393.0
719,1377606524,387.0
719,1377606529,387.0
719,1377606534,388.0
719,1377606539,382.0
719,1377606544,384.0
719,1377606549,384.0
719,1377606554,383.0
719,1377606559,384.0
719,1377606564,383.0
719,1377606569,388.0
719,1377606574,388.0
719,1377606579,387.0
719,1377606584,385.0
719,1377606589,384.0
719,1377606594,382.0
719,1377606599,387.0
719,1377606604,391.0
719,1377606609,391.0
719,1377606614,391.0
719,1377606619,392.0
719,1377606624,388.0
719,1377606629,385.0
719,1377606634,388.0
719,1377606639,387.0
719,1377606644,388.0
719,1377606649,393.0
719,1377606654,393.0
719,1377606659,391.0
719,1377606664,395.0
719,1377606669,391.0
719,1377606674,392.0
719,1377606679,392.0
719,1377606684,391.0
719,1377606689,387.0
719,1377606694,383.0
719,1377606699,385.0
719,1377606704,387.0
719,1377606709,396.0
719,1377606714,392.0
719,1377606719,392.0
719,1377606724,388.0
719,1377606729,392.0
719,1377606734,390.0
719,1377606739,391.0
719,1377606744,395.0
719,1377606749,396.0
719,1377606754,396.0
719,1377606759,390.0
719,1377606764,393.0
719,1377606769,390.0
719,1377606774,390.0
719,1377606779,382.0
719,1377606784,382.0
719,1377606789,388.0
719,1377606794,382.0
719,1377606799,388.0
719,1377606804,388.0
719,1377606809,387.0
719,1377606814,392.0
719,1377606819,390.0
719,1377606824,396.0
719,1377606829,396.0
719,1377606834,391.0
719,1377606839,390.0
719,1377606844,391.0
719,1377606849,382.0
719,1377606854,387.0
719,1377606859,382.0
719,1377606864,392.0
719,1377606869,396.0
719,1377606874,396.0
719,1377606879,390.0
719,1377606884,387.0
719,1377606889,391.0
719,1377606894,393.0
719,1377606899,398.0
719,1377606904,397.0
719,1377606909,401.0
719,1377606914,401.0
719,1377606919,400.0
719,1377606924,391.0
719,1377606929,393.0
719,1377606934,393.0
719,1377606939,390.0
719,1377606944,391.0
719,1377606949,393.0
719,1377606954,393.0
719,1377606959,396.0
719,1377606964,391.0
719,1377606969,396.0
719,1377606974,393.0
719,1377606979,393.0
719,1377606984,393.0
719,1377606989,383.0
719,1377606994,390.0
719,1377606999,384.0
719,1377607004,385.0
719,1377607009,382.0
719,1377607014,388.0
719,1377607019,392.0
719,1377607024,397.0
719,1377607029,396.0
719,1377607034,396.0
719,1377607039,391.0
719,1377607044,396.0
719,1377607049,392.0
719,1377607054,387.0
719,1377607059,385.0
719,1377607064,387.0
719,1377607069,390.0
719,1377607074,397.0
719,1377607079,397.0
719,1377607084,391.0
719,1377607089,396.0
719,1377607094,396.0
719,1377607099,396.0
719,1377607104,397.0
719,1377607109,397.0
719,1377607114,400.0
719,1377607119,398.0
719,1377607124,400.0
719,1377607129,397.0
719,1377607134,395.0
719,1377607139,395.0
719,1377607144,390.0
719,1377607149,391.0
719,1377607154,387.0
719,1377607159,381.0
719,1377607164,382.0
719,1377607169,385.0
719,1377607174,387.0
719,1377607179,393.0
719,1377607184,393.0
719,1377607189,398.0
719,1377607194,398.0
719,1377607199,404.0
719,1377607204,403.0
719,1377607208,402.0
719,1377607214,398.0
719,1377607219,393.0
719,1377607226,396.0
719,1377607229,385.0
719,1377607234,388.0
719,1377607239,388.0
719,1377607244,387.0
719,1377607249,387.0
719,1377607254,390.0
719,1377607259,401.0
719,1377607264,407.0
719,1377607269,408.0
719,1377607274,406.0
719,1377607279,396.0
719,1377607284,387.0
719,1377607289,383.0
719,1377607294,385.0
719,1377607299,382.0
719,1377607304,383.0
719,1377607309,390.0
719,1377607314,390.0
719,1377607319,387.0
719,1377607324,392.0
719,1377607328,383.0
719,1377607334,388.0
719,1377607339,387.0
719,1377607344,387.0
719,1377607349,387.0
719,1377607354,382.0
719,1377607358,388.0
719,1377607364,392.0
719,1377607369,393.0
719,1377607374,396.0
719,1377607379,396.0
719,1377607384,395.0
719,1377607389,398.0
719,1377607394,396.0
719,1377607399,397.0
719,1377607404,391.0
719,1377607408,396.0
719,1377607414,401.0
719,1377607419,403.0
719,1377607424,397.0
719,1377607428,398.0
719,1377607434,390.0
719,1377607439,387.0
719,1377607444,387.0
719,1377607448,388.0
719,1377607454,387.0
719,1377607459,396.0
719,1377607464,391.0
719,1377607468,400.0
719,1377607474,401.0
719,1377607479,398.0
719,1377607484,401.0
719,1377607489,395.0
719,1377607494,398.0
719,1377607499,395.0
719,1377607504,403.0
719,1377607509,400.0
719,1377607514,400.0
719,1377607518,393.0
719,1377607524,391.0
719,1377607529,393.0
719,1377607534,396.0
719,1377607539,392.0
719,1377607544,387.0
719,1377607549,382.0
719,1377607554,387.0
719,1377607559,388.0
719,1377607564,385.0
719,1377607568,385.0
719,1377607574,382.0
719,1377607579,384.0
719,1377607584,382.0
719,1377607588,385.0
719,1377607594,387.0
719,1377607598,392.0
719,1377607604,387.0
719,1377607609,390.0
719,1377607614,388.0
719,1377607618,385.0
719,1377607624,382.0
719,1377607628,385.0
719,1377607634,385.0
719,1377607639,385.0
719,1377607644,385.0
719,1377607648,382.0
719,1377607654,383.0
719,1377607658,393.0
719,1377607664,390.0
719,1377607669,393.0
719,1377607674,393.0
719,1377607678,387.0
719,1377607684,392.0
719,1377607688,389.0
719,1377607694,388.0
719,1377607698,387.0
719,1377607704,382.0
719,1377607708,388.0
719,1377607714,392.0
719,1377607718,390.0
719,1377607724,382.0
719,1377607728,388.0
719,1377607734,396.0
719,1377607738,387.0
719,1377607744,382.0
719,1377607749,382.0
719,1377607754,385.0
719,1377607758,382.0
719,1377607764,385.0
719,1377607768,391.0
719,1377607774,398.0
719,1377607778,400.0
719,1377607784,398.0
719,1377607789,395.0
719,1377607794,396.0
719,1377607799,391.0
719,1377607804,391.0
719,1377607808,391.0
719,1377607814,392.0
719,1377607818,383.0
719,1377607824,382.0
719,1377607828,384.0
719,1377607834,381.0
719,1377607838,382.0
719,1377607844,394.0
719,1377607849,398.0
719,1377607854,403.0
719,1377607858,403.0
719,1377607864,400.0
719,1377607868,390.0
719,1377607874,385.0
719,1377607879,382.0
719,1377607884,385.0
719,1377607888,391.0
719,1377607894,393.0
719,1377607898,408.0
719,1377607904,398.0
719,1377607908,396.0
719,1377607914,397.0
719,1377607918,403.0
719,1377607924,403.0
719,1377607928,402.0
719,1377607934,398.0
719,1377607938,396.0
719,1377607944,396.0
719,1377607948,391.0
719,1377607954,390.0
719,1377607958,391.0
719,1377607964,393.0
719,1377607968,385.0
719,1377607974,383.0
719,1377607978,396.0
719,1377607984,396.0
719,1377607988,397.0
719,1377607994,396.0
719,1377607998,397.0
719,1377608004,398.0
719,1377608008,397.0
719,1377608014,402.0
719,1377608018,399.0
719,1377608024,399.0
719,1377608028,403.0
719,1377608034,403.0
719,1377608038,391.0
719,1377608044,387.0
719,1377608048,387.0
719,1377608054,387.0
719,1377608058,395.0
719,1377608070,408.0
719,1377608074,407.0
719,1377608078,406.0
719,1377608084,408.0
719,1377608088,403.0
719,1377608094,398.0
719,1377608098,391.0
719,1377608104,396.0
719,1377608108,400.0
719,1377608114,398.0
719,1377608118,404.0
719,1377608124,401.0
719,1377608128,403.0
719,1377608134,400.0
719,1377608138,397.0
719,1377608144,391.0
719,1377608148,395.0
719,1377608154,390.0
719,1377608158,387.0
719,1377608164,382.0
719,1377608168,382.0
719,1377608174,382.0
719,1377608178,375.0
719,1377608184,375.0
719,1377608188,376.0
719,1377608194,376.0
719,1377608198,374.0
719,1377608204,379.0
719,1377608208,385.0
719,1377608214,385.0
719,1377608218,392.0
719,1377608224,391.0
719,1377608228,390.0
719,1377608234,403.0
719,1377608238,402.0
719,1377608244,403.0
719,1377608248,399.0
719,1377608254,397.0
719,1377608258,396.0
719,1377608264,393.0
719,1377608268,392.0
719,1377608274,392.0
719,1377608278,385.0
719,1377608284,382.0
719,1377608288,382.0
719,1377608294,390.0
719,1377608298,396.0
719,1377608304,391.0
719,1377608308,398.0
719,1377608314,404.0
719,1377608318,398.0
719,1377608324,397.0
719,1377608328,397.0
719,1377608334,393.0
719,1377608338,390.0
719,1377608344,392.0
719,1377608348,387.0
719,1377608354,392.0
719,1377608359,391.0
719,1377608364,387.0
719,1377608368,387.0
719,1377608374,382.0
719,1377608378,383.0
719,1377608384,382.0
719,1377608388,387.0
719,1377608394,390.0
719,1377608398,395.0
719,1377608404,391.0
719,1377608408,390.0
719,1377608414,393.0
719,1377608418,383.0
719,1377608424,383.0
719,1377608428,383.0
719,1377608434,383.0
719,1377608438,382.0
719,1377608444,392.0
719,1377608448,396.0
719,1377608454,390.0
719,1377608458,390.0
719,1377608464,387.0
719,1377608468,387.0
719,1377608474,396.0
719,1377608478,396.0
719,1377608484,398.0
719,1377608489,397.0
719,1377608494,400.0
719,1377608498,391.0
719,1377608504,395.0
719,1377608508,395.0
719,1377608514,390.0
719,1377608518,393.0
719,1377608524,391.0
719,1377608528,396.0
719,1377608534,394.0
719,1377608538,393.0
719,1377608544,391.0
719,1377608548,390.0
719,1377608554,392.0
719,1377608558,385.0
719,1377608564,382.0
719,1377608568,382.0
719,1377608574,383.0
719,1377608578,384.0
719,1377608584,384.0
719,1377608588,385.0
719,1377608594,392.0
719,1377608598,396.0
719,1377608604,397.0
719,1377608608,401.0
719,1377608614,395.0
719,1377608618,391.0
719,1377608624,387.0
719,1377608628,388.0
719,1377608634,388.0
719,1377608638,382.0
719,1377608644,390.0
719,1377608648,397.0
719,1377608654,396.0
719,1377608658,391.0
719,1377608664,396.0
719,1377608668,390.0
719,1377608674,387.0
719,1377608678,390.0
719,1377608684,396.0
719,1377608688,396.0
719,1377608694,398.0
719,1377608698,397.0
719,1377608704,396.0
719,1377608708,390.0
719,1377608714,388.0
719,1377608718,377.0
719,1377608724,375.0
719,1377608728,375.0
719,1377608734,379.0
719,1377608738,384.0
719,1377608744,390.0
719,1377608748,396.0
719,1377608754,397.0
719,1377608758,391.0
719,1377608764,390.0
719,1377608768,382.0
719,1377608774,383.0
719,1377608778,388.0
719,1377608784,382.0
719,1377608789,388.0
719,1377608794,393.0
719,1377608798,391.0
719,1377608804,396.0
719,1377608808,395.0
719,1377608814,391.0
719,1377608818,401.0
719,1377608824,404.0
719,1377608828,399.0
719,1377608834,403.0
719,1377608838,403.0
719,1377608844,401.0
719,1377608848,402.0
719,1377608854,397.0
719,1377608858,398.0
719,1377608864,400.0
719,1377608868,401.0
719,1377608874,395.0
719,1377608878,393.0
719,1377608884,392.0
719,1377608888,393.0
719,1377608894,390.0
719,1377608898,390.0
719,1377608904,396.0
719,1377608909,404.0
719,1377608914,395.0
719,1377608925,391.0
719,1377608928,390.0
719,1377608934,396.0
719,1377608938,395.0
719,1377608944,401.0
719,1377608948,403.0
719,1377608954,398.0
719,1377608958,397.0
719,1377608964,396.0
719,1377608968,395.0
719,1377608974,396.0
719,1377608978,398.0
719,1377608984,395.0
719,1377608988,395.0
719,1377608994,398.0
719,1377608998,391.0
719,1377609004,391.0
719,1377609008,395.0
719,1377609014,395.0
719,1377609018,396.0
719,1377609024,391.0
719,1377609028,392.0
719,1377609034,393.0
719,1377609038,392.0
719,1377609044,392.0
719,1377609048,383.0
719,1377609054,388.0
719,1377609058,390.0
719,1377609064,396.0
719,1377609068,396.0
719,1377609074,395.0
719,1377609078,393.0
719,1377609084,387.0
719,1377609088,390.0
719,1377609094,391.0
719,1377609098,395.0
719,1377609104,395.0
719,1377609109,396.0
719,1377609114,397.0
719,1377609118,393.0
719,1377609124,396.0
719,1377609128,396.0
719,1377609134,390.0
719,1377609138,391.0
719,1377609144,391.0
719,1377609148,390.0
719,1377609154,398.0
719,1377609158,403.0
719,1377609164,400.0
719,1377609168,396.0
719,1377609174,396.0
719,1377609178,387.0
719,1377609184,387.0
719,1377609189,393.0
719,1377609194,391.0
719,1377609198,391.0
719,1377609204,396.0
719,1377609208,390.0
719,1377609214,391.0
719,1377609218,392.0
719,1377609224,393.0
719,1377609229,390.0
719,1377609234,393.0
719,1377609238,404.0
719,1377609244,403.0
719,1377609248,397.0
719,1377609254,401.0
719,1377609258,397.0
719,1377609264,395.0
719,1377609268,393.0
719,1377609274,395.0
719,1377609278,402.0
719,1377609284,406.0
719,1377609288,406.0
719,1377609294,402.0
719,1377609298,396.0
719,1377609304,390.0
719,1377609308,391.0
719,1377609314,390.0
719,1377609319,393.0
719,1377609324,392.0
719,1377609328,392.0
719,1377609334,392.0
719,1377609339,393.0
719,1377609344,392.0
719,1377609348,393.0
719,1377609354,393.0
719,1377609358,392.0
719,1377609364,390.0
719,1377609368,392.0
719,1377609374,382.0
719,1377609378,389.0
719,1377609384,390.0
719,1377609388,398.0
719,1377609394,395.0
719,1377609399,400.0
719,1377609404,390.0
719,1377609408,395.0
719,1377609414,390.0
719,1377609418,392.0
719,1377609424,385.0
719,1377609428,385.0
719,1377609434,387.0
719,1377609439,392.0
719,1377609444,390.0
719,1377609448,397.0
719,1377609454,396.0
719,1377609458,390.0
719,1377609464,390.0
719,1377609469,387.0
719,1377609474,392.0
719,1377609478,393.0
719,1377609484,398.0
719,1377609489,399.0
719,1377609494,404.0
719,1377609498,398.0
719,1377609504,401.0
719,1377609508,401.0
719,1377609514,403.0
719,1377609518,403.0
719,1377609524,406.0
719,1377609528,401.0
719,1377609534,404.0
719,1377609538,393.0
719,1377609544,390.0
719,1377609549,390.0
719,1377609554,391.0
719,1377609558,383.0
719,1377609564,382.0
719,1377609569,384.0
719,1377609574,381.0
719,1377609578,387.0
719,1377609584,393.0
719,1377609589,390.0
719,1377609594,388.0
719,1377609599,385.0
719,1377609604,391.0
719,1377609608,397.0
719,1377609614,403.0
719,1377609618,407.0
719,1377609624,403.0
719,1377609629,408.0
719,1377609634,402.0
719,1377609638,404.0
719,1377609644,396.0
719,1377609648,390.0
719,1377609654,388.0
719,1377609659,392.0
719,1377609664,388.0
719,1377609668,393.0
719,1377609674,396.0
719,1377609679,393.0
719,1377609684,392.0
719,1377609688,388.0
719,1377609694,391.0
719,1377609698,395.0
719,1377609704,395.0
719,1377609709,401.0
719,1377609714,403.0
719,1377609718,402.0
719,1377609724,404.0
719,1377609729,401.0
719,1377609734,400.0
719,1377609738,401.0
719,1377609744,396.0
719,1377609749,395.0
719,1377609758,400.0
719,1377609759,391.0
719,1377609764,398.0
719,1377609768,395.0
719,1377609774,398.0
719,1377609779,387.0
719,1377609784,392.0
719,1377609788,383.0
719,1377609794,390.0
719,1377609798,393.0
719,1377609804,396.0
719,1377609808,396.0
719,1377609814,396.0
719,1377609819,401.0
719,1377609824,395.0
719,1377609828,395.0
719,1377609834,390.0
719,1377609839,396.0
719,1377609844,391.0
719,1377609848,395.0
719,1377609854,396.0
719,1377609859,398.0
719,1377609864,401.0
719,1377609869,398.0
719,1377609874,395.0
719,1377609878,400.0
719,1377609884,396.0
719,1377609889,397.0
719,1377609894,397.0
719,1377609898,401.0
719,1377609904,398.0
719,1377609910,397.0
719,1377609914,383.0
719,1377609918,380.0
719,1377609924,384.0
719,1377609929,385.0
719,1377609934,390.0
719,1377609939,393.0
719,1377609944,400.0
719,1377609948,397.0
719,1377609954,393.0
719,1377609959,398.0
719,1377609964,395.0
719,1377609969,403.0
719,1377609974,403.0
719,1377609979,406.0
719,1377609984,403.0
719,1377609989,391.0
719,1377609994,392.0
719,1377609998,387.0
719,1377610004,391.0
719,1377610009,401.0
719,1377610014,403.0
719,1377610019,402.0
719,1377610024,400.0
719,1377610028,397.0
719,1377610034,398.0
719,1377610039,401.0
719,1377610044,403.0
719,1377610049,398.0
719,1377610054,397.0
719,1377610059,404.0
719,1377610064,403.0
719,1377610068,397.0
719,1377610074,403.0
719,1377610079,401.0
719,1377610084,395.0
719,1377610089,396.0
719,1377610094,396.0
719,1377610099,397.0
719,1377610104,399.0
719,1377610109,399.0
719,1377610114,397.0
719,1377610118,401.0
719,1377610124,401.0
719,1377610129,400.0
719,1377610134,396.0
719,1377610139,395.0
719,1377610144,401.0
719,1377610149,403.0
719,1377610154,403.0
719,1377610159,399.0
719,1377610164,403.0
719,1377610169,397.0
719,1377610174,390.0
719,1377610179,396.0
719,1377610184,390.0
719,1377610189,390.0
719,1377610194,396.0
719,1377610198,395.0
719,1377610204,399.0
719,1377610209,396.0
719,1377610214,395.0
719,1377610219,393.0
719,1377610224,390.0
719,1377610229,392.0
719,1377610234,390.0
719,1377610239,387.0
719,1377610244,396.0
719,1377610248,393.0
719,1377610254,398.0
719,1377610258,396.0
719,1377610264,396.0
719,1377610269,396.0
719,1377610274,390.0
719,1377610279,392.0
719,1377610284,390.0
719,1377610288,382.0
719,1377610294,384.0
719,1377610299,392.0
719,1377610304,391.0
719,1377610309,401.0
719,1377610314,399.0
719,1377610319,406.0
719,1377610324,398.0
719,1377610329,398.0
719,1377610334,396.0
719,1377610339,388.0
719,1377610344,385.0
719,1377610349,388.0
719,1377610354,393.0
719,1377610358,393.0
719,1377610364,393.0
719,1377610369,391.0
719,1377610374,390.0
719,1377610379,390.0
719,1377610384,390.0
719,1377610389,395.0
719,1377610394,398.0
719,1377610399,402.0
719,1377610404,401.0
719,1377610409,403.0
719,1377610414,401.0
719,1377610419,401.0
719,1377610424,399.0
719,1377610429,404.0
719,1377610434,397.0
719,1377610439,397.0
719,1377610444,397.0
719,1377610449,391.0
719,1377610453,391.0
719,1377610459,395.0
719,1377610464,391.0
719,1377610469,396.0
719,1377610474,395.0
719,1377610478,390.0
719,1377610484,382.0
719,1377610489,385.0
719,1377610494,393.0
719,1377610499,396.0
719,1377610504,397.0
719,1377610509,395.0
719,1377610514,396.0
719,1377610519,393.0
719,1377610524,393.0
719,1377610529,395.0
719,1377610534,398.0
719,1377610539,399.0
719,1377610544,401.0
719,1377610549,395.0
719,1377610554,396.0
719,1377610559,396.0
719,1377610564,391.0
719,1377610569,391.0
719,1377610574,392.0
719,1377610579,389.0
719,1377610587,393.0
719,1377610589,391.0
719,1377610594,404.0
719,1377610599,398.0
719,1377610604,397.0
719,1377610609,400.0
719,1377610614,395.0
719,1377610619,398.0
719,1377610624,393.0
719,1377610629,401.0
719,1377610634,397.0
719,1377610639,398.0
719,1377610644,390.0
719,1377610649,395.0
719,1377610654,392.0
719,1377610659,387.0
719,1377610664,392.0
719,1377610669,393.0
719,1377610673,393.0
719,1377610679,390.0
719,1377610684,396.0
719,1377610689,392.0
719,1377610694,390.0
719,1377610699,390.0
719,1377610704,396.0
719,1377610709,402.0
719,1377610714,398.0
719,1377610719,401.0
719,1377610724,404.0
719,1377610729,400.0
719,1377610734,397.0
719,1377610739,403.0
719,1377610744,409.0
719,1377610749,398.0
719,1377610754,398.0
719,1377610759,402.0
719,1377610764,401.0
719,1377610769,398.0
719,1377610774,402.0
719,1377610779,401.0
719,1377610784,398.0
719,1377610789,397.0
719,1377610793,404.0
719,1377610799,397.0
719,1377610804,395.0
719,1377610809,393.0
719,1377610814,388.0
719,1377610819,390.0
719,1377610824,393.0
719,1377610829,401.0
719,1377610834,401.0
719,1377610839,395.0
719,1377610844,392.0
719,1377610849,388.0
719,1377610854,383.0
719,1377610859,389.0
719,1377610864,390.0
719,1377610869,396.0
719,1377610874,390.0
719,1377610879,390.0
719,1377610884,382.0
719,1377610889,382.0
719,1377610894,385.0
719,1377610899,385.0
719,1377610904,384.0
719,1377610909,388.0
719,1377610914,382.0
719,1377610919,387.0
719,1377610924,390.0
719,1377610929,399.0
719,1377610934,403.0
719,1377610939,408.0
719,1377610944,406.0
719,1377610949,406.0
719,1377610953,397.0
719,1377610959,396.0
719,1377610964,395.0
719,1377610969,390.0
719,1377610974,393.0
719,1377610979,401.0
719,1377610984,397.0
719,1377610989,403.0
719,1377610994,408.0
719,1377610999,397.0
719,1377611004,400.0
719,1377611009,391.0
719,1377611014,393.0
719,1377611018,392.0
719,1377611024,396.0
719,1377611029,393.0
719,1377611034,390.0
719,1377611039,391.0
719,1377611044,398.0
719,1377611049,397.0
719,1377611054,397.0
719,1377611059,391.0
719,1377611064,396.0
719,1377611069,387.0
719,1377611074,388.0
719,1377611079,385.0
719,1377611084,385.0
719,1377611089,388.0
719,1377611094,387.0
719,1377611099,390.0
719,1377611104,402.0
719,1377611109,399.0
719,1377611114,401.0
719,1377611119,401.0
719,1377611124,395.0
719,1377611129,401.0
719,1377611134,398.0
719,1377611139,401.0
719,1377611144,397.0
719,1377611149,401.0
719,1377611154,401.0
719,1377611159,401.0
719,1377611164,401.0
719,1377611169,403.0
719,1377611174,397.0
719,1377611179,395.0
719,1377611184,397.0
719,1377611189,397.0
719,1377611194,397.0
719,1377611199,398.0
719,1377611204,398.0
719,1377611209,396.0
719,1377611214,395.0
719,1377611219,393.0
719,1377611224,396.0
719,1377611229,393.0
719,1377611234,396.0
719,1377611239,396.0
719,1377611244,396.0
719,1377611249,393.0
719,1377611254,390.0
719,1377611259,390.0
719,1377611264,392.0
719,1377611269,391.0
719,1377611274,396.0
719,1377611278,397.0
719,1377611284,403.0
719,1377611289,401.0
719,1377611294,404.0
719,1377611299,397.0
719,1377611304,393.0
719,1377611309,400.0
719,1377611314,395.0
719,1377611319,398.0
719,1377611323,398.0
719,1377611329,391.0
719,1377611334,395.0
719,1377611339,396.0
719,1377611343,396.0
719,1377611349,398.0
719,1377611354,395.0
719,1377611359,397.0
719,1377611364,398.0
719,1377611369,398.0
719,1377611380,401.0
719,1377611384,401.0
719,1377611389,401.0
719,1377611394,403.0
719,1377611399,398.0
719,1377611404,396.0
719,1377611409,391.0
719,1377611414,390.0
719,1377611418,397.0
719,1377611424,398.0
719,1377611429,396.0
719,1377611434,392.0
719,1377611439,385.0
719,1377611444,388.0
719,1377611449,388.0
719,1377611454,387.0
719,1377611459,392.0
719,1377611463,396.0
719,1377611469,390.0
719,1377611474,391.0
719,1377611479,391.0
719,1377611484,392.0
719,1377611488,391.0
719,1377611494,390.0
719,1377611499,390.0
719,1377611504,404.0
719,1377611509,401.0
719,1377611514,397.0
719,1377611519,398.0
719,1377611524,403.0
719,1377611528,401.0
719,1377611534,397.0
719,1377611538,390.0
719,1377611544,397.0
719,1377611549,387.0
719,1377611554,390.0
719,1377611559,388.0
719,1377611564,387.0
719,1377611569,390.0
719,1377611573,391.0
719,1377611579,397.0
719,1377611584,390.0
719,1377611588,398.0
719,1377611594,401.0
719,1377611599,398.0
719,1377611604,401.0
719,1377611609,395.0
719,1377611614,393.0
719,1377611618,393.0
719,1377611624,398.0
719,1377611629,395.0
719,1377611634,393.0
719,1377611638,398.0
719,1377611644,390.0
719,1377611649,393.0
719,1377611654,392.0
719,1377611659,388.0
719,1377611664,387.0
719,1377611668,387.0
719,1377611674,388.0
719,1377611679,390.0
719,1377611684,391.0
719,1377611688,395.0
719,1377611694,391.0
719,1377611699,398.0
719,1377611704,396.0
719,1377611709,398.0
719,1377611714,401.0
719,1377611718,407.0
719,1377611724,407.0
719,1377611728,407.0
719,1377611734,406.0
719,1377611739,398.0
719,1377611744,393.0
719,1377611749,392.0
719,1377611754,392.0
719,1377611758,383.0
719,1377611764,393.0
719,1377611769,387.0
719,1377611773,392.0
719,1377611778,382.0
719,1377611784,382.0
719,1377611789,381.0
719,1377611794,388.0
719,1377611799,390.0
719,1377611804,390.0
719,1377611808,396.0
719,1377611814,396.0
719,1377611819,392.0
719,1377611824,392.0
719,1377611828,392.0
719,1377611834,393.0
719,1377611839,390.0
719,1377611844,390.0
719,1377611848,395.0
719,1377611854,393.0
719,1377611859,390.0
719,1377611864,388.0
719,1377611868,396.0
719,1377611874,390.0
719,1377611879,396.0
719,1377611884,390.0
719,1377611889,396.0
719,1377611894,392.0
719,1377611898,395.0
719,1377611904,396.0
719,1377611909,398.0
719,1377611914,395.0
719,1377611919,401.0
719,1377611923,398.0
719,1377611929,401.0
719,1377611933,401.0
719,1377611939,400.0
719,1377611943,393.0
719,1377611949,395.0
719,1377611954,398.0
719,1377611958,395.0
719,1377611963,395.0
719,1377611968,396.0
719,1377611974,390.0
719,1377611979,392.0
719,1377611983,387.0
719,1377611989,392.0
719,1377611993,396.0
719,1377611999,401.0
719,1377612004,403.0
719,1377612008,398.0
719,1377612013,408.0
719,1377612019,401.0
719,1377612024,408.0
719,1377612029,401.0
719,1377612034,400.0
719,1377612039,396.0
719,1377612044,395.0
719,1377612049,395.0
719,1377612053,398.0
719,1377612059,399.0
719,1377612063,403.0
719,1377612069,401.0
719,1377612073,399.0
719,1377612079,402.0
719,1377612083,403.0
719,1377612089,403.0
719,1377612093,401.0
719,1377612098,401.0
719,1377612103,402.0
719,1377612109,401.0
719,1377612114,401.0
719,1377612118,400.0
719,1377612123,393.0
719,1377612129,387.0
719,1377612137,388.0
719,1377612138,385.0
719,1377612143,381.0
719,1377612148,382.0
719,1377612154,388.0
719,1377612158,390.0
719,1377612164,393.0
719,1377612168,397.0
719,1377612174,396.0
719,1377612178,395.0
719,1377612183,393.0
719,1377612189,393.0
719,1377612193,392.0
719,1377612198,392.0
719,1377612203,392.0
719,1377612209,390.0
719,1377612214,396.0
719,1377612218,395.0
719,1377612224,398.0
719,1377612228,408.0
719,1377612233,404.0
719,1377612239,403.0
719,1377612244,401.0
719,1377612249,401.0
719,1377612254,399.0
719,1377612259,395.0
719,1377612263,390.0
719,1377612269,390.0
719,1377612273,391.0
719,1377612278,387.0
719,1377612283,388.0
719,1377612288,388.0
719,1377612293,387.0
719,1377612299,393.0
719,1377612303,395.0
719,1377612308,402.0
719,1377612313,404.0
719,1377612318,395.0
719,1377612323,398.0
719,1377612329,395.0
719,1377612334,398.0
719,1377612339,401.0
719,1377612343,403.0
719,1377612349,403.0
719,1377612353,404.0
719,1377612359,398.0
719,1377612363,398.0
719,1377612368,403.0
719,1377612373,403.0
719,1377612378,404.0
719,1377612383,398.0
719,1377612389,395.0
719,1377612393,390.0
719,1377612398,396.0
719,1377612403,397.0
719,1377612409,408.0
719,1377612413,406.0
719,1377612418,407.0
719,1377612423,403.0
719,1377612428,399.0
719,1377612433,401.0
719,1377612438,395.0
719,1377612443,396.0
719,1377612448,395.0
719,1377612453,396.0
719,1377612458,401.0
719,1377612463,402.0
719,1377612469,401.0
719,1377612473,396.0
719,1377612479,396.0
719,1377612484,398.0
719,1377612488,395.0
719,1377612493,397.0
719,1377612498,398.0
719,1377612503,398.0
719,1377612508,395.0
719,1377612513,390.0
719,1377612519,396.0
719,1377612523,396.0
719,1377612529,395.0
719,1377612533,395.0
719,1377612538,392.0
719,1377612543,390.0
719,1377612548,398.0
719,1377612553,401.0
719,1377612559,403.0
719,1377612563,398.0
719,1377612568,397.0
719,1377612573,391.0
719,1377612579,393.0
719,1377612584,391.0
719,1377612588,396.0
719,1377612593,393.0
719,1377612598,390.0
719,1377612603,390.0
719,1377612608,398.0
719,1377612613,404.0
719,1377612619,401.0
719,1377612623,401.0
719,1377612628,404.0
719,1377612633,395.0
719,1377612639,401.0
719,1377612643,401.0
719,1377612648,406.0
719,1377612653,401.0
719,1377612658,398.0
719,1377612663,401.0
719,1377612668,409.0
719,1377612673,409.0
719,1377612678,412.0
719,1377612683,414.0
719,1377612688,406.0
719,1377612693,406.0
719,1377612699,401.0
719,1377612703,397.0
719,1377612708,397.0
719,1377612713,395.0
719,1377612718,396.0
719,1377612723,391.0
719,1377612728,398.0
719,1377612733,400.0
719,1377612738,397.0
719,1377612743,396.0
719,1377612748,396.0
719,1377612753,396.0
719,1377612758,396.0
719,1377612763,400.0
719,1377612768,401.0
719,1377612773,398.0
719,1377612778,398.0
719,1377612783,395.0
719,1377612788,391.0
719,1377612793,390.0
719,1377612798,388.0
719,1377612803,387.0
719,1377612808,390.0
719,1377612813,396.0
719,1377612818,400.0
719,1377612823,402.0
719,1377612828,408.0
719,1377612833,399.0
719,1377612839,403.0
719,1377612843,404.0
719,1377612848,398.0
719,1377612853,400.0
719,1377612858,400.0
719,1377612863,391.0
719,1377612868,393.0
719,1377612873,392.0
719,1377612878,387.0
719,1377612883,392.0
719,1377612888,398.0
719,1377612893,396.0
719,1377612898,397.0
719,1377612903,397.0
719,1377612908,397.0
719,1377612913,401.0
719,1377612918,398.0
719,1377612923,398.0
719,1377612935,396.0
719,1377612938,396.0
719,1377612943,398.0
719,1377612948,406.0
719,1377612953,407.0
719,1377612958,409.0
719,1377612963,406.0
719,1377612968,399.0
719,1377612973,391.0
719,1377612978,396.0
719,1377612983,395.0
719,1377612988,397.0
719,1377612993,397.0
719,1377612998,406.0
719,1377613003,406.0
719,1377613008,412.0
719,1377613013,402.0
719,1377613018,391.0
719,1377613023,396.0
719,1377613028,392.0
719,1377613033,397.0
719,1377613038,387.0
719,1377613043,388.0
719,1377613048,384.0
719,1377613053,381.0
719,1377613058,381.0
719,1377613063,379.0
719,1377613068,383.0
719,1377613073,385.0
719,1377613078,388.0
719,1377613083,391.0
719,1377613088,395.0
719,1377613093,404.0
719,1377613098,401.0
719,1377613103,403.0
719,1377613108,401.0
719,1377613113,403.0
719,1377613118,406.0
719,1377613123,408.0
719,1377613128,408.0
719,1377613133,401.0
719,1377613138,397.0
719,1377613143,398.0
719,1377613148,395.0
719,1377613153,396.0
719,1377613158,400.0
719,1377613163,391.0
719,1377613169,397.0
719,1377613173,395.0
719,1377613179,401.0
719,1377613183,400.0
719,1377613188,395.0
719,1377613193,398.0
719,1377613198,396.0
719,1377613203,402.0
719,1377613208,406.0
719,1377613213,408.0
719,1377613218,416.0
719,1377613223,406.0
719,1377613228,408.0
719,1377613233,403.0
719,1377613238,398.0
719,1377613243,396.0
719,1377613248,391.0
719,1377613253,390.0
719,1377613258,391.0
719,1377613263,400.0
719,1377613268,397.0
719,1377613273,397.0
719,1377613278,397.0
719,1377613283,391.0
719,1377613288,391.0
719,1377613293,392.0
719,1377613298,395.0
719,1377613303,416.0
719,1377613308,398.0
719,1377613313,402.0
719,1377613318,397.0
719,1377613323,401.0
719,1377613328,401.0
719,1377613333,402.0
719,1377613338,401.0
719,1377613343,401.0
719,1377613348,404.0
719,1377613353,399.0
719,1377613358,395.0
719,1377613363,390.0
719,1377613368,390.0
719,1377613373,401.0
719,1377613378,403.0
719,1377613383,401.0
719,1377613388,401.0
719,1377613393,387.0
719,1377613398,392.0
719,1377613403,388.0
719,1377613408,393.0
719,1377613413,390.0
719,1377613418,398.0
719,1377613423,397.0
719,1377613428,408.0
719,1377613433,398.0
719,1377613438,400.0
719,1377613444,401.0
719,1377613448,403.0
719,1377613453,407.0
719,1377613458,409.0
719,1377613463,404.0
719,1377613468,402.0
719,1377613473,396.0
719,1377613478,390.0
719,1377613483,395.0
719,1377613488,397.0
719,1377613493,397.0
719,1377613498,397.0
719,1377613503,401.0
719,1377613508,395.0
719,1377613513,395.0
719,1377613518,395.0
719,1377613523,396.0
719,1377613528,396.0
719,1377613533,398.0
719,1377613538,391.0
719,1377613543,397.0
719,1377613548,390.0
719,1377613553,395.0
719,1377613558,383.0
719,1377613563,388.0
719,1377613568,392.0
719,1377613573,390.0
719,1377613578,393.0
719,1377613583,390.0
719,1377613588,395.0
719,1377613593,396.0
719,1377613598,396.0
719,1377613603,391.0
719,1377613608,395.0
719,1377613613,397.0
719,1377613618,398.0
719,1377613623,400.0
719,1377613628,395.0
719,1377613633,396.0
719,1377613638,395.0
719,1377613643,400.0
719,1377613648,401.0
719,1377613653,395.0
719,1377613658,397.0
719,1377613663,398.0
719,1377613668,403.0
719,1377613673,401.0
719,1377613678,401.0
719,1377613683,391.0
719,1377613688,391.0
719,1377613693,395.0
719,1377613698,397.0
719,1377613703,403.0
719,1377613708,404.0
719,1377613713,406.0
719,1377613718,403.0
719,1377613723,402.0
719,1377613728,397.0
719,1377613733,398.0
719,1377613738,397.0
719,1377613743,397.0
719,1377613748,400.0
719,1377613753,401.0
719,1377613765,409.0
719,1377613768,409.0
719,1377613773,409.0
719,1377613778,404.0
719,1377613783,398.0
719,1377613788,401.0
719,1377613793,399.0
719,1377613798,401.0
719,1377613803,401.0
719,1377613808,391.0
719,1377613813,395.0
719,1377613818,391.0
719,1377613823,396.0
719,1377613828,393.0
719,1377613833,396.0
719,1377613838,393.0
719,1377613843,395.0
719,1377613848,396.0
719,1377613853,392.0
719,1377613858,387.0
719,1377613863,396.0
719,1377613868,393.0
719,1377613873,403.0
719,1377613878,406.0
719,1377613883,411.0
719,1377613888,411.0
719,1377613893,407.0
719,1377613898,408.0
719,1377613903,398.0
719,1377613908,397.0
719,1377613913,396.0
719,1377613918,393.0
719,1377613923,387.0
719,1377613928,392.0
719,1377613933,393.0
719,1377613938,391.0
719,1377613943,401.0
719,1377613948,398.0
719,1377613953,398.0
719,1377613958,391.0
719,1377613963,391.0
719,1377613968,398.0
719,1377613973,398.0
719,1377613978,398.0
719,1377613983,401.0
719,1377613988,402.0
719,1377613994,398.0
719,1377613998,407.0
719,1377614003,409.0
719,1377614009,406.0
719,1377614013,407.0
719,1377614018,408.0
719,1377614024,406.0
719,1377614028,404.0
719,1377614033,408.0
719,1377614038,397.0
719,1377614043,401.0
719,1377614048,402.0
719,1377614053,408.0
719,1377614058,398.0
719,1377614063,403.0
719,1377614068,402.0
719,1377614074,401.0
719,1377614078,401.0
719,1377614084,408.0
719,1377614088,399.0
719,1377614093,401.0
719,1377614098,398.0
719,1377614103,396.0
719,1377614108,393.0
719,1377614113,401.0
719,1377614118,404.0
719,1377614123,406.0
719,1377614128,408.0
719,1377614133,403.0
719,1377614138,404.0
719,1377614143,395.0
719,1377614148,393.0
719,1377614153,396.0
719,1377614158,401.0
719,1377614164,401.0
719,1377614168,408.0
719,1377614173,401.0
719,1377614178,406.0
719,1377614183,404.0
719,1377614188,398.0
719,1377614193,404.0
719,1377614198,401.0
719,1377614203,397.0
719,1377614208,391.0
719,1377614213,393.0
719,1377614218,390.0
719,1377614223,396.0
719,1377614229,393.0
719,1377614233,396.0
719,1377614238,390.0
719,1377614243,396.0
719,1377614248,406.0
719,1377614253,407.0
719,1377614258,412.0
719,1377614263,409.0
719,1377614268,401.0
719,1377614273,403.0
719,1377614278,397.0
719,1377614283,395.0
719,1377614288,391.0
719,1377614293,401.0
719,1377614298,402.0
719,1377614303,409.0
719,1377614308,408.0
719,1377614313,408.0
719,1377614318,403.0
719,1377614323,406.0
719,1377614328,412.0
719,1377614333,409.0
719,1377614338,406.0
719,1377614343,408.0
719,1377614348,408.0
719,1377614353,401.0
719,1377614358,398.0
719,1377614363,398.0
719,1377614368,403.0
719,1377614373,398.0
719,1377614378,401.0
719,1377614383,398.0
719,1377614388,398.0
719,1377614393,382.0
719,1377614398,385.0
719,1377614403,385.0
719,1377614408,390.0
719,1377614413,396.0
719,1377614418,398.0
719,1377614423,395.0
719,1377614428,395.0
719,1377614433,398.0
719,1377614438,403.0
719,1377614443,403.0
719,1377614448,406.0
719,1377614453,404.0
719,1377614458,408.0
719,1377614463,408.0
719,1377614468,408.0
719,1377614473,403.0
719,1377614478,405.0
719,1377614483,404.0
719,1377614488,403.0
719,1377614493,403.0
719,1377614498,398.0
719,1377614503,402.0
719,1377614508,397.0
719,1377614513,398.0
719,1377614518,400.0
719,1377614523,398.0
719,1377614528,397.0
719,1377614533,403.0
719,1377614538,401.0
719,1377614543,398.0
719,1377614548,412.0
719,1377614553,409.0
719,1377614558,406.0
719,1377614563,407.0
719,1377614568,403.0
719,1377614573,406.0
719,1377614578,408.0
719,1377614583,408.0
719,1377614588,398.0
719,1377614593,399.0
719,1377614598,400.0
719,1377614603,402.0
719,1377614608,400.0
719,1377614613,396.0
719,1377614618,390.0
719,1377614630,391.0
719,1377614633,395.0
719,1377614638,404.0
719,1377614643,397.0
719,1377614648,404.0
719,1377614653,398.0
719,1377614658,404.0
719,1377614663,404.0
719,1377614668,402.0
719,1377614673,397.0
719,1377614678,398.0
719,1377614683,391.0
719,1377614688,393.0
719,1377614693,392.0
719,1377614698,387.0
719,1377614703,390.0
719,1377614708,390.0
719,1377614713,396.0
719,1377614719,396.0
719,1377614723,393.0
719,1377614728,391.0
719,1377614733,387.0
719,1377614738,396.0
719,1377614743,390.0
719,1377614748,396.0
719,1377614753,396.0
719,1377614758,391.0
719,1377614763,401.0
719,1377614768,395.0
719,1377614773,402.0
719,1377614778,403.0
719,1377614783,404.0
719,1377614788,406.0
719,1377614793,406.0
719,1377614798,409.0
719,1377614803,409.0
719,1377614808,402.0
719,1377614813,396.0
719,1377614818,393.0
719,1377614823,396.0
719,1377614828,392.0
719,1377614833,392.0
719,1377614838,393.0
719,1377614843,391.0
719,1377614848,396.0
719,1377614853,396.0
719,1377614858,398.0
719,1377614863,398.0
719,1377614868,390.0
719,1377614873,396.0
719,1377614878,390.0
719,1377614883,393.0
719,1377614888,395.0
719,1377614893,406.0
719,1377614898,411.0
719,1377614903,409.0
719,1377614908,412.0
719,1377614913,412.0
719,1377614918,416.0
719,1377614923,408.0
719,1377614928,398.0
719,1377614933,393.0
719,1377614938,390.0
719,1377614943,391.0
719,1377614948,387.0
719,1377614953,392.0
719,1377614958,392.0
719,1377614963,390.0
719,1377614968,387.0
719,1377614973,393.0
719,1377614978,393.0
719,1377614983,397.0
719,1377614988,402.0
719,1377614993,404.0
719,1377614998,408.0
719,1377615003,399.0
719,1377615008,406.0
719,1377615013,408.0
719,1377615018,406.0
719,1377615023,406.0
719,1377615028,403.0
719,1377615033,401.0
719,1377615038,390.0
719,1377615043,398.0
719,1377615048,396.0
719,1377615053,397.0
719,1377615058,397.0
719,1377615063,402.0
719,1377615068,403.0
719,1377615073,401.0
719,1377615078,395.0
719,1377615083,398.0
719,1377615088,398.0
719,1377615093,402.0
719,1377615098,402.0
719,1377615103,403.0
719,1377615108,402.0
719,1377615113,396.0
719,1377615118,398.0
719,1377615123,396.0
719,1377615128,400.0
719,1377615133,391.0
719,1377615138,395.0
719,1377615143,390.0
719,1377615148,387.0
719,1377615153,387.0
719,1377615158,392.0
719,1377615163,392.0
719,1377615168,397.0
719,1377615173,402.0
719,1377615178,403.0
719,1377615183,402.0
719,1377615188,391.0
719,1377615193,390.0
719,1377615198,388.0
719,1377615203,390.0
719,1377615208,398.0
719,1377615213,396.0
719,1377615218,395.0
719,1377615223,396.0
719,1377615228,393.0
719,1377615233,390.0
719,1377615238,390.0
719,1377615243,396.0
719,1377615248,395.0
719,1377615253,396.0
719,1377615258,391.0
719,1377615263,396.0
719,1377615268,397.0
719,1377615273,397.0
719,1377615278,406.0
719,1377615283,399.0
719,1377615288,408.0
719,1377615293,408.0
719,1377615298,396.0
719,1377615303,396.0
719,1377615308,387.0
719,1377615313,392.0
719,1377615318,396.0
719,1377615323,395.0
719,1377615328,393.0
719,1377615333,387.0
719,1377615338,383.0
719,1377615343,385.0
719,1377615348,385.0
719,1377615353,396.0
719,1377615358,401.0
719,1377615363,403.0
719,1377615368,407.0
719,1377615373,406.0
719,1377615378,404.0
719,1377615383,398.0
719,1377615388,397.0
719,1377615393,396.0
719,1377615398,396.0
719,1377615403,392.0
719,1377615408,390.0
719,1377615413,390.0
719,1377615418,392.0
719,1377615423,390.0
719,1377615428,390.0
719,1377615433,390.0
719,1377615438,393.0
719,1377615443,391.0
719,1377615453,396.0
719,1377615458,391.0
719,1377615463,391.0
719,1377615468,390.0
719,1377615473,390.0
719,1377615478,396.0
719,1377615483,393.0
719,1377615488,390.0
719,1377615493,390.0
719,1377615498,396.0
719,1377615503,397.0
719,1377615508,396.0
719,1377615513,401.0
719,1377615518,403.0
719,1377615523,408.0
719,1377615528,406.0
719,1377615533,407.0
719,1377615538,404.0
719,1377615543,403.0
719,1377615548,397.0
719,1377615553,397.0
719,1377615558,396.0
719,1377615563,401.0
719,1377615568,401.0
719,1377615573,398.0
719,1377615578,400.0
719,1377615583,396.0
719,1377615588,396.0
719,1377615593,387.0
719,1377615598,390.0
719,1377615603,396.0
719,1377615608,398.0
719,1377615613,397.0
719,1377615618,401.0
719,1377615623,404.0
719,1377615628,401.0
719,1377615633,398.0
719,1377615638,390.0
719,1377615643,396.0
719,1377615648,390.0
719,1377615653,396.0
719,1377615658,393.0
719,1377615663,392.0
719,1377615668,391.0
719,1377615673,395.0
719,1377615678,412.0
719,1377615683,403.0
719,1377615688,404.0
719,1377615693,396.0
719,1377615698,395.0
719,1377615703,391.0
719,1377615708,395.0
719,1377615713,396.0
719,1377615718,393.0
719,1377615723,396.0
719,1377615728,393.0
719,1377615733,396.0
719,1377615738,395.0
719,1377615743,391.0
719,1377615748,398.0
719,1377615753,398.0
719,1377615758,401.0
719,1377615763,397.0
719,1377615768,396.0
719,1377615773,398.0
719,1377615778,393.0
719,1377615783,395.0
719,1377615788,390.0
719,1377615793,396.0
719,1377615798,389.0
719,1377615803,392.0
719,1377615808,383.0
719,1377615813,399.0
719,1377615818,396.0
719,1377615823,393.0
719,1377615828,396.0
719,1377615833,401.0
719,1377615838,401.0
719,1377615843,403.0
719,1377615848,408.0
719,1377615853,407.0
719,1377615858,407.0
719,1377615863,404.0
719,1377615868,403.0
719,1377615873,402.0
719,1377615878,399.0
719,1377615883,397.0
719,1377615888,397.0
719,1377615893,402.0
719,1377615898,403.0
719,1377615903,403.0
719,1377615908,403.0
719,1377615913,408.0
719,1377615918,409.0
719,1377615923,408.0
719,1377615928,408.0
719,1377615933,399.0
719,1377615938,407.0
719,1377615943,412.0
719,1377615948,412.0
719,1377615953,409.0
719,1377615958,406.0
719,1377615963,403.0
719,1377615968,408.0
719,1377615973,412.0
719,1377615978,413.0
719,1377615983,416.0
719,1377615988,409.0
719,1377615993,403.0
719,1377615998,404.0
719,1377616003,408.0
719,1377616008,408.0
719,1377616013,409.0
719,1377616018,412.0
719,1377616023,412.0
719,1377616028,412.0
719,1377616033,413.0
719,1377616038,411.0
719,1377616043,418.0
719,1377616048,415.0
719,1377616053,422.0
719,1377616058,424.0
719,1377616063,423.0
719,1377616068,415.0
719,1377616073,411.0
719,1377616078,413.0
719,1377616083,411.0
719,1377616088,407.0
719,1377616093,411.0
719,1377616098,411.0
719,1377616103,411.0
719,1377616108,411.0
719,1377616113,418.0
719,1377616118,422.0
719,1377616123,425.0
719,1377616128,428.0
719,1377616133,425.0
719,1377616138,425.0
719,1377616143,422.0
719,1377616148,430.0
719,1377616153,427.0
719,1377616158,438.0
719,1377616163,434.0
719,1377616168,431.0
719,1377616173,438.0
719,1377616178,435.0
719,1377616183,429.0
719,1377616188,436.0
719,1377616193,433.0
719,1377616198,433.0
719,1377616203,433.0
719,1377616208,434.0
719,1377616213,429.0
719,1377616218,433.0
719,1377616223,430.0
719,1377616228,436.0
719,1377616233,438.0
719,1377616238,438.0
719,1377616243,436.0
719,1377616248,436.0
719,1377616253,434.0
719,1377616258,436.0
719,1377616263,439.0
719,1377616268,441.0
719,1377616273,443.0
719,1377616278,444.0
719,1377616283,438.0
719,1377616290,429.0
719,1377616293,430.0
719,1377616298,425.0
719,1377616303,430.0
719,1377616308,432.0
719,1377616313,433.0
719,1377616318,435.0
719,1377616323,444.0
719,1377616328,448.0
719,1377616333,446.0
719,1377616340,439.0
719,1377616343,444.0
719,1377616348,441.0
719,1377616353,435.0
719,1377616358,441.0
719,1377616363,439.0
719,1377616368,447.0
719,1377616373,447.0
719,1377616378,454.0
719,1377616383,456.0
719,1377616388,449.0
719,1377616393,441.0
719,1377616398,439.0
719,1377616403,441.0
719,1377616408,441.0
719,1377616413,435.0
719,1377616418,441.0
719,1377616423,440.0
719,1377616428,441.0
719,1377616433,434.0
719,1377616438,435.0
719,1377616443,434.0
719,1377616448,435.0
719,1377616453,441.0
719,1377616458,444.0
719,1377616463,452.0
719,1377616468,448.0
719,1377616473,438.0
719,1377616478,438.0
719,1377616483,440.0
719,1377616488,440.0
719,1377616493,436.0
719,1377616498,444.0
719,1377616503,439.0
719,1377616508,438.0
719,1377616513,435.0
719,1377616518,429.0
719,1377616523,431.0
719,1377616528,441.0
719,1377616533,448.0
719,1377616538,443.0
719,1377616543,449.0
719,1377616548,450.0
719,1377616553,457.0
719,1377616558,447.0
719,1377616563,456.0
719,1377616568,452.0
719,1377616573,452.0
719,1377616578,457.0
719,1377616583,454.0
719,1377616588,457.0
719,1377616593,456.0
719,1377616598,451.0
719,1377616603,454.0
719,1377616608,460.0
719,1377616613,454.0
719,1377616618,447.0
719,1377616623,449.0
719,1377616628,449.0
719,1377616633,452.0
719,1377616638,443.0
719,1377616643,447.0
719,1377616648,443.0
719,1377616653,443.0
719,1377616658,449.0
719,1377616663,449.0
719,1377616668,460.0
719,1377616673,450.0
719,1377616678,449.0
719,1377616683,448.0
719,1377616688,443.0
719,1377616693,448.0
719,1377616698,441.0
719,1377616703,446.0
719,1377616708,443.0
719,1377616713,448.0
719,1377616718,447.0
719,1377616723,448.0
719,1377616728,446.0
719,1377616733,446.0
719,1377616738,444.0
719,1377616743,444.0
719,1377616748,443.0
719,1377616753,446.0
719,1377616758,443.0
719,1377616763,447.0
719,1377616768,447.0
719,1377616773,452.0
719,1377616778,451.0
719,1377616783,454.0
719,1377616788,457.0
719,1377616793,462.0
719,1377616798,456.0
719,1377616803,454.0
719,1377616808,455.0
719,1377616813,455.0
719,1377616818,460.0
719,1377616823,464.0
719,1377616828,461.0
719,1377616833,454.0
719,1377616838,460.0
719,1377616843,451.0
719,1377616848,456.0
719,1377616853,449.0
719,1377616858,446.0
719,1377616863,446.0
719,1377616868,443.0
719,1377616873,452.0
719,1377616878,447.0
719,1377616883,454.0
719,1377616888,452.0
719,1377616893,449.0
719,1377616898,456.0
719,1377616903,455.0
719,1377616908,465.0
719,1377616913,467.0
719,1377616918,463.0
719,1377616923,457.0
719,1377616928,460.0
719,1377616933,462.0
719,1377616938,461.0
719,1377616943,465.0
719,1377616948,460.0
719,1377616953,462.0
719,1377616958,461.0
719,1377616963,465.0
719,1377616968,462.0
719,1377616973,455.0
719,1377616978,454.0
719,1377616983,462.0
719,1377616988,455.0
719,1377616993,462.0
719,1377616998,462.0
719,1377617003,465.0
719,1377617008,467.0
719,1377617013,465.0
719,1377617018,460.0
719,1377617023,463.0
719,1377617028,467.0
719,1377617033,461.0
719,1377617038,454.0
719,1377617043,460.0
719,1377617048,459.0
719,1377617053,461.0
719,1377617058,455.0
719,1377617063,464.0
719,1377617068,455.0
719,1377617073,456.0
719,1377617078,456.0
719,1377617083,452.0
719,1377617088,447.0
719,1377617093,460.0
719,1377617098,454.0
719,1377617107,456.0
719,1377617108,452.0
719,1377617113,456.0
719,1377617118,454.0
719,1377617123,457.0
719,1377617128,455.0
719,1377617133,450.0
719,1377617138,448.0
719,1377617143,448.0
719,1377617148,449.0
719,1377617153,443.0
719,1377617158,443.0
719,1377617163,452.0
719,1377617168,457.0
719,1377617173,460.0
719,1377617178,454.0
719,1377617183,452.0
719,1377617188,454.0
719,1377617193,460.0
719,1377617198,457.0
719,1377617203,460.0
719,1377617208,460.0
719,1377617213,464.0
719,1377617218,460.0
719,1377617223,466.0
719,1377617228,466.0
719,1377617233,460.0
719,1377617238,455.0
719,1377617243,460.0
719,1377617248,452.0
719,1377617253,451.0
719,1377617258,457.0
719,1377617263,465.0
719,1377617268,465.0
719,1377617273,467.0
719,1377617278,462.0
719,1377617283,454.0
719,1377617288,462.0
719,1377617293,455.0
719,1377617298,455.0
719,1377617303,464.0
719,1377617308,455.0
719,1377617313,461.0
719,1377617318,457.0
719,1377617323,459.0
719,1377617328,452.0
719,1377617333,452.0
719,1377617338,454.0
719,1377617343,454.0
719,1377617348,447.0
719,1377617353,447.0
719,1377617358,454.0
719,1377617363,446.0
719,1377617368,447.0
719,1377617373,443.0
719,1377617378,443.0
719,1377617383,443.0
719,1377617388,450.0
719,1377617393,454.0
719,1377617398,454.0
719,1377617403,455.0
719,1377617408,457.0
719,1377617413,460.0
719,1377617418,457.0
719,1377617423,450.0
719,1377617428,448.0
719,1377617433,438.0
719,1377617438,444.0
719,1377617443,438.0
719,1377617448,439.0
719,1377617453,443.0
719,1377617458,449.0
719,1377617463,452.0
719,1377617468,443.0
719,1377617473,447.0
719,1377617478,452.0
719,1377617483,452.0
719,1377617488,456.0
719,1377617493,452.0
719,1377617498,447.0
719,1377617503,448.0
719,1377617508,443.0
719,1377617513,441.0
719,1377617518,448.0
719,1377617523,450.0
719,1377617528,439.0
719,1377617533,443.0
719,1377617538,441.0
719,1377617543,439.0
719,1377617548,441.0
719,1377617553,441.0
719,1377617558,452.0
719,1377617563,460.0
719,1377617568,454.0
719,1377617573,456.0
719,1377617578,454.0
719,1377617583,456.0
719,1377617588,450.0
719,1377617593,448.0
719,1377617598,446.0
719,1377617603,444.0
719,1377617608,439.0
719,1377617613,441.0
719,1377617618,443.0
719,1377617623,446.0
719,1377617628,446.0
719,1377617633,439.0
719,1377617638,441.0
719,1377617643,435.0
719,1377617648,439.0
719,1377617653,448.0
719,1377617658,444.0
719,1377617663,441.0
719,1377617668,439.0
719,1377617673,443.0
719,1377617678,443.0
719,1377617683,447.0
719,1377617688,462.0
719,1377617693,455.0
719,1377617698,454.0
719,1377617703,446.0
719,1377617708,446.0
719,1377617713,445.0
719,1377617718,441.0
719,1377617723,447.0
719,1377617728,448.0
719,1377617733,443.0
719,1377617738,438.0
719,1377617743,441.0
719,1377617748,440.0
719,1377617753,440.0
719,1377617758,440.0
719,1377617763,441.0
719,1377617768,438.0
719,1377617773,444.0
719,1377617778,444.0
719,1377617783,443.0
719,1377617788,441.0
719,1377617793,450.0
719,1377617798,452.0
719,1377617803,452.0
719,1377617808,454.0
719,1377617813,457.0
719,1377617818,459.0
719,1377617823,465.0
719,1377617828,465.0
719,1377617833,454.0
719,1377617838,457.0
719,1377617843,455.0
719,1377617848,460.0
719,1377617853,456.0
719,1377617858,449.0
719,1377617863,448.0
719,1377617868,438.0
719,1377617873,441.0
719,1377617878,448.0
719,1377617883,443.0
719,1377617888,452.0
719,1377617893,447.0
719,1377617898,452.0
719,1377617903,449.0
719,1377617908,452.0
719,1377617916,439.0
719,1377617918,443.0
719,1377617923,447.0
719,1377617928,447.0
719,1377617933,447.0
719,1377617938,454.0
719,1377617943,452.0
719,1377617948,454.0
719,1377617953,456.0
719,1377617958,455.0
719,1377617963,457.0
719,1377617968,455.0
719,1377617973,455.0
719,1377617978,462.0
719,1377617983,447.0
719,1377617988,456.0
719,1377617993,447.0
719,1377617998,454.0
719,1377618003,456.0
719,1377618008,447.0
719,1377618013,454.0
719,1377618018,454.0
719,1377618023,451.0
719,1377618028,456.0
719,1377618033,460.0
719,1377618038,452.0
719,1377618043,449.0
719,1377618048,454.0
719,1377618053,447.0
719,1377618058,452.0
719,1377618063,462.0
719,1377618068,462.0
719,1377618073,464.0
719,1377618078,460.0
719,1377618083,460.0
719,1377618088,465.0
719,1377618093,462.0
719,1377618098,455.0
719,1377618103,454.0
719,1377618108,451.0
719,1377618113,456.0
719,1377618118,447.0
719,1377618123,451.0
719,1377618128,447.0
719,1377618133,457.0
719,1377618138,455.0
719,1377618143,460.0
719,1377618148,462.0
719,1377618153,460.0
719,1377618159,472.0
719,1377618163,482.0
719,1377618168,482.0
719,1377618173,473.0
719,1377618178,467.0
719,1377618183,460.0
719,1377618188,454.0
719,1377618193,456.0
719,1377618198,462.0
719,1377618203,459.0
719,1377618208,461.0
719,1377618213,465.0
719,1377618218,465.0
719,1377618223,462.0
719,1377618228,465.0
719,1377618233,465.0
719,1377618238,461.0
719,1377618243,465.0
719,1377618248,465.0
719,1377618253,462.0
719,1377618258,462.0
719,1377618263,457.0
719,1377618268,460.0
719,1377618273,459.0
719,1377618278,465.0
719,1377618283,473.0
719,1377618288,476.0
719,1377618293,476.0
719,1377618298,472.0
719,1377618303,476.0
719,1377618308,470.0
719,1377618313,480.0
719,1377618318,467.0
719,1377618323,472.0
719,1377618328,467.0
719,1377618333,467.0
719,1377618338,467.0
719,1377618343,467.0
719,1377618348,465.0
719,1377618353,461.0
719,1377618358,472.0
719,1377618363,473.0
719,1377618368,473.0
719,1377618373,476.0
719,1377618378,473.0
719,1377618383,473.0
719,1377618388,465.0
719,1377618393,461.0
719,1377618398,465.0
719,1377618403,460.0
719,1377618408,465.0
719,1377618413,465.0
719,1377618418,468.0
719,1377618423,462.0
719,1377618428,467.0
719,1377618433,466.0
719,1377618438,471.0
719,1377618443,471.0
719,1377618448,470.0
719,1377618453,471.0
719,1377618458,467.0
719,1377618463,465.0
719,1377618468,460.0
719,1377618473,454.0
719,1377618478,447.0
719,1377618483,454.0
719,1377618488,454.0
719,1377618493,460.0
719,1377618498,465.0
719,1377618503,465.0
719,1377618508,462.0
719,1377618513,465.0
719,1377618518,462.0
719,1377618523,462.0
719,1377618528,462.0
719,1377618533,464.0
719,1377618538,465.0
719,1377618543,467.0
719,1377618548,470.0
719,1377618553,476.0
719,1377618558,472.0
719,1377618563,472.0
719,1377618568,461.0
719,1377618573,470.0
719,1377618578,470.0
719,1377618583,465.0
719,1377618588,461.0
719,1377618593,465.0
719,1377618598,465.0
719,1377618603,461.0
719,1377618608,465.0
719,1377618613,465.0
719,1377618618,461.0
719,1377618623,465.0
719,1377618628,461.0
719,1377618633,465.0
719,1377618638,465.0
719,1377618643,462.0
719,1377618648,461.0
719,1377618653,461.0
719,1377618658,461.0
719,1377618663,467.0
719,1377618668,462.0
719,1377618673,463.0
719,1377618678,466.0
719,1377618683,463.0
719,1377618688,467.0
719,1377618694,467.0
719,1377618698,472.0
719,1377618703,472.0
719,1377618708,462.0
719,1377618713,471.0
719,1377618718,472.0
719,1377618724,465.0
719,1377618728,465.0
719,1377618733,465.0
719,1377618738,462.0
719,1377618743,462.0
719,1377618748,462.0
719,1377618753,462.0
719,1377618758,467.0
719,1377618767,467.0
719,1377618768,467.0
719,1377618773,467.0
719,1377618778,472.0
719,1377618783,473.0
719,1377618788,473.0
719,1377618793,476.0
719,1377618798,471.0
719,1377618803,467.0
719,1377618808,465.0
719,1377618813,467.0
719,1377618818,472.0
719,1377618823,471.0
719,1377618828,476.0
719,1377618833,470.0
719,1377618838,480.0
719,1377618843,475.0
719,1377618848,473.0
719,1377618853,472.0
719,1377618858,470.0
719,1377618864,470.0
719,1377618868,471.0
719,1377618873,476.0
719,1377618878,476.0
719,1377618883,476.0
719,1377618888,480.0
719,1377618893,472.0
719,1377618898,465.0
719,1377618903,461.0
719,1377618908,465.0
719,1377618913,460.0
719,1377618918,461.0
719,1377618923,462.0
719,1377618928,465.0
719,1377618933,462.0
719,1377618938,459.0
719,1377618943,460.0
719,1377618948,466.0
719,1377618953,462.0
719,1377618958,472.0
719,1377618963,480.0
719,1377618968,471.0
719,1377618973,467.0
719,1377618978,468.0
719,1377618983,465.0
719,1377618988,462.0
719,1377618993,465.0
719,1377618998,462.0
719,1377619003,461.0
719,1377619008,462.0
719,1377619013,462.0
719,1377619018,466.0
719,1377619023,472.0
719,1377619028,467.0
719,1377619033,472.0
719,1377619038,465.0
719,1377619043,470.0
719,1377619048,467.0
719,1377619053,473.0
719,1377619058,473.0
719,1377619063,476.0
719,1377619068,469.0
719,1377619073,467.0
719,1377619078,461.0
719,1377619083,465.0
719,1377619088,464.0
719,1377619093,465.0
719,1377619098,463.0
719,1377619103,470.0
719,1377619108,476.0
719,1377619113,473.0
719,1377619118,466.0
719,1377619123,465.0
719,1377619128,466.0
719,1377619133,465.0
719,1377619138,468.0
719,1377619143,462.0
719,1377619148,465.0
719,1377619153,470.0
719,1377619158,473.0
719,1377619163,476.0
719,1377619168,471.0
719,1377619173,480.0
719,1377619178,477.0
719,1377619183,475.0
719,1377619188,481.0
719,1377619193,480.0
719,1377619198,475.0
719,1377619203,476.0
719,1377619208,480.0
719,1377619213,480.0
719,1377619218,475.0
719,1377619223,467.0
719,1377619228,461.0
719,1377619233,461.0
719,1377619238,462.0
719,1377619243,465.0
719,1377619248,470.0
719,1377619253,468.0
719,1377619258,463.0
719,1377619263,467.0
719,1377619268,465.0
719,1377619273,467.0
719,1377619278,465.0
719,1377619283,472.0
719,1377619288,468.0
719,1377619293,473.0
719,1377619298,476.0
719,1377619303,475.0
719,1377619308,480.0
719,1377619313,480.0
719,1377619318,476.0
719,1377619323,482.0
719,1377619328,473.0
719,1377619333,473.0
719,1377619338,476.0
719,1377619343,470.0
719,1377619348,467.0
719,1377619353,467.0
719,1377619358,465.0
719,1377619363,465.0
719,1377619368,472.0
719,1377619373,473.0
719,1377619378,470.0
719,1377619383,470.0
719,1377619388,462.0
719,1377619393,470.0
719,1377619398,461.0
719,1377619403,472.0
719,1377619408,473.0
719,1377619413,472.0
719,1377619418,467.0
719,1377619423,465.0
719,1377619428,467.0
719,1377619433,465.0
719,1377619438,461.0
719,1377619443,465.0
719,1377619448,468.0
719,1377619453,461.0
719,1377619458,465.0
719,1377619463,455.0
719,1377619468,460.0
719,1377619473,466.0
719,1377619478,462.0
719,1377619483,472.0
719,1377619488,476.0
719,1377619493,470.0
719,1377619498,472.0
719,1377619503,470.0
719,1377619508,472.0
719,1377619513,471.0
719,1377619518,471.0
719,1377619523,473.0
719,1377619528,467.0
719,1377619533,467.0
719,1377619538,465.0
719,1377619543,467.0
719,1377619548,470.0
719,1377619553,471.0
719,1377619558,482.0
719,1377619563,483.0
719,1377619568,475.0
719,1377619573,477.0
719,1377619578,476.0
719,1377619583,473.0
719,1377619588,468.0
719,1377619593,467.0
719,1377619598,465.0
719,1377619607,466.0
719,1377619608,460.0
719,1377619613,462.0
719,1377619618,462.0
719,1377619623,471.0
719,1377619628,470.0
719,1377619633,472.0
719,1377619638,472.0
719,1377619643,473.0
719,1377619648,480.0
719,1377619653,473.0
719,1377619658,480.0
719,1377619663,480.0
719,1377619668,477.0
719,1377619673,475.0
719,1377619678,486.0
719,1377619683,471.0
719,1377619688,471.0
719,1377619693,465.0
719,1377619698,462.0
719,1377619703,460.0
719,1377619708,457.0
719,1377619713,455.0
719,1377619718,461.0
719,1377619723,472.0
719,1377619728,470.0
719,1377619733,471.0
719,1377619738,470.0
719,1377619743,467.0
719,1377619748,461.0
719,1377619753,465.0
719,1377619758,465.0
719,1377619763,462.0
719,1377619768,472.0
719,1377619773,478.0
719,1377619778,475.0
719,1377619783,486.0
719,1377619788,488.0
719,1377619793,489.0
719,1377619798,475.0
719,1377619803,476.0
719,1377619808,476.0
719,1377619813,471.0
719,1377619818,481.0
719,1377619823,475.0
719,1377619828,483.0
719,1377619833,483.0
719,1377619838,486.0
719,1377619843,477.0
719,1377619848,477.0
719,1377619853,480.0
719,1377619858,482.0
719,1377619863,480.0
719,1377619868,475.0
719,1377619873,476.0
719,1377619878,475.0
719,1377619883,482.0
719,1377619888,480.0
719,1377619893,471.0
719,1377619898,478.0
719,1377619903,467.0
719,1377619908,476.0
719,1377619913,472.0
719,1377619918,471.0
719,1377619923,467.0
719,1377619928,473.0
719,1377619933,482.0
719,1377619938,477.0
719,1377619943,475.0
719,1377619948,475.0
719,1377619953,476.0
719,1377619958,489.0
719,1377619963,477.0
719,1377619968,482.0
719,1377619973,484.0
719,1377619978,482.0
719,1377619983,483.0
719,1377619988,479.0
719,1377619993,484.0
719,1377619998,475.0
719,1377620003,476.0
719,1377620008,470.0
719,1377620013,468.0
719,1377620018,470.0
719,1377620023,471.0
719,1377620028,475.0
719,1377620033,486.0
719,1377620038,482.0
719,1377620043,480.0
719,1377620048,470.0
719,1377620053,473.0
719,1377620058,465.0
719,1377620063,466.0
719,1377620068,465.0
719,1377620073,476.0
719,1377620078,476.0
719,1377620083,477.0
719,1377620088,475.0
719,1377620093,475.0
719,1377620098,471.0
719,1377620103,472.0
719,1377620108,472.0
719,1377620113,462.0
719,1377620118,468.0
719,1377620123,467.0
719,1377620128,472.0
719,1377620133,476.0
719,1377620138,473.0
719,1377620143,482.0
719,1377620148,475.0
719,1377620153,475.0
719,1377620158,483.0
719,1377620163,477.0
719,1377620168,481.0
719,1377620173,475.0
719,1377620178,483.0
719,1377620183,482.0
719,1377620188,483.0
719,1377620193,475.0
719,1377620198,473.0
719,1377620203,473.0
719,1377620208,486.0
719,1377620213,486.0
719,1377620218,482.0
719,1377620223,486.0
719,1377620228,486.0
719,1377620233,488.0
719,1377620238,479.0
719,1377620243,479.0
719,1377620248,482.0
719,1377620253,475.0
719,1377620258,477.0
719,1377620263,473.0
719,1377620268,476.0
719,1377620273,473.0
719,1377620278,476.0
719,1377620283,476.0
719,1377620288,471.0
719,1377620293,476.0
719,1377620298,482.0
719,1377620303,483.0
719,1377620308,483.0
719,1377620313,477.0
719,1377620318,480.0
719,1377620323,476.0
719,1377620328,476.0
719,1377620333,477.0
719,1377620338,471.0
719,1377620343,476.0
719,1377620348,480.0
719,1377620353,471.0
719,1377620358,480.0
719,1377620363,483.0
719,1377620368,486.0
719,1377620373,489.0
719,1377620378,494.0
719,1377620383,497.0
719,1377620388,493.0
719,1377620393,488.0
719,1377620398,477.0
719,1377620403,473.0
719,1377620408,471.0
719,1377620413,472.0
719,1377620418,475.0
719,1377620423,477.0
719,1377620428,488.0
719,1377620433,483.0
719,1377620438,483.0
719,1377620443,488.0
719,1377620448,489.0
719,1377620453,487.0
719,1377620464,475.0
719,1377620468,481.0
719,1377620473,476.0
719,1377620478,480.0
719,1377620483,477.0
719,1377620488,477.0
719,1377620493,477.0
719,1377620498,476.0
719,1377620503,486.0
719,1377620508,475.0
719,1377620513,475.0
719,1377620518,482.0
719,1377620523,477.0
719,1377620528,483.0
719,1377620533,477.0
719,1377620538,473.0
719,1377620543,482.0
719,1377620548,473.0
719,1377620553,470.0
719,1377620558,480.0
719,1377620563,484.0
719,1377620568,470.0
719,1377620573,471.0
719,1377620578,471.0
719,1377620583,471.0
719,1377620588,470.0
719,1377620593,471.0
719,1377620598,472.0
719,1377620603,467.0
719,1377620608,465.0
719,1377620613,466.0
719,1377620618,470.0
719,1377620623,472.0
719,1377620628,472.0
719,1377620633,476.0
719,1377620638,470.0
719,1377620643,473.0
719,1377620648,475.0
719,1377620653,476.0
719,1377620658,476.0
719,1377620663,473.0
719,1377620668,476.0
719,1377620673,475.0
719,1377620678,475.0
719,1377620683,486.0
719,1377620688,486.0
719,1377620693,488.0
719,1377620698,489.0
719,1377620703,492.0
719,1377620708,489.0
719,1377620713,479.0
719,1377620718,477.0
719,1377620723,473.0
719,1377620728,472.0
719,1377620733,465.0
719,1377620738,467.0
719,1377620743,472.0
719,1377620748,470.0
719,1377620753,471.0
719,1377620758,475.0
719,1377620763,481.0
719,1377620768,471.0
719,1377620773,472.0
719,1377620778,472.0
719,1377620794,467.0
719,1377620798,476.0
719,1377620803,476.0
719,1377620808,476.0
719,1377620813,483.0
719,1377620818,476.0
719,1377620823,475.0
719,1377620828,470.0
719,1377620833,473.0
719,1377620838,467.0
719,1377620843,461.0
719,1377620848,466.0
719,1377620854,465.0
719,1377620858,465.0
719,1377620863,462.0
719,1377620868,462.0
719,1377620873,465.0
719,1377620878,472.0
719,1377620883,473.0
719,1377620888,472.0
719,1377620893,472.0
719,1377620898,465.0
719,1377620903,465.0
719,1377620908,465.0
719,1377620913,465.0
719,1377620918,470.0
719,1377620923,472.0
719,1377620928,471.0
719,1377620933,472.0
719,1377620938,473.0
719,1377620943,473.0
719,1377620948,473.0
719,1377620953,467.0
719,1377620958,468.0
719,1377620963,459.0
719,1377620968,454.0
719,1377620973,456.0
719,1377620978,454.0
719,1377620983,452.0
719,1377620988,455.0
719,1377620993,454.0
719,1377620998,455.0
719,1377621003,457.0
719,1377621008,455.0
719,1377621013,452.0
719,1377621018,455.0
719,1377621023,457.0
719,1377621028,460.0
719,1377621033,455.0
719,1377621038,455.0
719,1377621043,460.0
719,1377621048,460.0
719,1377621053,455.0
719,1377621058,455.0
719,1377621063,462.0
719,1377621068,462.0
719,1377621073,459.0
719,1377621078,454.0
719,1377621083,451.0
719,1377621088,449.0
719,1377621093,451.0
719,1377621098,462.0
719,1377621103,460.0
719,1377621108,455.0
719,1377621113,460.0
719,1377621118,455.0
719,1377621124,455.0
719,1377621128,455.0
719,1377621133,457.0
719,1377621138,454.0
719,1377621143,451.0
719,1377621148,454.0
719,1377621153,455.0
719,1377621158,455.0
719,1377621163,464.0
719,1377621168,465.0
719,1377621173,464.0
719,1377621178,465.0
719,1377621183,460.0
719,1377621188,460.0
719,1377621194,459.0
719,1377621198,460.0
719,1377621203,460.0
719,1377621208,457.0
719,1377621213,455.0
719,1377621218,457.0
719,1377621223,462.0
719,1377621228,460.0
719,1377621233,462.0
719,1377621238,462.0
719,1377621243,465.0
719,1377621248,465.0
719,1377621253,462.0
719,1377621258,462.0
719,1377621263,461.0
719,1377621268,461.0
719,1377621273,465.0
719,1377621278,473.0
719,1377621283,473.0
719,1377621288,482.0
719,1377621293,473.0
719,1377621298,467.0
719,1377621303,462.0
719,1377621308,462.0
719,1377621313,467.0
719,1377621318,467.0
719,1377621323,468.0
719,1377621328,465.0
719,1377621336,462.0
719,1377621338,465.0
719,1377621343,455.0
719,1377621348,461.0
719,1377621353,468.0
719,1377621358,467.0
719,1377621363,463.0
719,1377621368,463.0
719,1377621373,470.0
719,1377621378,470.0
719,1377621383,480.0
719,1377621388,475.0
719,1377621393,471.0
719,1377621398,482.0
719,1377621403,470.0
719,1377621408,473.0
719,1377621413,470.0
719,1377621418,476.0
719,1377621423,471.0
719,1377621428,480.0
719,1377621433,473.0
719,1377621438,476.0
719,1377621444,467.0
719,1377621448,471.0
719,1377621453,484.0
719,1377621458,475.0
719,1377621463,483.0
719,1377621468,486.0
719,1377621473,482.0
719,1377621478,471.0
719,1377621483,482.0
719,1377621488,475.0
719,1377621493,483.0
719,1377621498,486.0
719,1377621503,479.0
719,1377621508,475.0
719,1377621513,475.0
719,1377621518,473.0
719,1377621523,470.0
719,1377621528,476.0
719,1377621533,482.0
719,1377621538,484.0
719,1377621543,477.0
719,1377621548,477.0
719,1377621553,482.0
719,1377621558,483.0
719,1377621563,489.0
719,1377621568,477.0
719,1377621573,477.0
719,1377621578,471.0
719,1377621583,486.0
719,1377621588,486.0
719,1377621593,482.0
719,1377621598,483.0
719,1377621603,482.0
719,1377621608,480.0
719,1377621613,471.0
719,1377621618,470.0
719,1377621623,471.0
719,1377621628,467.0
719,1377621633,472.0
719,1377621638,470.0
719,1377621643,476.0
719,1377621648,475.0
719,1377621653,475.0
719,1377621658,471.0
719,1377621663,475.0
719,1377621668,475.0
719,1377621673,479.0
719,1377621678,486.0
719,1377621683,482.0
719,1377621688,475.0
719,1377621693,476.0
719,1377621698,473.0
719,1377621703,475.0
719,1377621708,475.0
719,1377621713,483.0
719,1377621718,479.0
719,1377621723,492.0
719,1377621728,489.0
719,1377621733,488.0
719,1377621738,486.0
719,1377621743,483.0
719,1377621748,483.0
719,1377621753,487.0
719,1377621758,492.0
719,1377621763,494.0
719,1377621768,487.0
719,1377621773,492.0
719,1377621778,487.0
719,1377621783,492.0
719,1377621788,492.0
719,1377621793,489.0
719,1377621798,494.0
719,1377621803,491.0
719,1377621808,489.0
719,1377621813,479.0
719,1377621818,486.0
719,1377621823,483.0
719,1377621828,477.0
719,1377621833,476.0
719,1377621838,476.0
719,1377621843,471.0
719,1377621848,475.0
719,1377621853,482.0
719,1377621858,481.0
719,1377621863,482.0
719,1377621868,480.0
719,1377621873,480.0
719,1377621878,475.0
719,1377621883,477.0
719,1377621888,482.0
719,1377621893,487.0
719,1377621898,492.0
719,1377621903,488.0
719,1377621908,486.0
719,1377621913,486.0
719,1377621918,486.0
719,1377621923,483.0
719,1377621928,488.0
719,1377621933,486.0
719,1377621938,483.0
719,1377621943,482.0
719,1377621948,486.0
719,1377621953,483.0
719,1377621958,477.0
719,1377621963,483.0
719,1377621968,488.0
719,1377621973,494.0
719,1377621978,492.0
719,1377621983,492.0
719,1377621988,487.0
719,1377621993,483.0
719,1377621998,484.0
719,1377622003,479.0
719,1377622008,477.0
719,1377622013,483.0
719,1377622018,476.0
719,1377622023,473.0
719,1377622028,470.0
719,1377622033,475.0
719,1377622038,475.0
719,1377622043,492.0
719,1377622048,487.0
719,1377622053,488.0
719,1377622058,483.0
719,1377622063,486.0
719,1377622068,486.0
719,1377622073,482.0
719,1377622078,475.0
719,1377622083,481.0
719,1377622088,477.0
719,1377622093,475.0
719,1377622098,484.0
719,1377622103,489.0
719,1377622108,492.0
719,1377622113,494.0
719,1377622118,487.0
719,1377622123,486.0
719,1377622128,477.0
719,1377622133,482.0
719,1377622138,483.0
719,1377622143,484.0
719,1377622148,492.0
719,1377622153,487.0
719,1377622158,489.0
719,1377622163,487.0
719,1377622168,483.0
719,1377622173,484.0
719,1377622178,483.0
719,1377622183,486.0
719,1377622188,486.0
719,1377622193,479.0
719,1377622198,483.0
719,1377622203,475.0
719,1377622208,475.0
719,1377622213,481.0
719,1377622218,488.0
719,1377622223,486.0
719,1377622228,494.0
719,1377622236,494.0
719,1377622238,497.0
719,1377622243,489.0
719,1377622248,494.0
719,1377622253,487.0
719,1377622258,486.0
719,1377622263,484.0
719,1377622268,477.0
719,1377622273,481.0
719,1377622278,486.0
719,1377622283,486.0
719,1377622288,489.0
719,1377622293,488.0
719,1377622298,486.0
719,1377622303,486.0
719,1377622308,477.0
719,1377622313,483.0
719,1377622318,481.0
719,1377622323,483.0
719,1377622328,479.0
719,1377622333,486.0
719,1377622338,489.0
719,1377622343,491.0
719,1377622348,489.0
719,1377622353,479.0
719,1377622358,483.0
719,1377622363,489.0
719,1377622368,487.0
719,1377622373,491.0
719,1377622378,496.0
719,1377622383,486.0
719,1377622388,483.0
719,1377622393,483.0
719,1377622398,486.0
719,1377622403,481.0
719,1377622408,483.0
719,1377622413,479.0
719,1377622418,479.0
719,1377622423,477.0
719,1377622428,479.0
719,1377622433,486.0
719,1377622438,480.0
719,1377622443,476.0
719,1377622448,471.0
719,1377622453,471.0
719,1377622458,470.0
719,1377622463,467.0
719,1377622468,471.0
719,1377622473,475.0
719,1377622478,483.0
719,1377622483,492.0
719,1377622488,496.0
719,1377622493,489.0
719,1377622498,483.0
719,1377622503,475.0
719,1377622508,478.0
719,1377622513,471.0
719,1377622518,477.0
719,1377622523,477.0
719,1377622528,483.0
719,1377622533,483.0
719,1377622538,486.0
719,1377622543,477.0
719,1377622548,479.0
719,1377622553,489.0
719,1377622558,484.0
719,1377622563,475.0
719,1377622568,476.0
719,1377622573,486.0
719,1377622578,483.0
719,1377622583,477.0
719,1377622588,481.0
719,1377622593,484.0
719,1377622598,473.0
719,1377622603,473.0
719,1377622608,475.0
719,1377622613,481.0
719,1377622618,484.0
719,1377622623,483.0
719,1377622628,475.0
719,1377622633,484.0
719,1377622638,484.0
719,1377622643,473.0
719,1377622648,476.0
719,1377622653,471.0
719,1377622658,470.0
719,1377622663,471.0
719,1377622668,472.0
719,1377622673,472.0
719,1377622678,472.0
719,1377622683,480.0
719,1377622688,476.0
719,1377622693,481.0
719,1377622698,477.0
719,1377622703,486.0
719,1377622708,488.0
719,1377622713,483.0
719,1377622718,486.0
719,1377622723,483.0
719,1377622728,483.0
719,1377622733,479.0
719,1377622741,488.0
719,1377622744,484.0
719,1377622748,476.0
719,1377622753,468.0
719,1377622758,467.0
719,1377622763,470.0
719,1377622768,470.0
719,1377622773,467.0
719,1377622778,467.0
719,1377622783,473.0
719,1377622788,476.0
719,1377622793,486.0
719,1377622798,475.0
719,1377622803,480.0
719,1377622808,486.0
719,1377622813,486.0
719,1377622818,479.0
719,1377622823,489.0
719,1377622828,496.0
719,1377622833,494.0
719,1377622838,487.0
719,1377622843,487.0
719,1377622848,486.0
719,1377622853,484.0
719,1377622858,476.0
719,1377622863,472.0
719,1377622868,461.0
719,1377622873,462.0
719,1377622878,465.0
719,1377622883,463.0
719,1377622888,471.0
719,1377622893,477.0
719,1377622898,476.0
719,1377622903,473.0
719,1377622908,476.0
719,1377622913,476.0
719,1377622918,475.0
719,1377622923,479.0
719,1377622928,489.0
719,1377622933,484.0
719,1377622938,483.0
719,1377622943,482.0
719,1377622948,483.0
719,1377622953,486.0
719,1377622958,489.0
719,1377622963,494.0
719,1377622968,493.0
719,1377622973,496.0
719,1377622978,492.0
719,1377622983,483.0
719,1377622988,486.0
719,1377622993,483.0
719,1377622998,475.0
719,1377623003,486.0
719,1377623008,486.0
719,1377623013,491.0
719,1377623018,492.0
719,1377623023,487.0
719,1377623028,492.0
719,1377623033,489.0
719,1377623038,494.0
719,1377623043,494.0
719,1377623048,503.0
719,1377623053,505.0
719,1377623058,508.0
719,1377623063,508.0
719,1377623068,510.0
719,1377623073,512.0
719,1377623078,515.0
719,1377623083,515.0
719,1377623088,515.0
719,1377623093,511.0
719,1377623098,511.0
719,1377623103,519.0
719,1377623111,526.0
719,1377623113,531.0
719,1377623118,532.0
719,1377623123,524.0
719,1377623128,516.0
719,1377623133,518.0
719,1377623138,518.0
719,1377623143,518.0
719,1377623148,528.0
719,1377623153,531.0
719,1377623158,531.0
719,1377623163,529.0
719,1377623168,529.0
719,1377623173,527.0
719,1377623178,536.0
719,1377623183,531.0
719,1377623188,536.0
719,1377623193,529.0
719,1377623198,529.0
719,1377623203,534.0
719,1377623208,540.0
719,1377623213,546.0
719,1377623218,539.0
719,1377623223,539.0
719,1377623228,545.0
719,1377623233,550.0
719,1377623238,547.0
719,1377623243,539.0
719,1377623248,539.0
719,1377623253,537.0
719,1377623258,540.0
719,1377623263,539.0
719,1377623268,550.0
719,1377623273,547.0
719,1377623278,551.0
719,1377623283,552.0
719,1377623288,541.0
719,1377623293,541.0
719,1377623298,553.0
719,1377623303,553.0
719,1377623308,550.0
719,1377623313,551.0
719,1377623318,543.0
719,1377623323,547.0
719,1377623328,560.0
719,1377623333,558.0
719,1377623338,561.0
719,1377623343,563.0
719,1377623348,558.0
719,1377623353,551.0
719,1377623358,553.0
719,1377623363,558.0
719,1377623368,547.0
719,1377623373,550.0
719,1377623378,556.0
719,1377623383,563.0
719,1377623388,566.0
719,1377623393,569.0
719,1377623398,568.0
719,1377623403,561.0
719,1377623408,558.0
719,1377623413,553.0
719,1377623418,553.0
719,1377623423,561.0
719,1377623428,563.0
719,1377623433,563.0
719,1377623438,574.0
719,1377623443,572.0
719,1377623448,572.0
719,1377623453,567.0
719,1377623458,576.0
719,1377623463,567.0
719,1377623468,582.0
719,1377623473,576.0
719,1377623478,567.0
719,1377623483,569.0
719,1377623488,569.0
719,1377623493,582.0
719,1377623498,580.0
719,1377623503,571.0
719,1377623508,578.0
719,1377623513,576.0
719,1377623518,567.0
719,1377623523,571.0
719,1377623528,580.0
719,1377623533,578.0
719,1377623538,567.0
719,1377623543,569.0
719,1377623548,574.0
719,1377623553,567.0
719,1377623558,567.0
719,1377623563,576.0
719,1377623568,582.0
719,1377623573,578.0
719,1377623578,575.0
719,1377623583,582.0
719,1377623588,571.0
719,1377623593,571.0
719,1377623598,571.0
719,1377623603,580.0
719,1377623608,569.0
719,1377623613,571.0
719,1377623618,576.0
719,1377623623,576.0
719,1377623628,575.0
719,1377623633,582.0
719,1377623638,576.0
719,1377623643,567.0
719,1377623648,571.0
719,1377623653,575.0
719,1377623658,590.0
719,1377623663,585.0
719,1377623668,582.0
719,1377623673,571.0
719,1377623678,582.0
719,1377623683,578.0
719,1377623688,582.0
719,1377623693,583.0
719,1377623698,584.0
719,1377623703,588.0
719,1377623708,588.0
719,1377623713,588.0
719,1377623718,595.0
719,1377623723,600.0
719,1377623728,600.0
719,1377623733,590.0
719,1377623738,587.0
719,1377623743,582.0
719,1377623748,571.0
719,1377623753,571.0
719,1377623758,584.0
719,1377623763,585.0
719,1377623768,593.0
719,1377623773,590.0
719,1377623778,595.0
719,1377623783,595.0
719,1377623788,588.0
719,1377623793,589.0
719,1377623798,593.0
719,1377623803,595.0
719,1377623808,598.0
719,1377623813,604.0
719,1377623818,598.0
719,1377623823,600.0
719,1377623828,590.0
719,1377623833,582.0
719,1377623838,580.0
719,1377623843,579.0
719,1377623848,588.0
719,1377623853,588.0
719,1377623858,593.0
719,1377623863,593.0
719,1377623868,598.0
719,1377623873,604.0
719,1377623878,608.0
719,1377623883,604.0
719,1377623888,601.0
719,1377623893,604.0
719,1377623898,608.0
719,1377623903,599.0
719,1377623908,598.0
719,1377623913,600.0
719,1377623918,598.0
719,1377623923,600.0
719,1377623928,599.0
719,1377623933,599.0
719,1377623938,604.0
719,1377623943,596.0
719,1377623948,598.0
719,1377623953,599.0
719,1377623958,609.0
719,1377623963,616.0
719,1377623968,617.0
719,1377623973,617.0
719,1377623983,607.0
719,1377623988,605.0
719,1377623993,604.0
719,1377623998,605.0
719,1377624003,605.0
719,1377624008,605.0
719,1377624013,615.0
719,1377624018,615.0
719,1377624023,620.0
719,1377624028,614.0
719,1377624033,605.0
719,1377624038,612.0
719,1377624044,611.0
719,1377624048,609.0
719,1377624053,603.0
719,1377624058,614.0
719,1377624063,607.0
719,1377624068,611.0
719,1377624073,616.0
719,1377624078,607.0
719,1377624083,622.0
719,1377624088,611.0
719,1377624093,617.0
719,1377624098,607.0
719,1377624103,614.0
719,1377624108,617.0
719,1377624113,603.0
719,1377624118,604.0
719,1377624123,612.0
719,1377624128,603.0
719,1377624133,614.0
719,1377624138,611.0
719,1377624143,620.0
719,1377624148,625.0
719,1377624153,622.0
719,1377624158,630.0
719,1377624163,627.0
719,1377624168,620.0
719,1377624173,620.0
719,1377624178,617.0
719,1377624183,625.0
719,1377624188,627.0
719,1377624193,622.0
719,1377624198,632.0
719,1377624203,617.0
719,1377624208,614.0
719,1377624213,615.0
719,1377624218,607.0
719,1377624223,607.0
719,1377624228,620.0
719,1377624233,625.0
719,1377624238,625.0
719,1377624243,621.0
719,1377624248,627.0
719,1377624253,627.0
719,1377624258,631.0
719,1377624263,644.0
719,1377624268,631.0
719,1377624273,644.0
719,1377624278,630.0
719,1377624283,631.0
719,1377624288,633.0
719,1377624293,631.0
719,1377624298,636.0
719,1377624303,640.0
719,1377624308,633.0
719,1377624313,630.0
719,1377624318,630.0
719,1377624323,632.0
719,1377624328,625.0
719,1377624333,627.0
719,1377624338,632.0
719,1377624343,640.0
719,1377624348,644.0
719,1377624353,638.0
719,1377624358,644.0
719,1377624363,631.0
719,1377624368,636.0
719,1377624373,630.0
719,1377624378,636.0
719,1377624383,633.0
719,1377624388,633.0
719,1377624393,640.0
719,1377624398,641.0
719,1377624403,644.0
719,1377624408,631.0
719,1377624413,636.0
719,1377624418,640.0
719,1377624423,636.0
719,1377624428,640.0
719,1377624433,641.0
719,1377624438,639.0
719,1377624443,639.0
719,1377624448,644.0
719,1377624453,644.0
719,1377624458,643.0
719,1377624463,631.0
719,1377624468,641.0
719,1377624473,633.0
719,1377624478,635.0
719,1377624483,627.0
719,1377624488,622.0
719,1377624493,627.0
719,1377624498,632.0
719,1377624503,631.0
719,1377624508,636.0
719,1377624513,631.0
719,1377624518,625.0
719,1377624523,625.0
719,1377624528,620.0
719,1377624533,625.0
719,1377624538,623.0
719,1377624543,627.0
719,1377624548,636.0
719,1377624553,638.0
719,1377624558,633.0
719,1377624563,640.0
719,1377624568,635.0
719,1377624573,636.0
719,1377624578,638.0
719,1377624583,641.0
719,1377624588,638.0
719,1377624593,638.0
719,1377624598,636.0
719,1377624603,641.0
719,1377624608,636.0
719,1377624613,631.0
719,1377624618,633.0
719,1377624623,623.0
719,1377624628,631.0
719,1377624633,630.0
719,1377624638,631.0
719,1377624643,638.0
719,1377624648,641.0
719,1377624653,649.0
719,1377624658,657.0
719,1377624663,657.0
719,1377624668,653.0
719,1377624673,646.0
719,1377624678,639.0
719,1377624683,646.0
719,1377624688,654.0
719,1377624693,639.0
719,1377624698,654.0
719,1377624703,643.0
719,1377624708,639.0
719,1377624713,643.0
719,1377624718,654.0
719,1377624723,657.0
719,1377624728,647.0
719,1377624733,646.0
719,1377624738,646.0
719,1377624743,644.0
719,1377624748,640.0
719,1377624753,638.0
719,1377624758,641.0
719,1377624763,640.0
719,1377624768,631.0
719,1377624773,631.0
719,1377624778,636.0
719,1377624783,636.0
719,1377624788,633.0
719,1377624793,631.0
719,1377624798,644.0
719,1377624803,640.0
719,1377624808,630.0
719,1377624813,632.0
719,1377624818,625.0
719,1377624823,627.0
719,1377624828,625.0
719,1377624837,636.0
719,1377624838,636.0
719,1377624843,640.0
719,1377624848,633.0
719,1377624853,640.0
719,1377624858,638.0
719,1377624863,638.0
719,1377624868,631.0
719,1377624873,641.0
719,1377624878,635.0
719,1377624883,644.0
719,1377624888,631.0
719,1377624893,631.0
719,1377624898,638.0
719,1377624903,636.0
719,1377624908,636.0
719,1377624913,635.0
719,1377624918,641.0
719,1377624923,631.0
719,1377624928,638.0
719,1377624933,638.0
719,1377624938,640.0
719,1377624943,638.0
719,1377624948,641.0
719,1377624953,631.0
719,1377624958,646.0
719,1377624963,641.0
719,1377624968,635.0
719,1377624973,640.0
719,1377624978,631.0
719,1377624983,648.0
719,1377624988,649.0
719,1377624993,657.0
719,1377624998,653.0
719,1377625003,658.0
719,1377625008,654.0
719,1377625013,654.0
719,1377625018,659.0
719,1377625023,653.0
719,1377625028,647.0
719,1377625033,656.0
719,1377625038,652.0
719,1377625043,657.0
719,1377625048,657.0
719,1377625053,657.0
719,1377625058,657.0
719,1377625063,654.0
719,1377625068,647.0
719,1377625073,654.0
719,1377625078,649.0
719,1377625083,652.0
719,1377625088,657.0
719,1377625093,649.0
719,1377625098,649.0
719,1377625103,649.0
719,1377625108,648.0
719,1377625113,638.0
719,1377625118,640.0
719,1377625123,632.0
719,1377625128,622.0
719,1377625133,625.0
719,1377625138,622.0
719,1377625143,627.0
719,1377625148,623.0
719,1377625153,621.0
719,1377625158,622.0
719,1377625163,622.0
719,1377625168,615.0
719,1377625173,626.0
719,1377625178,622.0
719,1377625183,627.0
719,1377625188,625.0
719,1377625193,611.0
719,1377625198,612.0
719,1377625203,601.0
719,1377625208,614.0
719,1377625213,603.0
719,1377625218,615.0
719,1377625223,605.0
719,1377625228,605.0
719,1377625233,595.0
719,1377625238,589.0
719,1377625243,590.0
719,1377625248,595.0
719,1377625253,590.0
719,1377625258,589.0
719,1377625263,600.0
719,1377625268,600.0
719,1377625273,601.0
719,1377625278,604.0
719,1377625283,604.0
719,1377625288,608.0
719,1377625293,610.0
719,1377625298,605.0
719,1377625303,610.0
719,1377625308,601.0
719,1377625313,601.0
719,1377625318,593.0
719,1377625323,608.0
719,1377625328,595.0
719,1377625333,600.0
719,1377625338,595.0
719,1377625343,604.0
719,1377625348,601.0
719,1377625353,598.0
719,1377625358,595.0
719,1377625363,601.0
719,1377625368,610.0
719,1377625373,591.0
719,1377625378,590.0
719,1377625383,594.0
719,1377625388,589.0
719,1377625393,595.0
719,1377625398,593.0
719,1377625403,588.0
719,1377625408,588.0
719,1377625413,583.0
719,1377625418,590.0
719,1377625423,575.0
719,1377625428,580.0
719,1377625433,569.0
719,1377625438,574.0
719,1377625443,578.0
719,1377625448,582.0
719,1377625453,575.0
719,1377625458,588.0
719,1377625463,582.0
719,1377625468,583.0
719,1377625473,575.0
719,1377625478,584.0
719,1377625483,580.0
719,1377625488,584.0
719,1377625493,584.0
719,1377625498,583.0
719,1377625503,585.0
719,1377625508,588.0
719,1377625513,582.0
719,1377625518,571.0
719,1377625523,571.0
719,1377625528,582.0
719,1377625533,571.0
719,1377625538,567.0
719,1377625543,567.0
719,1377625548,571.0
719,1377625553,571.0
719,1377625558,575.0
719,1377625563,582.0
719,1377625568,571.0
719,1377625573,576.0
719,1377625578,567.0
719,1377625583,567.0
719,1377625588,569.0
719,1377625593,579.0
719,1377625598,575.0
719,1377625603,585.0
719,1377625608,583.0
719,1377625613,588.0
719,1377625618,584.0
719,1377625623,582.0
719,1377625628,580.0
719,1377625633,577.0
719,1377625638,575.0
719,1377625643,571.0
719,1377625648,571.0
719,1377625653,569.0
719,1377625658,571.0
719,1377625663,569.0
719,1377625668,567.0
719,1377625673,576.0
719,1377625678,576.0
719,1377625683,576.0
719,1377625688,575.0
719,1377625693,580.0
719,1377625703,582.0
719,1377625708,574.0
719,1377625713,567.0
719,1377625718,567.0
719,1377625723,569.0
719,1377625728,582.0
719,1377625733,567.0
719,1377625738,571.0
719,1377625743,567.0
719,1377625748,569.0
719,1377625753,572.0
719,1377625758,569.0
719,1377625763,568.0
719,1377625768,558.0
719,1377625773,566.0
719,1377625778,563.0
719,1377625783,563.0
719,1377625788,563.0
719,1377625793,561.0
719,1377625798,559.0
719,1377625803,563.0
719,1377625808,564.0
719,1377625813,563.0
719,1377625818,558.0
719,1377625823,556.0
719,1377625828,550.0
719,1377625833,556.0
719,1377625838,556.0
719,1377625843,551.0
719,1377625848,558.0
719,1377625853,551.0
719,1377625858,547.0
719,1377625863,550.0
719,1377625868,543.0
719,1377625873,550.0
719,1377625878,558.0
719,1377625883,561.0
719,1377625888,563.0
719,1377625893,566.0
719,1377625898,563.0
719,1377625903,561.0
719,1377625908,561.0
719,1377625913,563.0
719,1377625918,566.0
719,1377625923,568.0
719,1377625928,558.0
719,1377625933,557.0
719,1377625938,558.0
719,1377625943,560.0
719,1377625948,558.0
719,1377625953,556.0
719,1377625958,556.0
719,1377625963,547.0
719,1377625968,545.0
719,1377625973,545.0
719,1377625978,547.0
719,1377625983,553.0
719,1377625988,551.0
719,1377625993,551.0
719,1377625998,547.0
719,1377626003,550.0
719,1377626008,547.0
719,1377626013,544.0
719,1377626018,535.0
719,1377626023,534.0
719,1377626028,546.0
719,1377626033,540.0
719,1377626038,541.0
719,1377626043,550.0
719,1377626048,541.0
719,1377626053,539.0
719,1377626058,540.0
719,1377626063,526.0
719,1377626068,524.0
719,1377626073,523.0
719,1377626078,521.0
719,1377626083,526.0
719,1377626088,521.0
719,1377626093,529.0
719,1377626098,531.0
719,1377626103,536.0
719,1377626108,531.0
719,1377626113,527.0
719,1377626118,525.0
719,1377626123,525.0
719,1377626128,536.0
719,1377626133,534.0
719,1377626138,535.0
719,1377626143,534.0
719,1377626148,523.0
719,1377626153,511.0
719,1377626158,509.0
719,1377626163,518.0
719,1377626168,507.0
719,1377626173,505.0
719,1377626178,512.0
719,1377626183,508.0
719,1377626188,507.0
719,1377626193,509.0
719,1377626198,524.0
719,1377626203,525.0
719,1377626208,529.0
719,1377626213,523.0
719,1377626218,521.0
719,1377626223,515.0
719,1377626228,514.0
719,1377626233,508.0
719,1377626238,510.0
719,1377626243,509.0
719,1377626248,518.0
719,1377626253,514.0
719,1377626258,513.0
719,1377626263,507.0
719,1377626268,502.0
719,1377626273,499.0
719,1377626278,508.0
719,1377626283,507.0
719,1377626288,514.0
719,1377626293,513.0
719,1377626298,513.0
719,1377626303,518.0
719,1377626308,507.0
719,1377626313,507.0
719,1377626318,509.0
719,1377626323,514.0
719,1377626328,508.0
719,1377626333,505.0
719,1377626338,504.0
719,1377626343,504.0
719,1377626348,505.0
719,1377626353,505.0
719,1377626358,495.0
719,1377626363,499.0
719,1377626368,494.0
719,1377626373,492.0
719,1377626378,498.0
719,1377626383,508.0
719,1377626388,512.0
719,1377626393,516.0
719,1377626398,507.0
719,1377626403,505.0
719,1377626408,503.0
719,1377626413,504.0
719,1377626418,508.0
719,1377626423,509.0
719,1377626428,507.0
719,1377626433,503.0
719,1377626438,503.0
719,1377626443,502.0
719,1377626448,499.0
719,1377626453,502.0
719,1377626458,504.0
719,1377626463,500.0
719,1377626468,494.0
719,1377626473,487.0
719,1377626478,491.0
719,1377626483,487.0
719,1377626488,497.0
719,1377626493,497.0
719,1377626498,492.0
719,1377626503,496.0
719,1377626508,497.0
719,1377626513,499.0
719,1377626518,504.0
719,1377626528,499.0
719,1377626533,487.0
719,1377626538,489.0
719,1377626543,487.0
719,1377626548,486.0
719,1377626553,488.0
719,1377626558,479.0
719,1377626563,473.0
719,1377626568,476.0
719,1377626573,475.0
719,1377626578,486.0
719,1377626583,479.0
719,1377626588,486.0
719,1377626593,486.0
719,1377626598,492.0
719,1377626603,494.0
719,1377626608,492.0
719,1377626613,498.0
719,1377626618,494.0
719,1377626623,492.0
719,1377626628,489.0
719,1377626633,488.0
719,1377626638,475.0
719,1377626643,473.0
719,1377626648,467.0
719,1377626653,473.0
719,1377626658,480.0
719,1377626663,477.0
719,1377626668,477.0
719,1377626673,479.0
719,1377626678,487.0
719,1377626683,487.0
719,1377626688,488.0
719,1377626693,484.0
719,1377626698,477.0
719,1377626703,475.0
719,1377626708,486.0
719,1377626713,492.0
719,1377626718,496.0
719,1377626723,487.0
719,1377626728,489.0
719,1377626733,481.0
719,1377626738,477.0
719,1377626743,476.0
719,1377626748,473.0
719,1377626753,465.0
719,1377626758,467.0
719,1377626763,478.0
719,1377645741,510.0
719,1377645769,504.0
719,1377645782,497.0
719,1377645783,497.0
719,1377645788,494.0
719,1377645793,493.0
719,1377645798,493.0
719,1377645803,493.0
719,1377645808,499.0
719,1377645813,498.0
719,1377645818,510.0
719,1377645823,502.0
719,1377645828,502.0
719,1377645833,503.0
719,1377645838,504.0
719,1377645843,504.0
719,1377645848,502.0
719,1377645853,499.0
719,1377645858,499.0
719,1377645863,495.0
719,1377645868,497.0
719,1377645873,494.0
719,1377645878,499.0
719,1377645883,499.0
719,1377645888,497.0
719,1377645893,496.0
719,1377645898,487.0
719,1377645903,494.0
719,1377645908,502.0
719,1377645913,502.0
719,1377645918,503.0
719,1377645923,507.0
719,1377645928,508.0
719,1377645933,507.0
719,1377645938,503.0
719,1377645943,504.0
719,1377645948,494.0
719,1377645953,493.0
719,1377645958,497.0
719,1377645963,504.0
719,1377645968,502.0
719,1377645973,505.0
719,1377645978,508.0
719,1377645983,503.0
719,1377645988,502.0
719,1377645993,507.0
719,1377645998,510.0
719,1377646003,505.0
719,1377646008,508.0
719,1377646013,505.0
719,1377646018,510.0
719,1377646023,502.0
719,1377646028,504.0
719,1377646033,497.0
719,1377646038,500.0
719,1377646043,498.0
719,1377646048,497.0
719,1377646053,495.0
719,1377646058,505.0
719,1377646063,508.0
719,1377646068,514.0
719,1377646073,508.0
719,1377646078,507.0
719,1377646083,507.0
719,1377646088,513.0
719,1377646093,514.0
719,1377646098,503.0
719,1377646103,494.0
719,1377646108,496.0
719,1377646113,492.0
719,1377646118,489.0
719,1377646123,494.0
719,1377646128,499.0
719,1377646133,499.0
719,1377646138,514.0
719,1377646143,513.0
719,1377646148,513.0
719,1377646153,515.0
719,1377646158,503.0
719,1377646163,503.0
719,1377646168,499.0
719,1377646173,494.0
719,1377646178,497.0
719,1377646183,499.0
719,1377646188,499.0
719,1377646193,508.0
719,1377646198,508.0
719,1377646203,516.0
719,1377646208,505.0
719,1377646213,502.0
719,1377646218,508.0
719,1377646223,508.0
719,1377646228,505.0
719,1377646233,508.0
719,1377646238,516.0
719,1377646243,520.0
719,1377646248,520.0
719,1377646253,515.0
719,1377646258,518.0
719,1377646263,508.0
719,1377646268,505.0
719,1377646273,504.0
719,1377646278,499.0
719,1377646283,497.0
719,1377646288,500.0
719,1377646293,494.0
719,1377646298,502.0
719,1377646303,494.0
719,1377646308,499.0
719,1377646313,499.0
719,1377646318,508.0
719,1377646323,512.0
719,1377646328,515.0
719,1377646333,508.0
719,1377646338,503.0
719,1377646343,499.0
719,1377646348,505.0
719,1377646353,508.0
719,1377646358,508.0
719,1377646363,510.0
719,1377646368,502.0
719,1377646373,504.0
719,1377646378,496.0
719,1377646383,491.0
719,1377646388,492.0
719,1377646393,494.0
719,1377646398,494.0
719,1377646403,487.0
719,1377646408,486.0
719,1377646413,494.0
719,1377646418,494.0
719,1377646423,494.0
719,1377646428,497.0
719,1377646433,499.0
719,1377646438,497.0
719,1377646443,497.0
719,1377646448,499.0
719,1377646453,508.0
719,1377646458,495.0
719,1377646463,493.0
719,1377646468,493.0
719,1377646473,492.0
719,1377646478,489.0
719,1377646483,489.0
719,1377646488,486.0
719,1377646493,479.0
719,1377646498,488.0
719,1377646503,492.0
719,1377646508,492.0
719,1377646513,497.0
719,1377646518,494.0
719,1377646523,498.0
719,1377646528,493.0
719,1377646533,492.0
719,1377646538,497.0
719,1377646543,491.0
719,1377646548,494.0
719,1377646553,497.0
719,1377646558,495.0
719,1377646563,503.0
719,1377646568,516.0
719,1377646573,507.0
719,1377646578,509.0
719,1377646583,503.0
719,1377646588,502.0
719,1377646593,500.0
719,1377646598,499.0
719,1377646603,500.0
719,1377646608,500.0
719,1377646613,504.0
719,1377646618,499.0
719,1377646623,504.0
719,1377646628,499.0
719,1377646633,499.0
719,1377646638,499.0
719,1377646643,502.0
719,1377646648,503.0
719,1377646653,503.0
719,1377646658,499.0
719,1377646663,498.0
719,1377646668,499.0
719,1377646673,497.0
719,1377646678,494.0
719,1377646683,497.0
719,1377646688,489.0
719,1377646693,492.0
719,1377646698,489.0
719,1377646703,494.0
719,1377646708,493.0
719,1377646713,498.0
719,1377646718,505.0
719,1377646723,504.0
719,1377646728,508.0
719,1377646733,505.0
719,1377646738,495.0
719,1377646743,500.0
719,1377646748,493.0
719,1377646753,497.0
719,1377646758,497.0
719,1377646763,493.0
719,1377646768,499.0
719,1377646773,505.0
719,1377646778,508.0
719,1377646783,502.0
719,1377646788,502.0
719,1377646793,499.0
719,1377646798,493.0
719,1377646803,493.0
719,1377646808,499.0
719,1377646813,497.0
719,1377646818,504.0
719,1377646823,493.0
719,1377646828,493.0
719,1377646833,494.0
719,1377646838,493.0
719,1377646843,499.0
719,1377646848,500.0
719,1377646853,502.0
719,1377646858,494.0
719,1377646863,496.0
719,1377646868,491.0
719,1377646873,496.0
719,1377646878,494.0
719,1377646883,494.0
719,1377646888,486.0
719,1377646893,487.0
719,1377646898,486.0
719,1377646903,489.0
719,1377646908,497.0
719,1377646913,494.0
719,1377646918,497.0
719,1377646923,504.0
719,1377646928,494.0
719,1377646933,494.0
719,1377646938,492.0
719,1377646943,489.0
719,1377646948,491.0
719,1377646953,494.0
719,1377646958,494.0
719,1377646963,497.0
719,1377646968,497.0
719,1377646973,494.0
719,1377646978,500.0
719,1377646983,500.0
719,1377646988,495.0
719,1377646993,508.0
719,1377646998,505.0
719,1377647003,504.0
719,1377647008,493.0
719,1377647013,496.0
719,1377647018,489.0
719,1377647023,492.0
719,1377647028,497.0
719,1377647033,502.0
719,1377647038,502.0
719,1377647043,499.0
719,1377647048,502.0
719,1377647053,499.0
719,1377647058,500.0
719,1377647063,502.0
719,1377647068,499.0
719,1377647073,494.0
719,1377647078,499.0
719,1377647083,493.0
719,1377647088,492.0
719,1377647093,494.0
719,1377647098,494.0
719,1377647103,497.0
719,1377647108,497.0
719,1377647113,492.0
719,1377647118,493.0
719,1377647123,497.0
719,1377647128,502.0
719,1377647133,505.0
719,1377647138,499.0
719,1377647143,499.0
719,1377647148,497.0
719,1377647153,489.0
719,1377647158,489.0
719,1377647163,494.0
719,1377647168,487.0
719,1377647173,496.0
719,1377647178,493.0
719,1377647183,502.0
719,1377647188,503.0
719,1377647193,508.0
719,1377647198,503.0
719,1377647203,508.0
719,1377647208,503.0
719,1377647213,505.0
719,1377647218,503.0
719,1377647223,499.0
719,1377647228,492.0
719,1377647233,494.0
719,1377647238,498.0
719,1377647243,499.0
719,1377647248,499.0
719,1377647253,499.0
719,1377647258,504.0
719,1377647263,494.0
719,1377647268,497.0
719,1377647273,496.0
719,1377647278,491.0
719,1377647283,493.0
719,1377647288,500.0
719,1377647293,497.0
719,1377647298,499.0
719,1377647303,499.0
719,1377647308,494.0
719,1377647313,497.0
719,1377647318,496.0
719,1377647323,494.0
719,1377647328,497.0
719,1377647333,500.0
719,1377647338,505.0
719,1377647343,505.0
719,1377647348,499.0
719,1377647353,499.0
719,1377647358,498.0
719,1377647363,497.0
719,1377647368,494.0
719,1377647373,497.0
719,1377647378,493.0
719,1377647383,500.0
719,1377647388,494.0
719,1377647393,494.0
719,1377647398,493.0
719,1377647403,494.0
719,1377647408,499.0
719,1377647413,497.0
719,1377647418,497.0
719,1377647423,497.0
719,1377647428,497.0
719,1377647433,498.0
719,1377647438,494.0
719,1377647443,494.0
719,1377647448,493.0
719,1377647453,500.0
719,1377647458,494.0
719,1377647463,493.0
719,1377647468,499.0
719,1377647473,499.0
719,1377647478,502.0
719,1377647483,499.0
719,1377647488,497.0
719,1377647493,496.0
719,1377647498,494.0
719,1377647503,497.0
719,1377647508,504.0
719,1377647513,502.0
719,1377647518,505.0
719,1377647523,499.0
719,1377647528,504.0
719,1377647533,505.0
719,1377647538,508.0
719,1377647543,505.0
719,1377647548,505.0
719,1377647553,502.0
719,1377647558,505.0
719,1377647563,505.0
719,1377647568,505.0
719,1377647573,494.0
719,1377647578,497.0
719,1377647583,487.0
719,1377647588,479.0
719,1377647593,477.0
719,1377647598,475.0
719,1377647603,477.0
719,1377647608,486.0
719,1377647613,486.0
719,1377647618,489.0
719,1377647623,489.0
719,1377647628,487.0
719,1377647633,487.0
719,1377647638,498.0
719,1377647643,500.0
719,1377647648,499.0
719,1377647653,500.0
719,1377647658,499.0
719,1377647663,497.0
719,1377647668,493.0
719,1377647673,502.0
719,1377647678,495.0
719,1377647683,502.0
719,1377647688,499.0
719,1377647693,500.0
719,1377647698,497.0
719,1377647703,497.0
719,1377647708,502.0
719,1377647713,499.0
719,1377647718,494.0
719,1377647723,499.0
719,1377647728,494.0
719,1377647733,497.0
719,1377647738,494.0
719,1377647743,503.0
719,1377647748,503.0
719,1377647753,497.0
719,1377647758,497.0
719,1377647763,487.0
719,1377647768,483.0
719,1377647773,486.0
719,1377647778,488.0
719,1377647783,492.0
719,1377647788,493.0
719,1377647793,492.0
719,1377647798,502.0
719,1377647803,499.0
719,1377647808,498.0
719,1377647813,494.0
719,1377647818,500.0
719,1377647823,493.0
719,1377647828,502.0
719,1377647833,499.0
719,1377647838,499.0
719,1377647843,497.0
719,1377647848,497.0
719,1377647853,499.0
719,1377647858,493.0
719,1377647863,493.0
719,1377647868,492.0
719,1377647873,479.0
719,1377647878,483.0
719,1377647883,483.0
719,1377647888,481.0
719,1377647893,483.0
719,1377647898,489.0
719,1377647903,487.0
719,1377647908,489.0
719,1377647913,494.0
719,1377647918,489.0
719,1377647923,497.0
719,1377647928,497.0
719,1377647933,500.0
719,1377647938,499.0
719,1377647943,502.0
719,1377647948,502.0
719,1377647953,514.0
719,1377647958,495.0
719,1377647963,493.0
719,1377647968,499.0
719,1377647973,494.0
719,1377647978,491.0
719,1377647983,494.0
719,1377647988,492.0
719,1377647993,487.0
719,1377647998,492.0
719,1377648003,494.0
719,1377648008,494.0
719,1377648013,494.0
719,1377648018,494.0
719,1377648023,499.0
719,1377648028,499.0
719,1377648033,492.0
719,1377648038,498.0
719,1377648043,494.0
719,1377648048,500.0
719,1377648053,497.0
719,1377648058,499.0
719,1377648063,491.0
719,1377648068,491.0
719,1377648073,486.0
719,1377648078,488.0
719,1377648083,479.0
719,1377648088,479.0
719,1377648093,479.0
719,1377648098,483.0
719,1377648103,492.0
719,1377648108,492.0
719,1377648113,492.0
719,1377648118,489.0
719,1377648123,492.0
719,1377648128,494.0
719,1377648133,494.0
719,1377648138,499.0
719,1377648143,497.0
719,1377648148,493.0
719,1377648153,494.0
719,1377648158,492.0
719,1377648163,489.0
719,1377648168,486.0
719,1377648173,488.0
719,1377648178,479.0
719,1377648183,489.0
719,1377648188,486.0
719,1377648193,489.0
719,1377648198,497.0
719,1377648203,504.0
719,1377648208,497.0
719,1377648213,500.0
719,1377648218,497.0
719,1377648223,497.0
719,1377648228,494.0
719,1377648233,487.0
719,1377648238,489.0
719,1377648243,486.0
719,1377648248,487.0
719,1377648253,489.0
719,1377648258,492.0
719,1377648263,492.0
719,1377648268,483.0
719,1377648273,486.0
719,1377648278,476.0
719,1377648283,486.0
719,1377648288,479.0
719,1377648293,489.0
719,1377648298,487.0
719,1377648303,487.0
719,1377648308,496.0
719,1377648313,494.0
719,1377648318,500.0
719,1377648323,499.0
719,1377648328,499.0
719,1377648333,493.0
719,1377648338,491.0
719,1377648343,494.0
719,1377648348,487.0
719,1377648353,494.0
719,1377648358,489.0
719,1377648363,492.0
719,1377648368,496.0
719,1377648373,497.0
719,1377648378,494.0
719,1377648383,502.0
719,1377648388,502.0
719,1377648393,504.0
719,1377648398,499.0
719,1377648403,500.0
719,1377648408,497.0
719,1377648413,497.0
719,1377648418,496.0
719,1377648423,492.0
719,1377648428,488.0
719,1377648433,492.0
719,1377648438,489.0
719,1377648443,491.0
719,1377648448,497.0
719,1377648453,497.0
719,1377648458,498.0
719,1377648463,496.0
719,1377648468,491.0
719,1377648473,492.0
719,1377648478,487.0
719,1377648483,486.0
719,1377648488,487.0
719,1377648493,489.0
719,1377648498,491.0
719,1377648503,492.0
719,1377648508,486.0
719,1377648513,492.0
719,1377648518,492.0
719,1377648523,489.0
719,1377648528,486.0
719,1377648533,483.0
719,1377648538,484.0
719,1377648543,488.0
719,1377648548,492.0
719,1377648553,489.0
719,1377648558,489.0
719,1377648563,486.0
719,1377648568,484.0
719,1377648573,477.0
719,1377648578,478.0
719,1377648583,477.0
719,1377648588,489.0
719,1377648593,488.0
719,1377648598,489.0
719,1377648603,496.0
719,1377648608,492.0
719,1377648613,496.0
719,1377648618,492.0
719,1377648623,487.0
719,1377648628,483.0
719,1377648633,486.0
719,1377648638,483.0
719,1377648643,479.0
719,1377648648,486.0
719,1377648653,494.0
719,1377648658,502.0
719,1377648663,502.0
719,1377648668,494.0
719,1377648673,498.0
719,1377648678,492.0
719,1377648683,486.0
719,1377648688,475.0
719,1377648693,483.0
719,1377648698,486.0
719,1377648703,482.0
719,1377648708,475.0
719,1377648713,475.0
719,1377648718,471.0
719,1377648723,476.0
719,1377648728,473.0
719,1377648733,478.0
719,1377648738,475.0
719,1377648743,486.0
719,1377648748,494.0
719,1377648753,489.0
719,1377648758,498.0
719,1377648763,497.0
719,1377648768,496.0
719,1377648773,492.0
719,1377648778,492.0
719,1377648783,494.0
719,1377648788,489.0
719,1377648793,496.0
719,1377648798,494.0
719,1377648803,489.0
719,1377648808,494.0
719,1377648813,497.0
719,1377648818,497.0
719,1377648823,489.0
719,1377648828,486.0
719,1377648833,475.0
719,1377648838,477.0
719,1377648843,475.0
719,1377648848,484.0
719,1377648853,488.0
719,1377648858,483.0
719,1377648863,483.0
719,1377648868,488.0
719,1377648873,477.0
719,1377648878,483.0
719,1377648883,479.0
719,1377648888,481.0
719,1377648893,486.0
719,1377648898,486.0
719,1377648903,489.0
719,1377648908,492.0
719,1377648913,489.0
719,1377648918,488.0
719,1377648923,479.0
719,1377648928,477.0
719,1377648933,483.0
719,1377648938,489.0
719,1377648943,492.0
719,1377648948,493.0
719,1377648953,497.0
719,1377648958,497.0
719,1377648963,504.0
719,1377648968,496.0
719,1377648973,489.0
719,1377648978,488.0
719,1377648983,489.0
719,1377648988,487.0
719,1377648993,487.0
719,1377648998,493.0
719,1377649003,494.0
719,1377649008,493.0
719,1377649013,497.0
719,1377649018,494.0
719,1377649023,498.0
719,1377649028,499.0
719,1377649033,496.0
719,1377649038,487.0
719,1377649043,489.0
719,1377649048,493.0
719,1377649053,493.0
719,1377649058,504.0
719,1377649063,504.0
719,1377649068,499.0
719,1377649073,492.0
719,1377649078,492.0
719,1377649083,486.0
719,1377649088,492.0
719,1377649093,486.0
719,1377649098,486.0
719,1377649103,483.0
719,1377649108,487.0
719,1377649113,487.0
719,1377649118,488.0
719,1377649123,489.0
719,1377649128,489.0
719,1377649133,488.0
719,1377649138,489.0
719,1377649143,492.0
719,1377649148,494.0
719,1377649153,492.0
719,1377649158,497.0
719,1377649163,492.0
719,1377649168,494.0
719,1377649173,492.0
719,1377649178,492.0
719,1377649183,486.0
719,1377649188,484.0
719,1377649193,488.0
719,1377649198,486.0
719,1377649203,489.0
719,1377649208,494.0
719,1377649213,489.0
719,1377649218,486.0
719,1377649223,488.0
719,1377649228,481.0
719,1377649233,484.0
719,1377649238,492.0
719,1377649243,487.0
719,1377649248,489.0
719,1377649253,489.0
719,1377649258,491.0
719,1377649263,487.0
719,1377649268,491.0
719,1377649273,491.0
719,1377649278,489.0
719,1377649283,489.0
719,1377649288,479.0
719,1377649293,483.0
719,1377649298,479.0
719,1377649303,477.0
719,1377649308,487.0
719,1377649313,487.0
719,1377649318,489.0
719,1377649323,483.0
719,1377649328,484.0
719,1377649333,483.0
719,1377649338,479.0
719,1377649343,483.0
719,1377649348,483.0
719,1377649353,489.0
719,1377649358,492.0
719,1377649363,493.0
719,1377649368,497.0
719,1377649373,497.0
719,1377649378,492.0
719,1377649383,497.0
719,1377649388,493.0
719,1377649393,494.0
719,1377649398,492.0
719,1377649403,494.0
719,1377649408,484.0
719,1377649413,483.0
719,1377649418,482.0
719,1377649423,477.0
719,1377649428,482.0
719,1377649433,488.0
719,1377649438,479.0
719,1377649443,483.0
719,1377649448,483.0
719,1377649453,477.0
719,1377649458,484.0
719,1377649463,479.0
719,1377649468,486.0
719,1377649473,486.0
719,1377649478,492.0
719,1377649483,492.0
719,1377649488,494.0
719,1377649493,486.0
719,1377649498,477.0
719,1377649503,475.0
719,1377649508,480.0
719,1377649513,475.0
719,1377649518,484.0
719,1377649523,487.0
719,1377649528,487.0
719,1377649533,487.0
719,1377649538,486.0
719,1377649543,477.0
719,1377649548,483.0
719,1377649553,483.0
719,1377649558,489.0
719,1377649563,487.0
719,1377649568,492.0
719,1377649573,486.0
719,1377649578,483.0
719,1377649583,479.0
719,1377649588,483.0
719,1377649593,492.0
719,1377649598,486.0
719,1377649603,489.0
719,1377649608,488.0
719,1377649613,489.0
719,1377649618,492.0
719,1377649623,489.0
719,1377649628,494.0
719,1377649633,489.0
719,1377649638,497.0
719,1377649643,487.0
719,1377649648,494.0
719,1377649653,497.0
719,1377649658,499.0
719,1377649663,494.0
719,1377649668,494.0
719,1377649673,489.0
719,1377649678,486.0
719,1377649683,492.0
719,1377649688,489.0
719,1377649693,492.0
719,1377649698,487.0
719,1377649703,487.0
719,1377649708,481.0
719,1377649713,482.0
719,1377649718,480.0
719,1377649723,483.0
719,1377649728,483.0
719,1377649733,487.0
719,1377649738,483.0
719,1377649743,486.0
719,1377649748,486.0
719,1377649753,479.0
719,1377649758,494.0
719,1377649763,488.0
719,1377649768,479.0
719,1377649773,477.0
719,1377649778,482.0
719,1377649783,482.0
719,1377649788,486.0
719,1377649793,486.0
719,1377649798,491.0
719,1377649803,487.0
719,1377649808,486.0
719,1377649813,489.0
719,1377649818,477.0
719,1377649823,477.0
719,1377649828,484.0
719,1377649833,477.0
719,1377649838,479.0
719,1377649843,483.0
719,1377649848,475.0
719,1377649853,471.0
719,1377649858,475.0
719,1377649863,475.0
719,1377649868,483.0
719,1377649873,494.0
719,1377649878,494.0
719,1377649883,492.0
719,1377649888,489.0
719,1377649893,492.0
719,1377649898,483.0
719,1377649903,481.0
719,1377649908,477.0
719,1377649913,471.0
719,1377649918,471.0
719,1377649923,486.0
719,1377649928,482.0
719,1377649933,486.0
719,1377649938,475.0
719,1377649943,486.0
719,1377649948,484.0
719,1377649953,486.0
719,1377649958,483.0
719,1377649963,487.0
719,1377649968,492.0
719,1377649973,488.0
719,1377649978,482.0
719,1377649983,475.0
719,1377649988,478.0
719,1377649993,476.0
719,1377649998,473.0
719,1377650003,473.0
719,1377650008,481.0
719,1377650013,483.0
719,1377650018,475.0
719,1377650023,483.0
719,1377650028,492.0
719,1377650033,499.0
719,1377650038,494.0
719,1377650043,497.0
719,1377650048,492.0
719,1377650053,486.0
719,1377650058,488.0
719,1377650063,484.0
719,1377650068,477.0
719,1377650073,475.0
719,1377650078,477.0
719,1377650083,475.0
719,1377650088,483.0
719,1377650093,482.0
719,1377650098,486.0
719,1377650103,487.0
719,1377650108,487.0
719,1377650113,494.0
719,1377650118,483.0
719,1377650123,482.0
719,1377650128,475.0
719,1377650133,476.0
719,1377650138,476.0
719,1377650143,475.0
719,1377650148,475.0
719,1377650153,483.0
719,1377650158,484.0
719,1377650163,479.0
719,1377650168,488.0
719,1377650173,487.0
719,1377650178,483.0
719,1377650183,488.0
719,1377650188,482.0
719,1377650193,477.0
719,1377650198,473.0
719,1377650203,471.0
719,1377650208,472.0
719,1377650213,471.0
719,1377650218,476.0
719,1377650223,471.0
719,1377650228,475.0
719,1377650233,477.0
719,1377650238,483.0
719,1377650243,477.0
719,1377650248,483.0
719,1377650253,482.0
719,1377650258,476.0
719,1377650263,471.0
719,1377650268,478.0
719,1377650273,476.0
719,1377650278,484.0
719,1377650283,479.0
719,1377650288,475.0
719,1377650293,476.0
719,1377650298,475.0
719,1377650303,486.0
719,1377650308,489.0
719,1377650313,483.0
719,1377650318,488.0
719,1377650323,483.0
719,1377650328,483.0
719,1377650333,483.0
719,1377650338,486.0
719,1377650343,484.0
719,1377650348,488.0
719,1377650353,484.0
719,1377650358,477.0
719,1377650363,471.0
719,1377650368,476.0
719,1377650373,476.0
719,1377650378,471.0
719,1377650383,476.0
719,1377650388,473.0
719,1377650393,482.0
719,1377650398,483.0
719,1377650403,482.0
719,1377650408,484.0
719,1377650413,484.0
719,1377650418,486.0
719,1377650423,483.0
719,1377650428,477.0
719,1377650433,486.0
719,1377650438,473.0
719,1377650443,470.0
719,1377650448,476.0
719,1377650453,476.0
719,1377650458,471.0
719,1377650463,478.0
719,1377650468,476.0
719,1377650473,471.0
719,1377650478,477.0
719,1377650483,486.0
719,1377650488,486.0
719,1377650493,492.0
719,1377650498,494.0
719,1377650503,494.0
719,1377650508,492.0
719,1377650513,486.0
719,1377650518,477.0
719,1377650523,475.0
719,1377650528,481.0
719,1377650533,482.0
719,1377650538,475.0
719,1377650543,471.0
719,1377650548,470.0
719,1377650553,481.0
719,1377650558,481.0
719,1377650563,483.0
719,1377650568,484.0
719,1377650573,475.0
719,1377650578,475.0
719,1377650583,473.0
719,1377650588,482.0
719,1377650593,472.0
719,1377650598,486.0
719,1377650603,480.0
719,1377650608,480.0
719,1377650613,480.0
719,1377650618,473.0
719,1377650623,471.0
719,1377650628,465.0
719,1377650633,465.0
719,1377650638,471.0
719,1377650643,471.0
719,1377650648,480.0
719,1377650653,481.0
719,1377650658,477.0
719,1377650663,483.0
719,1377650668,481.0
719,1377650673,483.0
719,1377650678,488.0
719,1377650683,494.0
719,1377650688,486.0
719,1377650693,477.0
719,1377650698,482.0
719,1377650703,477.0
719,1377650708,471.0
719,1377650713,471.0
719,1377650718,470.0
719,1377650723,473.0
719,1377650728,473.0
719,1377650733,470.0
719,1377650738,481.0
719,1377650743,484.0
719,1377650748,477.0
719,1377650753,476.0
719,1377650758,470.0
719,1377650763,471.0
719,1377650768,476.0
719,1377650773,476.0
719,1377650778,476.0
719,1377650783,472.0
719,1377650788,473.0
719,1377650793,470.0
719,1377650798,471.0
719,1377650803,471.0
719,1377650808,470.0
719,1377650813,470.0
719,1377650818,476.0
719,1377650823,472.0
719,1377650828,475.0
719,1377650833,482.0
719,1377650838,477.0
719,1377650843,471.0
719,1377650848,486.0
719,1377650853,476.0
719,1377650858,476.0
719,1377650863,473.0
719,1377650868,473.0
719,1377650873,467.0
719,1377650878,468.0
719,1377650883,462.0
719,1377650888,462.0
719,1377650893,467.0
719,1377650898,467.0
719,1377650903,472.0
719,1377650908,482.0
719,1377650913,470.0
719,1377650918,467.0
719,1377650923,467.0
719,1377650928,462.0
719,1377650933,467.0
719,1377650938,467.0
719,1377650943,465.0
719,1377650948,461.0
719,1377650953,467.0
719,1377650958,463.0
719,1377650963,471.0
719,1377650968,476.0
719,1377650973,486.0
719,1377650978,484.0
719,1377650983,483.0
719,1377650988,482.0
719,1377650993,476.0
719,1377650998,466.0
719,1377651003,457.0
719,1377651008,462.0
719,1377651013,460.0
719,1377651018,460.0
719,1377651023,462.0
719,1377651028,460.0
719,1377651033,462.0
719,1377651038,470.0
719,1377651043,471.0
719,1377651048,476.0
719,1377651053,484.0
719,1377651058,483.0
719,1377651063,480.0
719,1377651068,480.0
719,1377651073,472.0
719,1377651078,473.0
719,1377651083,472.0
719,1377651088,471.0
719,1377651093,472.0
719,1377651098,482.0
719,1377651103,484.0
719,1377651108,484.0
719,1377651113,486.0
719,1377651118,480.0
719,1377651123,476.0
719,1377651128,470.0
719,1377651133,473.0
719,1377651138,472.0
719,1377651143,470.0
719,1377651148,462.0
719,1377651153,470.0
719,1377651158,470.0
719,1377651163,462.0
719,1377651168,470.0
719,1377651173,467.0
719,1377651178,462.0
719,1377651183,461.0
719,1377651188,462.0
719,1377651193,465.0
719,1377651198,468.0
719,1377651203,467.0
719,1377651208,476.0
719,1377651213,486.0
719,1377651218,475.0
719,1377651223,475.0
719,1377651228,476.0
719,1377651233,472.0
719,1377651238,476.0
719,1377651243,470.0
719,1377651248,473.0
719,1377651253,473.0
719,1377651258,467.0
719,1377651263,470.0
719,1377651268,472.0
719,1377651273,471.0
719,1377651278,470.0
719,1377651283,467.0
719,1377651288,466.0
719,1377651293,457.0
719,1377651298,464.0
719,1377651303,461.0
719,1377651308,465.0
719,1377651313,464.0
719,1377651318,464.0
719,1377651323,465.0
719,1377651328,464.0
719,1377651333,459.0
719,1377651338,462.0
719,1377651343,462.0
719,1377651348,461.0
719,1377651353,461.0
719,1377651358,462.0
719,1377651363,465.0
719,1377651368,462.0
719,1377651373,467.0
719,1377651378,466.0
719,1377651383,468.0
719,1377651388,467.0
719,1377651393,467.0
719,1377651398,466.0
719,1377651403,471.0
719,1377651408,480.0
719,1377651413,473.0
719,1377651418,473.0
719,1377651423,470.0
719,1377651428,468.0
719,1377651433,470.0
719,1377651438,467.0
719,1377651443,462.0
719,1377651448,467.0
719,1377651453,467.0
719,1377651458,470.0
719,1377651463,467.0
719,1377651468,455.0
719,1377651473,454.0
719,1377651478,456.0
719,1377651483,454.0
719,1377651488,462.0
719,1377651493,465.0
719,1377651498,472.0
719,1377651503,471.0
719,1377651508,476.0
719,1377651513,476.0
719,1377651518,476.0
719,1377651523,463.0
719,1377651528,468.0
719,1377651533,465.0
719,1377651538,462.0
719,1377651543,470.0
719,1377651548,461.0
719,1377651553,462.0
719,1377651558,466.0
719,1377651563,465.0
719,1377651568,468.0
719,1377651573,480.0
719,1377651578,473.0
719,1377651583,468.0
719,1377651588,461.0
719,1377651593,462.0
719,1377651598,462.0
719,1377651603,456.0
719,1377651608,455.0
719,1377651613,460.0
719,1377651618,465.0
719,1377651623,468.0
719,1377651628,466.0
719,1377651633,468.0
719,1377651638,463.0
719,1377651643,464.0
719,1377651648,462.0
719,1377651653,459.0
719,1377651658,461.0
719,1377651663,461.0
719,1377651668,462.0
719,1377651673,465.0
719,1377651678,470.0
719,1377651683,472.0
719,1377651688,463.0
719,1377651693,470.0
719,1377651698,465.0
719,1377651703,472.0
719,1377651708,470.0
719,1377651713,472.0
719,1377651718,468.0
719,1377651723,467.0
719,1377651728,461.0
719,1377651733,461.0
719,1377651738,461.0
719,1377651743,462.0
719,1377651748,460.0
719,1377651753,457.0
719,1377651758,455.0
719,1377651763,455.0
719,1377651768,462.0
719,1377651773,462.0
719,1377651778,468.0
719,1377651783,473.0
719,1377651788,470.0
719,1377651793,473.0
719,1377651798,470.0
719,1377651803,465.0
719,1377651808,465.0
719,1377651813,461.0
719,1377651818,465.0
719,1377651823,459.0
719,1377651828,461.0
719,1377651833,459.0
719,1377651838,462.0
719,1377651843,465.0
719,1377651848,482.0
719,1377651853,471.0
719,1377651858,475.0
719,1377651863,476.0
719,1377651868,480.0
719,1377651873,476.0
719,1377651878,468.0
719,1377651883,465.0
719,1377651888,465.0
719,1377651893,464.0
719,1377651898,457.0
719,1377651903,457.0
719,1377651908,460.0
719,1377651913,459.0
719,1377651918,464.0
719,1377651923,455.0
719,1377651928,461.0
719,1377651933,465.0
719,1377651938,466.0
719,1377651943,465.0
719,1377651948,465.0
719,1377651953,461.0
719,1377651958,462.0
719,1377651963,464.0
719,1377651968,460.0
719,1377651973,462.0
719,1377651978,457.0
719,1377651983,459.0
719,1377651988,460.0
719,1377651993,461.0
719,1377651998,467.0
719,1377652003,468.0
719,1377652008,467.0
719,1377652013,463.0
719,1377652018,465.0
719,1377652023,460.0
719,1377652028,457.0
719,1377652033,455.0
719,1377652038,456.0
719,1377652043,452.0
719,1377652048,451.0
719,1377652053,452.0
719,1377652058,450.0
719,1377652063,455.0
719,1377652068,462.0
719,1377652073,468.0
719,1377652078,476.0
719,1377652083,473.0
719,1377652088,476.0
719,1377652093,470.0
719,1377652098,480.0
719,1377652103,463.0
719,1377652108,460.0
719,1377652113,460.0
719,1377652118,456.0
719,1377652123,451.0
719,1377652128,460.0
719,1377652133,460.0
719,1377652138,462.0
719,1377652143,460.0
719,1377652148,465.0
719,1377652153,465.0
719,1377652158,462.0
719,1377652163,464.0
719,1377652168,456.0
719,1377652173,447.0
719,1377652178,452.0
719,1377652183,452.0
719,1377652188,451.0
719,1377652193,460.0
719,1377652198,454.0
719,1377652203,462.0
719,1377652208,455.0
719,1377652213,460.0
719,1377652218,460.0
719,1377652223,461.0
719,1377652228,461.0
719,1377652233,464.0
719,1377652238,455.0
719,1377652243,460.0
719,1377652248,460.0
719,1377652253,457.0
719,1377652258,457.0
719,1377652263,460.0
719,1377652268,465.0
719,1377652273,470.0
719,1377652278,467.0
719,1377652283,463.0
719,1377652288,461.0
719,1377652293,467.0
719,1377652298,465.0
719,1377652303,465.0
719,1377652308,462.0
719,1377652313,465.0
719,1377652318,462.0
719,1377652323,464.0
719,1377652328,461.0
719,1377652333,455.0
719,1377652338,462.0
719,1377652343,455.0
719,1377652348,462.0
719,1377652353,455.0
719,1377652358,460.0
719,1377652363,457.0
719,1377652368,464.0
719,1377652373,465.0
719,1377652378,465.0
719,1377652383,462.0
719,1377652388,462.0
719,1377652393,460.0
719,1377652398,462.0
719,1377652403,470.0
719,1377652408,462.0
719,1377652413,465.0
719,1377652418,461.0
719,1377652423,460.0
719,1377652428,460.0
719,1377652433,460.0
719,1377652438,459.0
719,1377652443,459.0
719,1377652448,457.0
719,1377652453,459.0
719,1377652458,457.0
719,1377652463,457.0
719,1377652468,454.0
719,1377652473,460.0
719,1377652478,456.0
719,1377652483,451.0
719,1377652488,456.0
719,1377652493,456.0
719,1377652498,452.0
719,1377652503,454.0
719,1377652508,457.0
719,1377652513,457.0
719,1377652518,460.0
719,1377652523,462.0
719,1377652528,462.0
719,1377652533,455.0
719,1377652538,457.0
719,1377652543,462.0
719,1377652548,460.0
719,1377652553,460.0
719,1377652558,459.0
719,1377652563,457.0
719,1377652568,456.0
719,1377652573,451.0
719,1377652578,456.0
719,1377652583,447.0
719,1377652588,452.0
719,1377652593,447.0
719,1377652598,456.0
719,1377652603,455.0
719,1377652608,464.0
719,1377652613,462.0
719,1377652618,462.0
719,1377652623,462.0
719,1377652628,462.0
719,1377652633,465.0
719,1377652638,465.0
719,1377652643,457.0
719,1377652648,451.0
719,1377652653,449.0
719,1377652658,447.0
719,1377652663,446.0
719,1377652668,447.0
719,1377652673,450.0
719,1377652678,451.0
719,1377652683,460.0
719,1377652688,462.0
719,1377652693,462.0
719,1377652698,456.0
719,1377652703,447.0
719,1377652708,447.0
719,1377652713,447.0
719,1377652718,447.0
719,1377652723,455.0
719,1377652728,456.0
719,1377652733,456.0
719,1377652738,455.0
719,1377652743,457.0
719,1377652748,455.0
719,1377652753,455.0
719,1377652758,456.0
719,1377652763,451.0
719,1377652768,452.0
719,1377652773,447.0
719,1377652778,452.0
719,1377652783,452.0
719,1377652788,443.0
719,1377652793,454.0
719,1377652798,460.0
719,1377652803,462.0
719,1377652808,464.0
719,1377652813,455.0
719,1377652818,451.0
719,1377652823,447.0
719,1377652828,454.0
719,1377652833,454.0
719,1377652838,452.0
719,1377652843,447.0
719,1377652848,447.0
719,1377652853,448.0
719,1377652858,456.0
719,1377652863,451.0
719,1377652868,452.0
719,1377652873,462.0
719,1377652878,452.0
719,1377652883,443.0
719,1377652888,449.0
719,1377652893,449.0
719,1377652898,439.0
719,1377652903,443.0
719,1377652908,445.0
719,1377652913,443.0
719,1377652918,447.0
719,1377652923,447.0
719,1377652928,452.0
719,1377652933,443.0
719,1377652938,455.0
719,1377652943,462.0
719,1377652948,459.0
719,1377652953,461.0
719,1377652958,462.0
719,1377652963,455.0
719,1377652968,454.0
719,1377652973,454.0
719,1377652978,454.0
719,1377652983,457.0
719,1377652988,445.0
719,1377652993,443.0
719,1377652998,446.0
719,1377653003,448.0
719,1377653008,443.0
719,1377653013,447.0
719,1377653018,452.0
719,1377653023,443.0
719,1377653028,443.0
719,1377653033,448.0
719,1377653038,446.0
719,1377653043,445.0
719,1377653048,448.0
719,1377653053,448.0
719,1377653058,445.0
719,1377653063,448.0
719,1377653068,448.0
719,1377653073,439.0
719,1377653078,449.0
719,1377653083,451.0
719,1377653088,451.0
719,1377653093,457.0
719,1377653098,455.0
719,1377653103,454.0
719,1377653108,460.0
719,1377653113,456.0
719,1377653118,457.0
719,1377653123,456.0
719,1377653128,454.0
719,1377653133,452.0
719,1377653138,456.0
719,1377653143,454.0
719,1377653148,447.0
719,1377653153,448.0
719,1377653158,450.0
719,1377653163,441.0
719,1377653168,443.0
719,1377653173,443.0
719,1377653178,439.0
719,1377653183,443.0
719,1377653188,439.0
719,1377653193,446.0
719,1377653198,443.0
719,1377653203,452.0
719,1377653208,452.0
719,1377653213,452.0
719,1377653218,448.0
719,1377653223,449.0
719,1377653228,445.0
719,1377653233,454.0
719,1377653238,447.0
719,1377653243,447.0
719,1377653248,456.0
719,1377653253,455.0
719,1377653258,447.0
719,1377653263,456.0
719,1377653268,452.0
719,1377653273,452.0
719,1377653278,452.0
719,1377653283,443.0
719,1377653288,447.0
719,1377653293,454.0
719,1377653298,460.0
719,1377653303,465.0
719,1377653308,465.0
719,1377653313,457.0
719,1377653318,456.0
719,1377653323,452.0
719,1377653328,452.0
719,1377653333,447.0
719,1377653338,454.0
719,1377653343,445.0
719,1377653348,451.0
719,1377653353,451.0
719,1377653358,451.0
719,1377653363,451.0
719,1377653368,454.0
719,1377653373,454.0
719,1377653378,456.0
719,1377653383,454.0
719,1377653388,447.0
719,1377653393,456.0
719,1377653398,460.0
719,1377653403,454.0
719,1377653408,448.0
719,1377653413,441.0
719,1377653418,439.0
719,1377653423,439.0
719,1377653428,439.0
719,1377653433,443.0
719,1377653438,452.0
719,1377653443,452.0
719,1377653448,448.0
719,1377653453,447.0
719,1377653458,448.0
719,1377653463,443.0
719,1377653468,441.0
719,1377653473,439.0
719,1377653478,454.0
719,1377653483,457.0
719,1377653488,455.0
719,1377653493,451.0
719,1377653498,452.0
719,1377653503,454.0
719,1377653508,447.0
719,1377653513,451.0
719,1377653518,454.0
719,1377653523,454.0
719,1377653528,452.0
719,1377653533,443.0
719,1377653538,447.0
719,1377653543,455.0
719,1377653548,455.0
719,1377653553,464.0
719,1377653558,462.0
719,1377653563,455.0
719,1377653568,457.0
719,1377653573,447.0
719,1377653578,452.0
719,1377653583,446.0
719,1377653588,448.0
719,1377653593,439.0
719,1377653598,454.0
719,1377653603,443.0
719,1377653608,460.0
719,1377653613,456.0
719,1377653618,454.0
719,1377653623,447.0
719,1377653628,452.0
719,1377653633,447.0
719,1377653638,452.0
719,1377653643,452.0
719,1377653648,447.0
719,1377653653,452.0
719,1377653658,448.0
719,1377653663,452.0
719,1377653668,448.0
719,1377653673,439.0
719,1377653678,439.0
719,1377653683,440.0
719,1377653688,435.0
719,1377653693,446.0
719,1377653698,438.0
719,1377653703,439.0
719,1377653708,443.0
719,1377653713,451.0
719,1377653718,443.0
719,1377653723,462.0
719,1377653728,447.0
719,1377653733,454.0
719,1377653738,443.0
719,1377653743,444.0
719,1377653748,439.0
719,1377653753,447.0
719,1377653758,447.0
719,1377653763,449.0
719,1377653768,456.0
719,1377653773,457.0
719,1377653778,465.0
719,1377653783,465.0
719,1377653788,468.0
719,1377653793,460.0
719,1377653798,461.0
719,1377653803,462.0
719,1377653808,462.0
719,1377653813,457.0
719,1377653818,455.0
719,1377653823,452.0
719,1377653828,452.0
719,1377653833,449.0
719,1377653838,462.0
719,1377653843,447.0
719,1377653848,456.0
719,1377653853,456.0
719,1377653858,454.0
719,1377653863,447.0
719,1377653868,447.0
719,1377653873,452.0
719,1377653878,447.0
719,1377653883,443.0
719,1377653888,446.0
719,1377653893,441.0
719,1377653898,443.0
719,1377653903,443.0
719,1377653908,448.0
719,1377653913,443.0
719,1377653918,456.0
719,1377653923,462.0
719,1377653928,454.0
719,1377653933,452.0
719,1377653938,448.0
719,1377653943,443.0
719,1377653948,443.0
719,1377653953,452.0
719,1377653958,456.0
719,1377653963,460.0
719,1377653968,452.0
719,1377653973,447.0
719,1377653978,448.0
719,1377653983,443.0
719,1377653988,444.0
719,1377653993,439.0
719,1377653998,444.0
719,1377654003,441.0
719,1377654008,446.0
719,1377654013,448.0
719,1377654018,454.0
719,1377654023,447.0
719,1377654028,450.0
719,1377654033,452.0
719,1377654038,443.0
719,1377654043,447.0
719,1377654048,456.0
719,1377654053,456.0
719,1377654058,447.0
719,1377654063,448.0
719,1377654068,448.0
719,1377654073,443.0
719,1377654078,450.0
719,1377654083,444.0
719,1377654088,448.0
719,1377654093,439.0
719,1377654098,448.0
719,1377654103,451.0
719,1377654108,460.0
719,1377654113,457.0
719,1377654118,456.0
719,1377654123,447.0
719,1377654128,450.0
719,1377654133,446.0
719,1377654138,444.0
719,1377654143,450.0
719,1377654148,454.0
719,1377654153,455.0
719,1377654158,460.0
719,1377654163,460.0
719,1377654168,454.0
719,1377654173,450.0
719,1377654178,452.0
719,1377654183,447.0
719,1377654188,447.0
719,1377654193,451.0
719,1377654198,446.0
719,1377654203,454.0
719,1377654208,443.0
719,1377654213,452.0
719,1377654218,448.0
719,1377654223,448.0
719,1377654228,441.0
719,1377654233,448.0
719,1377654238,448.0
719,1377654243,441.0
719,1377654248,444.0
719,1377654253,441.0
719,1377654258,446.0
719,1377654263,443.0
719,1377654268,452.0
719,1377654273,451.0
719,1377654278,454.0
719,1377654283,449.0
719,1377654288,447.0
719,1377654293,439.0
719,1377654298,443.0
719,1377654303,450.0
719,1377654308,444.0
719,1377654313,438.0
719,1377654318,440.0
719,1377654323,441.0
719,1377654328,454.0
719,1377654333,443.0
719,1377654338,443.0
719,1377654343,443.0
719,1377654348,443.0
719,1377654353,439.0
719,1377654358,448.0
719,1377654363,441.0
719,1377654368,444.0
719,1377654373,440.0
719,1377654378,438.0
719,1377654383,438.0
719,1377654388,439.0
719,1377654393,446.0
719,1377654398,441.0
719,1377654403,441.0
719,1377654408,441.0
719,1377654413,446.0
719,1377654418,448.0
719,1377654423,443.0
719,1377654428,447.0
719,1377654433,452.0
719,1377654438,452.0
719,1377654443,452.0
719,1377654448,443.0
719,1377654453,443.0
719,1377654458,450.0
719,1377654463,443.0
719,1377654468,450.0
719,1377654473,443.0
719,1377654478,448.0
719,1377654483,448.0
719,1377654488,444.0
719,1377654493,439.0
719,1377654498,444.0
719,1377654503,441.0
719,1377654508,445.0
719,1377654513,439.0
719,1377654518,439.0
719,1377654523,450.0
719,1377654528,439.0
719,1377654533,436.0
719,1377654538,436.0
719,1377654543,430.0
719,1377654548,438.0
719,1377654553,448.0
719,1377654558,447.0
719,1377654563,447.0
719,1377654568,451.0
719,1377654573,443.0
719,1377654578,448.0
719,1377654583,448.0
719,1377654588,443.0
719,1377654593,447.0
719,1377654598,448.0
719,1377654603,448.0
719,1377654608,443.0
719,1377654613,439.0
719,1377654618,446.0
719,1377654623,439.0
719,1377654628,439.0
719,1377654633,441.0
719,1377654638,444.0
719,1377654643,444.0
719,1377654648,441.0
719,1377654653,439.0
719,1377654658,438.0
719,1377654663,441.0
719,1377654668,441.0
719,1377654673,444.0
719,1377654678,441.0
719,1377654683,439.0
719,1377654688,443.0
719,1377654693,443.0
719,1377654698,443.0
719,1377654703,439.0
719,1377654708,435.0
719,1377654713,444.0
719,1377654718,439.0
719,1377654723,443.0
719,1377654728,439.0
719,1377654733,439.0
719,1377654738,444.0
719,1377654743,441.0
719,1377654748,443.0
719,1377654753,446.0
719,1377654758,446.0
719,1377654763,433.0
719,1377654768,435.0
719,1377654773,429.0
719,1377654778,433.0
719,1377654783,428.0
719,1377654788,430.0
719,1377654793,430.0
719,1377654798,429.0
719,1377654803,430.0
719,1377654808,433.0
719,1377654813,433.0
719,1377654818,433.0
719,1377654823,433.0
719,1377654828,435.0
719,1377654833,433.0
719,1377654838,436.0
719,1377654843,435.0
719,1377654848,446.0
719,1377654853,444.0
719,1377654858,448.0
719,1377654863,443.0
719,1377654868,445.0
719,1377654873,441.0
719,1377654878,439.0
719,1377654883,448.0
719,1377654888,448.0
719,1377654893,447.0
719,1377654898,443.0
719,1377654903,447.0
719,1377654908,441.0
719,1377654913,438.0
719,1377654918,438.0
719,1377654923,439.0
719,1377654928,436.0
719,1377654933,433.0
719,1377654938,427.0
719,1377654943,429.0
719,1377654948,430.0
719,1377654953,433.0
719,1377654958,438.0
719,1377654963,439.0
719,1377654968,439.0
719,1377654973,438.0
719,1377654978,430.0
719,1377654983,430.0
719,1377654988,423.0
719,1377654993,433.0
719,1377654998,425.0
719,1377655003,430.0
719,1377655008,430.0
719,1377655013,436.0
719,1377655018,441.0
719,1377655023,443.0
719,1377655028,444.0
719,1377655033,440.0
719,1377655038,440.0
719,1377655043,430.0
719,1377655048,423.0
719,1377655053,419.0
719,1377655058,419.0
719,1377655063,416.0
719,1377655068,411.0
719,1377655073,413.0
719,1377655078,422.0
719,1377655083,423.0
719,1377655088,430.0
719,1377655093,427.0
719,1377655098,429.0
719,1377655103,432.0
719,1377655108,430.0
719,1377655113,423.0
719,1377655118,427.0
719,1377655123,428.0
719,1377655128,422.0
719,1377655133,428.0
719,1377655138,425.0
719,1377655143,427.0
719,1377655148,429.0
719,1377655153,430.0
719,1377655158,423.0
719,1377655163,420.0
719,1377655168,422.0
719,1377655173,428.0
719,1377655178,430.0
719,1377655183,427.0
719,1377655188,425.0
719,1377655193,423.0
719,1377655198,413.0
719,1377655203,415.0
719,1377655208,417.0
719,1377655213,415.0
719,1377655218,415.0
719,1377655223,425.0
719,1377655228,422.0
719,1377655233,419.0
719,1377655238,420.0
719,1377655243,422.0
719,1377655248,418.0
719,1377655253,419.0
719,1377655258,423.0
719,1377655263,425.0
719,1377655268,419.0
719,1377655273,419.0
719,1377655278,424.0
719,1377655283,429.0
719,1377655288,438.0
719,1377655293,429.0
719,1377655298,430.0
719,1377655303,428.0
719,1377655308,420.0
719,1377655313,413.0
719,1377655318,418.0
719,1377655323,416.0
719,1377655328,413.0
719,1377655333,415.0
719,1377655338,420.0
719,1377655343,419.0
719,1377655348,424.0
719,1377655353,422.0
719,1377655358,428.0
719,1377655363,433.0
719,1377655368,440.0
719,1377655373,435.0
719,1377655378,429.0
719,1377655383,422.0
719,1377655388,411.0
719,1377655393,411.0
719,1377655398,412.0
719,1377655403,411.0
719,1377655408,413.0
719,1377655413,416.0
719,1377655418,418.0
719,1377655423,415.0
719,1377655428,420.0
719,1377655433,422.0
719,1377655438,413.0
719,1377655443,413.0
719,1377655448,413.0
719,1377655453,419.0
719,1377655458,424.0
719,1377655463,419.0
719,1377655468,424.0
719,1377655473,425.0
719,1377655478,423.0
719,1377655483,422.0
719,1377655488,413.0
719,1377655493,417.0
719,1377655498,417.0
719,1377655503,415.0
719,1377655508,424.0
719,1377655513,422.0
719,1377655518,424.0
719,1377655523,415.0
719,1377655528,419.0
719,1377655533,417.0
719,1377655538,418.0
719,1377655543,422.0
719,1377655548,425.0
719,1377655553,427.0
719,1377655558,423.0
719,1377655563,422.0
719,1377655568,420.0
719,1377655573,419.0
719,1377655578,420.0
719,1377655583,418.0
719,1377655588,413.0
719,1377655593,415.0
719,1377655598,419.0
719,1377655603,422.0
719,1377655608,430.0
719,1377655613,414.0
719,1377655618,409.0
719,1377655623,406.0
719,1377655628,403.0
719,1377655633,406.0
719,1377655638,416.0
719,1377655643,416.0
719,1377655648,418.0
719,1377655653,420.0
719,1377655658,417.0
719,1377655663,412.0
719,1377655668,416.0
719,1377655673,416.0
719,1377655678,418.0
719,1377655683,411.0
719,1377655688,413.0
719,1377655693,407.0
719,1377655698,409.0
719,1377655703,403.0
719,1377655708,403.0
719,1377655713,409.0
719,1377655718,407.0
719,1377655723,417.0
719,1377655728,413.0
719,1377655733,415.0
719,1377655738,407.0
719,1377655743,418.0
719,1377655748,416.0
719,1377655753,419.0
719,1377655758,419.0
719,1377655763,422.0
719,1377655768,419.0
719,1377655773,419.0
719,1377655778,409.0
719,1377655783,409.0
719,1377655788,407.0
719,1377655793,407.0
719,1377655798,409.0
719,1377655803,407.0
719,1377655808,414.0
719,1377655813,406.0
719,1377655818,403.0
719,1377655823,408.0
719,1377655828,406.0
719,1377655833,406.0
719,1377655838,409.0
719,1377655843,409.0
719,1377655848,407.0
719,1377655853,407.0
719,1377655858,409.0
719,1377655863,408.0
719,1377655868,416.0
719,1377655873,403.0
719,1377655878,403.0
719,1377655883,398.0
719,1377655888,398.0
719,1377655893,408.0
719,1377655898,407.0
719,1377655903,407.0
719,1377655908,416.0
719,1377655913,407.0
719,1377655918,412.0
719,1377655923,407.0
719,1377655928,407.0
719,1377655933,412.0
719,1377655938,412.0
719,1377655943,418.0
719,1377655948,419.0
719,1377655953,419.0
719,1377655958,422.0
719,1377655963,417.0
719,1377655968,416.0
719,1377655973,409.0
719,1377655978,403.0
719,1377655983,409.0
719,1377655988,406.0
719,1377655993,409.0
719,1377655998,404.0
719,1377656003,409.0
719,1377656008,412.0
719,1377656013,409.0
719,1377656018,409.0
719,1377656023,407.0
719,1377656028,406.0
719,1377656033,401.0
719,1377656038,401.0
719,1377656043,401.0
719,1377656048,397.0
719,1377656053,401.0
719,1377656058,401.0
719,1377656063,398.0
719,1377656068,398.0
719,1377656073,398.0
719,1377656078,401.0
719,1377656083,403.0
719,1377656088,409.0
719,1377656093,406.0
719,1377656098,422.0
719,1377656103,407.0
719,1377656108,412.0
719,1377656113,403.0
719,1377656118,404.0
719,1377656123,395.0
719,1377656128,398.0
719,1377656133,402.0
719,1377656138,406.0
719,1377656143,409.0
719,1377656148,412.0
719,1377656153,412.0
719,1377656158,411.0
719,1377656163,411.0
719,1377656168,412.0
719,1377656173,409.0
719,1377656178,406.0
719,1377656183,404.0
719,1377656188,403.0
719,1377656193,404.0
719,1377656198,404.0
719,1377656203,403.0
719,1377656208,403.0
719,1377656213,406.0
719,1377656218,409.0
719,1377656223,414.0
719,1377656228,403.0
719,1377656233,406.0
719,1377656238,409.0
719,1377656243,412.0
719,1377656248,408.0
719,1377656253,406.0
719,1377656258,395.0
719,1377656263,396.0
719,1377656268,393.0
719,1377656273,391.0
719,1377656278,396.0
719,1377656283,397.0
719,1377656288,403.0
719,1377656293,398.0
719,1377656298,402.0
719,1377656303,401.0
719,1377656308,406.0
719,1377656313,416.0
719,1377656318,412.0
719,1377656323,413.0
719,1377656328,413.0
719,1377656333,409.0
719,1377656338,403.0
719,1377656343,406.0
719,1377656348,412.0
719,1377656353,409.0
719,1377656358,407.0
719,1377656363,412.0
719,1377656368,412.0
719,1377656373,403.0
719,1377656378,404.0
719,1377656383,408.0
719,1377656388,406.0
719,1377656393,407.0
719,1377656398,409.0
719,1377656403,412.0
719,1377656408,407.0
719,1377656413,406.0
719,1377656418,404.0
719,1377656423,404.0
719,1377656428,408.0
719,1377656433,403.0
719,1377656438,407.0
719,1377656443,409.0
719,1377656448,412.0
719,1377656453,414.0
719,1377656458,407.0
719,1377656463,407.0
719,1377656468,401.0
719,1377656473,401.0
719,1377656478,396.0
719,1377656483,400.0
719,1377656488,400.0
719,1377656493,403.0
719,1377656498,404.0
719,1377656503,406.0
719,1377656508,408.0
719,1377656513,398.0
719,1377656518,400.0
719,1377656523,398.0
719,1377656528,401.0
719,1377656533,404.0
719,1377656538,414.0
719,1377656543,409.0
719,1377656548,409.0
719,1377656553,406.0
719,1377656558,401.0
719,1377656563,403.0
719,1377656568,403.0
719,1377656573,401.0
719,1377656578,404.0
719,1377656583,401.0
719,1377656588,404.0
719,1377656593,404.0
719,1377656598,403.0
719,1377656603,404.0
719,1377656608,409.0
719,1377656613,404.0
719,1377656618,407.0
719,1377656623,398.0
719,1377656628,401.0
719,1377656633,396.0
719,1377656638,391.0
719,1377656643,396.0
719,1377656648,401.0
719,1377656653,401.0
719,1377656658,398.0
719,1377656663,408.0
719,1377656668,414.0
719,1377656673,407.0
719,1377656678,413.0
719,1377656683,422.0
719,1377656688,424.0
719,1377656693,425.0
719,1377656698,424.0
719,1377656703,424.0
719,1377656708,418.0
719,1377656713,415.0
719,1377656718,407.0
719,1377656723,411.0
719,1377656728,412.0
719,1377656733,407.0
719,1377656738,403.0
719,1377656743,406.0
719,1377656748,397.0
719,1377656753,401.0
719,1377656758,398.0
719,1377656763,404.0
719,1377656768,403.0
719,1377656773,404.0
719,1377656778,399.0
719,1377656783,406.0
719,1377656788,406.0
719,1377656793,409.0
719,1377656798,407.0
719,1377656803,409.0
719,1377656808,412.0
719,1377656813,409.0
719,1377656818,407.0
719,1377656823,407.0
719,1377656828,416.0
719,1377656833,409.0
719,1377656838,408.0
719,1377656843,401.0
719,1377656848,401.0
719,1377656853,397.0
719,1377656858,401.0
719,1377656863,404.0
719,1377656868,401.0
719,1377656873,397.0
719,1377656878,401.0
719,1377656883,403.0
719,1377656888,401.0
719,1377656893,401.0
719,1377656898,398.0
719,1377656903,401.0
719,1377656908,403.0
719,1377656913,398.0
719,1377656918,408.0
719,1377656923,407.0
719,1377656928,416.0
719,1377656933,418.0
719,1377656938,411.0
719,1377656943,407.0
719,1377656948,403.0
719,1377656953,404.0
719,1377656958,398.0
719,1377656963,403.0
719,1377656968,404.0
719,1377656973,403.0
719,1377656978,406.0
719,1377656983,407.0
719,1377656988,403.0
719,1377656993,404.0
719,1377656998,406.0
719,1377657003,401.0
719,1377657008,406.0
719,1377657013,401.0
719,1377657018,404.0
719,1377657023,401.0
719,1377657028,402.0
719,1377657033,401.0
719,1377657038,400.0
719,1377657043,402.0
719,1377657048,403.0
719,1377657053,399.0
719,1377657058,401.0
719,1377657063,406.0
719,1377657068,408.0
719,1377657073,407.0
719,1377657078,409.0
719,1377657083,414.0
719,1377657088,412.0
719,1377657093,412.0
719,1377657098,411.0
719,1377657103,412.0
719,1377657108,414.0
719,1377657113,404.0
719,1377657118,403.0
719,1377657123,406.0
719,1377657128,416.0
719,1377657133,411.0
719,1377657138,407.0
719,1377657143,414.0
719,1377657148,413.0
719,1377657153,412.0
719,1377657158,407.0
719,1377657163,412.0
719,1377657168,403.0
719,1377657173,404.0
719,1377657178,401.0
719,1377657183,398.0
719,1377657188,402.0
719,1377657193,403.0
719,1377657198,404.0
719,1377657203,399.0
719,1377657208,401.0
719,1377657213,396.0
719,1377657218,383.0
719,1377657223,398.0
719,1377657228,396.0
719,1377657233,396.0
719,1377657238,398.0
719,1377657243,401.0
719,1377657248,403.0
719,1377657253,416.0
719,1377657258,412.0
719,1377657263,411.0
719,1377657268,417.0
719,1377657273,409.0
719,1377657278,409.0
719,1377657283,402.0
719,1377657288,401.0
719,1377657293,396.0
719,1377657298,393.0
719,1377657303,393.0
719,1377657308,398.0
719,1377657313,400.0
719,1377657318,406.0
719,1377657323,406.0
719,1377657328,404.0
719,1377657333,403.0
719,1377657338,412.0
719,1377657343,409.0
719,1377657348,418.0
719,1377657353,412.0
719,1377657358,407.0
719,1377657363,402.0
719,1377657368,401.0
719,1377657373,396.0
719,1377657378,400.0
719,1377657383,395.0
719,1377657388,396.0
719,1377657393,398.0
719,1377657398,406.0
719,1377657403,398.0
719,1377657408,401.0
719,1377657413,398.0
719,1377657418,398.0
719,1377657423,401.0
719,1377657428,403.0
719,1377657433,403.0
719,1377657438,399.0
719,1377657443,406.0
719,1377657448,408.0
719,1377657453,408.0
719,1377657458,412.0
719,1377657463,416.0
719,1377657468,416.0
719,1377657473,412.0
719,1377657478,408.0
719,1377657483,406.0
719,1377657488,398.0
719,1377657493,401.0
719,1377657498,396.0
719,1377657503,403.0
719,1377657508,402.0
719,1377657513,399.0
719,1377657518,406.0
719,1377657523,401.0
719,1377657528,398.0
719,1377657533,395.0
719,1377657538,396.0
719,1377657543,396.0
719,1377657548,399.0
719,1377657553,398.0
719,1377657558,402.0
719,1377657563,404.0
719,1377657568,404.0
719,1377657573,398.0
719,1377657578,398.0
719,1377657583,396.0
719,1377657588,391.0
719,1377657593,398.0
719,1377657598,397.0
719,1377657603,397.0
719,1377657608,401.0
719,1377657613,399.0
719,1377657618,404.0
719,1377657623,401.0
719,1377657628,397.0
719,1377657633,400.0
719,1377657638,402.0
719,1377657643,403.0
719,1377657648,403.0
719,1377657653,407.0
719,1377657658,412.0
719,1377657663,409.0
719,1377657668,409.0
719,1377657673,403.0
719,1377657678,397.0
719,1377657683,398.0
719,1377657688,398.0
719,1377657693,395.0
719,1377657698,401.0
719,1377657703,398.0
719,1377657708,404.0
719,1377657713,409.0
719,1377657718,404.0
719,1377657723,403.0
719,1377657728,397.0
719,1377657733,398.0
719,1377657738,401.0
719,1377657743,403.0
719,1377657748,399.0
719,1377657753,403.0
719,1377657758,397.0
719,1377657763,391.0
719,1377657768,396.0
719,1377657773,398.0
719,1377657778,401.0
719,1377657783,397.0
719,1377657788,403.0
719,1377657793,403.0
719,1377657798,403.0
719,1377657803,406.0
719,1377657808,412.0
719,1377657813,409.0
719,1377657818,409.0
719,1377657823,403.0
719,1377657828,400.0
719,1377657833,396.0
719,1377657838,396.0
719,1377657843,395.0
719,1377657848,391.0
719,1377657853,396.0
719,1377657858,391.0
719,1377657863,395.0
719,1377657868,391.0
719,1377657873,397.0
719,1377657878,404.0
719,1377657883,408.0
719,1377657888,407.0
719,1377657893,409.0
719,1377657898,403.0
719,1377657903,399.0
719,1377657908,397.0
719,1377657913,395.0
719,1377657918,398.0
719,1377657923,398.0
719,1377657928,401.0
719,1377657933,406.0
719,1377657938,406.0
719,1377657943,399.0
719,1377657948,402.0
719,1377657953,404.0
719,1377657958,399.0
719,1377657963,398.0
719,1377657968,401.0
719,1377657973,395.0
719,1377657978,396.0
719,1377657983,398.0
719,1377657988,401.0
719,1377657993,412.0
719,1377657998,407.0
719,1377658003,409.0
719,1377658008,403.0
719,1377658013,399.0
719,1377658018,398.0
719,1377658023,396.0
719,1377658028,387.0
719,1377658033,388.0
719,1377658038,392.0
719,1377658043,390.0
719,1377658048,392.0
719,1377658053,393.0
719,1377658058,393.0
719,1377658063,398.0
719,1377658068,403.0
719,1377658073,406.0
719,1377658078,403.0
719,1377658083,398.0
719,1377658088,398.0
719,1377658093,392.0
719,1377658098,393.0
719,1377658103,396.0
719,1377658108,404.0
719,1377658113,409.0
719,1377658118,409.0
719,1377658123,407.0
719,1377658128,409.0
719,1377658133,398.0
719,1377658138,391.0
719,1377658143,387.0
719,1377658148,387.0
719,1377658153,393.0
719,1377658158,400.0
719,1377658163,403.0
719,1377658168,401.0
719,1377658173,406.0
719,1377658178,403.0
719,1377658183,401.0
719,1377658188,396.0
719,1377658193,393.0
719,1377658198,396.0
719,1377658203,398.0
719,1377658208,398.0
719,1377658213,397.0
719,1377658218,393.0
719,1377658223,398.0
719,1377658228,403.0
719,1377658233,408.0
719,1377658238,408.0
719,1377658243,406.0
719,1377658248,403.0
719,1377658253,399.0
719,1377658258,391.0
719,1377658263,391.0
719,1377658268,391.0
719,1377658273,396.0
719,1377658278,398.0
719,1377658283,401.0
719,1377658288,397.0
719,1377658293,397.0
719,1377658298,396.0
719,1377658303,392.0
719,1377658308,387.0
719,1377658313,388.0
719,1377658318,383.0
719,1377658323,388.0
719,1377658328,393.0
719,1377658333,397.0
719,1377658338,404.0
719,1377658343,402.0
719,1377658348,399.0
719,1377658353,396.0
719,1377658358,393.0
719,1377658363,393.0
719,1377658368,396.0
719,1377658373,393.0
719,1377658378,397.0
719,1377658383,395.0
719,1377658388,398.0
719,1377658393,393.0
719,1377658398,391.0
719,1377658403,390.0
719,1377658408,390.0
719,1377658413,396.0
719,1377658418,397.0
719,1377658423,401.0
719,1377658428,396.0
719,1377658433,393.0
719,1377658438,390.0
719,1377658443,392.0
719,1377658448,390.0
719,1377658453,396.0
719,1377658458,393.0
719,1377658463,395.0
719,1377658468,398.0
719,1377658473,401.0
719,1377658478,401.0
719,1377658483,409.0
719,1377658488,404.0
719,1377658493,403.0
719,1377658498,400.0
719,1377658503,396.0
719,1377658508,392.0
719,1377658513,392.0
719,1377658518,391.0
719,1377658523,391.0
719,1377658528,398.0
719,1377658533,396.0
719,1377658538,401.0
719,1377658543,400.0
719,1377658548,401.0
719,1377658553,398.0
719,1377658558,395.0
719,1377658563,396.0
719,1377658568,392.0
719,1377658573,387.0
719,1377658578,383.0
719,1377658583,393.0
719,1377658588,398.0
719,1377658593,406.0
719,1377658598,408.0
719,1377658603,402.0
719,1377658608,402.0
719,1377658613,396.0
719,1377658618,393.0
719,1377658623,385.0
719,1377658628,392.0
719,1377658633,388.0
719,1377658638,390.0
719,1377658643,392.0
719,1377658648,392.0
719,1377658653,391.0
719,1377658658,390.0
719,1377658663,398.0
719,1377658668,396.0
719,1377658673,398.0
719,1377658678,396.0
719,1377658683,396.0
719,1377658688,396.0
719,1377658693,393.0
719,1377658698,395.0
719,1377658703,403.0
719,1377658708,403.0
719,1377658713,401.0
719,1377658718,401.0
719,1377658723,397.0
719,1377658728,395.0
719,1377658733,400.0
719,1377658738,398.0
719,1377658743,398.0
719,1377658748,401.0
719,1377658753,398.0
719,1377658758,395.0
719,1377658763,393.0
719,1377658768,403.0
719,1377658773,403.0
719,1377658778,407.0
719,1377658783,412.0
719,1377658788,407.0
719,1377658794,412.0
719,1377658798,408.0
719,1377658803,400.0
719,1377658808,395.0
719,1377658813,393.0
719,1377658818,392.0
719,1377658823,391.0
719,1377658828,393.0
719,1377658833,401.0
719,1377658838,408.0
719,1377658843,403.0
719,1377658848,406.0
719,1377658853,401.0
719,1377658858,398.0
719,1377658863,391.0
719,1377658868,393.0
719,1377658873,391.0
719,1377658878,396.0
719,1377658883,391.0
719,1377658888,396.0
719,1377658893,398.0
719,1377658898,400.0
719,1377658903,400.0
719,1377658908,391.0
719,1377658913,392.0
719,1377658918,388.0
719,1377658923,393.0
719,1377658928,398.0
719,1377658933,397.0
719,1377658938,406.0
719,1377658943,409.0
719,1377658948,404.0
719,1377658953,401.0
719,1377658958,396.0
719,1377658963,398.0
719,1377658968,390.0
719,1377658973,396.0
719,1377658978,396.0
719,1377658983,398.0
719,1377658988,397.0
719,1377658993,404.0
719,1377658998,406.0
719,1377659003,406.0
719,1377659008,391.0
719,1377659013,390.0
719,1377659018,391.0
719,1377659023,396.0
719,1377659028,391.0
719,1377659033,396.0
719,1377659038,396.0
719,1377659043,391.0
719,1377659048,391.0
719,1377659053,383.0
719,1377659058,383.0
719,1377659063,387.0
719,1377659068,390.0
719,1377659073,392.0
719,1377659078,393.0
719,1377659083,383.0
719,1377659088,391.0
719,1377659093,387.0
719,1377659098,396.0
719,1377659103,398.0
719,1377659108,397.0
719,1377659113,406.0
719,1377659118,403.0
719,1377659123,399.0
719,1377659128,407.0
719,1377659133,397.0
719,1377659138,393.0
719,1377659143,390.0
719,1377659148,387.0
719,1377659153,388.0
719,1377659158,390.0
719,1377659163,396.0
719,1377659168,390.0
719,1377659173,391.0
719,1377659178,393.0
719,1377659183,392.0
719,1377659188,391.0
719,1377659193,392.0
719,1377659198,398.0
719,1377659203,398.0
719,1377659208,398.0
719,1377659213,406.0
719,1377659218,406.0
719,1377659223,399.0
719,1377659228,396.0
719,1377659233,391.0
719,1377659238,396.0
719,1377659243,395.0
719,1377659248,403.0
719,1377659253,399.0
719,1377659258,398.0
719,1377659263,402.0
719,1377659268,396.0
719,1377659273,391.0
719,1377659278,393.0
719,1377659283,393.0
719,1377659288,395.0
719,1377659293,393.0
719,1377659298,391.0
719,1377659303,395.0
719,1377659308,396.0
719,1377659313,398.0
719,1377659318,397.0
719,1377659323,401.0
719,1377659328,401.0
719,1377659333,396.0
719,1377659338,393.0
719,1377659343,395.0
719,1377659348,396.0
719,1377659353,387.0
719,1377659358,388.0
719,1377659363,387.0
719,1377659368,389.0
719,1377659373,391.0
719,1377659378,393.0
719,1377659383,400.0
719,1377659388,403.0
719,1377659393,397.0
719,1377659398,391.0
719,1377659403,391.0
719,1377659408,391.0
719,1377659413,391.0
719,1377659418,396.0
719,1377659423,396.0
719,1377659428,396.0
719,1377659433,395.0
719,1377659438,393.0
719,1377659443,391.0
719,1377659448,403.0
719,1377659453,408.0
719,1377659458,403.0
719,1377659463,403.0
719,1377659468,397.0
719,1377659473,401.0
719,1377659478,397.0
719,1377659483,401.0
719,1377659488,401.0
719,1377659493,400.0
719,1377659498,398.0
719,1377659503,401.0
719,1377659508,396.0
719,1377659513,397.0
719,1377659518,398.0
719,1377659523,392.0
719,1377659528,392.0
719,1377659533,383.0
719,1377659538,392.0
719,1377659543,387.0
719,1377659548,392.0
719,1377659553,390.0
719,1377659558,396.0
719,1377659563,396.0
719,1377659568,398.0
719,1377659573,401.0
719,1377659578,403.0
719,1377659583,401.0
719,1377659588,400.0
719,1377659593,398.0
719,1377659598,395.0
719,1377659603,391.0
719,1377659608,391.0
719,1377659613,390.0
719,1377659618,390.0
719,1377659623,383.0
719,1377659628,398.0
719,1377659633,393.0
719,1377659638,391.0
719,1377659643,398.0
719,1377659648,395.0
719,1377659653,398.0
719,1377659658,398.0
719,1377659663,403.0
719,1377659668,397.0
719,1377659673,396.0
719,1377659678,398.0
719,1377659683,391.0
719,1377659688,393.0
719,1377659693,391.0
719,1377659698,392.0
719,1377659703,388.0
719,1377659708,387.0
719,1377659713,392.0
719,1377659718,398.0
719,1377659723,401.0
719,1377659728,403.0
719,1377659733,403.0
719,1377659738,391.0
719,1377659743,399.0
719,1377659748,401.0
719,1377659753,404.0
719,1377659758,401.0
719,1377659763,401.0
719,1377659768,396.0
719,1377659773,398.0
719,1377659778,391.0
719,1377659783,396.0
719,1377659788,398.0
719,1377659793,400.0
719,1377659798,398.0
719,1377659803,395.0
719,1377659808,392.0
719,1377659813,390.0
719,1377659818,385.0
719,1377659823,385.0
719,1377659828,387.0
719,1377659833,391.0
719,1377659838,395.0
719,1377659843,395.0
719,1377659848,391.0
719,1377659853,387.0
719,1377659858,393.0
719,1377659863,390.0
719,1377659868,400.0
719,1377659873,396.0
719,1377659878,395.0
719,1377659883,391.0
719,1377659888,391.0
719,1377659893,393.0
719,1377659898,393.0
719,1377659903,392.0
719,1377659908,392.0
719,1377659913,385.0
719,1377659918,383.0
719,1377659923,380.0
719,1377659928,385.0
719,1377659933,385.0
719,1377659938,388.0
719,1377659943,387.0
719,1377659948,383.0
719,1377659953,383.0
719,1377659958,388.0
719,1377659963,382.0
719,1377659968,382.0
719,1377659973,383.0
719,1377659978,391.0
719,1377659983,390.0
719,1377659988,396.0
719,1377659993,397.0
719,1377659998,400.0
719,1377660003,406.0
719,1377660008,403.0
719,1377660013,406.0
719,1377660018,397.0
719,1377660023,395.0
719,1377660028,398.0
719,1377660033,393.0
719,1377660038,395.0
719,1377660043,393.0
719,1377660048,397.0
719,1377660053,403.0
719,1377660058,406.0
719,1377660063,406.0
719,1377660068,398.0
719,1377660073,395.0
719,1377660078,398.0
719,1377660083,402.0
719,1377660088,402.0
719,1377660093,403.0
719,1377660098,406.0
719,1377660103,401.0
719,1377660108,400.0
719,1377660113,398.0
719,1377660118,391.0
719,1377660123,391.0
719,1377660128,393.0
719,1377660133,391.0
719,1377660138,395.0
719,1377660143,396.0
719,1377660148,392.0
719,1377660153,390.0
719,1377660158,387.0
719,1377660163,393.0
719,1377660168,396.0
719,1377660173,393.0
719,1377660178,397.0
719,1377660183,401.0
719,1377660188,406.0
719,1377660193,408.0
719,1377660198,397.0
719,1377660203,393.0
719,1377660208,388.0
719,1377660213,388.0
719,1377660218,388.0
719,1377660223,392.0
719,1377660228,391.0
719,1377660233,395.0
719,1377660238,391.0
719,1377660243,390.0
719,1377660248,396.0
719,1377660253,398.0
719,1377660258,401.0
719,1377660263,406.0
719,1377660268,406.0
719,1377660273,408.0
719,1377660278,404.0
719,1377660283,397.0
719,1377660288,391.0
719,1377660293,396.0
719,1377660298,393.0
719,1377660303,391.0
719,1377660308,393.0
719,1377660313,398.0
719,1377660318,400.0
719,1377660323,391.0
719,1377660328,395.0
719,1377660333,392.0
719,1377660338,390.0
719,1377660343,392.0
719,1377660348,392.0
719,1377660353,383.0
719,1377660358,388.0
719,1377660363,382.0
719,1377660368,385.0
719,1377660373,383.0
719,1377660378,391.0
719,1377660383,391.0
719,1377660388,397.0
719,1377660393,398.0
719,1377660398,396.0
719,1377660403,398.0
719,1377660408,398.0
719,1377660413,397.0
719,1377660418,404.0
719,1377660423,408.0
719,1377660428,406.0
719,1377660433,397.0
719,1377660438,398.0
719,1377660443,393.0
719,1377660448,396.0
719,1377660453,401.0
719,1377660458,397.0
719,1377660463,401.0
719,1377660468,403.0
719,1377660473,401.0
719,1377660478,401.0
719,1377660483,401.0
719,1377660488,391.0
719,1377660493,391.0
719,1377660498,398.0
719,1377660503,396.0
719,1377660508,392.0
719,1377660513,389.0
719,1377660518,382.0
719,1377660523,387.0
719,1377660528,389.0
719,1377660533,398.0
719,1377660538,396.0
719,1377660543,397.0
719,1377660548,408.0
719,1377660553,403.0
719,1377660558,403.0
719,1377660563,391.0
719,1377660568,387.0
719,1377660573,385.0
719,1377660578,390.0
719,1377660583,396.0
719,1377660588,398.0
719,1377660593,397.0
719,1377660598,397.0
719,1377660603,396.0
719,1377660608,395.0
719,1377660613,398.0
719,1377660618,401.0
719,1377660623,403.0
719,1377660628,401.0
719,1377660633,403.0
719,1377660638,406.0
719,1377660643,400.0
719,1377660648,398.0
719,1377660653,390.0
719,1377660658,388.0
719,1377660663,382.0
719,1377660668,385.0
719,1377660673,384.0
719,1377660678,383.0
719,1377660683,382.0
719,1377660688,379.0
719,1377660693,384.0
719,1377660698,382.0
719,1377660703,379.0
719,1377660708,383.0
719,1377660713,380.0
719,1377660718,375.0
719,1377660723,383.0
719,1377660728,383.0
719,1377660733,390.0
719,1377660738,396.0
719,1377660743,404.0
719,1377660748,408.0
719,1377660753,407.0
719,1377660758,408.0
719,1377660763,412.0
719,1377660768,403.0
719,1377660773,397.0
719,1377660778,398.0
719,1377660783,401.0
719,1377660788,400.0
719,1377660793,398.0
719,1377660798,391.0
719,1377660803,390.0
719,1377660808,398.0
719,1377660813,395.0
719,1377660818,396.0
719,1377660823,395.0
719,1377660828,393.0
719,1377660833,400.0
719,1377660838,395.0
719,1377660843,403.0
719,1377660848,403.0
719,1377660853,403.0
719,1377660858,401.0
719,1377660863,396.0
719,1377660868,393.0
719,1377660873,383.0
719,1377660878,387.0
719,1377660883,390.0
719,1377660888,391.0
719,1377660893,393.0
719,1377660898,392.0
719,1377660903,390.0
719,1377660908,387.0
719,1377660913,388.0
719,1377660918,392.0
719,1377660923,395.0
719,1377660928,398.0
719,1377660933,398.0
719,1377660938,397.0
719,1377660943,398.0
719,1377660948,383.0
719,1377660953,390.0
719,1377660958,383.0
719,1377660963,387.0
719,1377660968,392.0
719,1377660973,396.0
719,1377660978,393.0
719,1377660983,391.0
719,1377660988,398.0
719,1377660993,395.0
719,1377660998,393.0
719,1377661003,391.0
719,1377661008,392.0
719,1377661013,387.0
719,1377661018,396.0
719,1377661023,395.0
719,1377661028,398.0
719,1377661033,404.0
719,1377661038,404.0
719,1377661043,406.0
719,1377661048,401.0
719,1377661053,398.0
719,1377661058,393.0
719,1377661063,393.0
719,1377661068,392.0
719,1377661073,388.0
719,1377661078,393.0
719,1377661083,396.0
719,1377661088,401.0
719,1377661093,404.0
719,1377661098,404.0
719,1377661103,401.0
719,1377661108,398.0
719,1377661113,396.0
719,1377661118,398.0
719,1377661123,398.0
719,1377661128,406.0
719,1377661133,402.0
719,1377661138,401.0
719,1377661143,398.0
719,1377661148,390.0
719,1377661153,388.0
719,1377661158,387.0
719,1377661163,384.0
719,1377661168,385.0
719,1377661173,387.0
719,1377661178,390.0
719,1377661183,393.0
719,1377661188,393.0
719,1377661193,391.0
719,1377661198,398.0
719,1377661203,392.0
719,1377661208,392.0
719,1377661213,383.0
719,1377661218,390.0
719,1377661223,393.0
719,1377661228,398.0
719,1377661233,395.0
719,1377661238,391.0
719,1377661243,390.0
719,1377661248,388.0
719,1377661253,396.0
719,1377661258,393.0
719,1377661263,391.0
719,1377661268,387.0
719,1377661273,385.0
719,1377661278,390.0
719,1377661283,383.0
719,1377661288,391.0
719,1377661293,401.0
719,1377661298,403.0
719,1377661303,406.0
719,1377661308,402.0
719,1377661313,391.0
719,1377661318,406.0
719,1377661323,401.0
719,1377661328,403.0
719,1377661333,401.0
719,1377661338,403.0
719,1377661343,398.0
719,1377661348,396.0
719,1377661353,390.0
719,1377661358,385.0
719,1377661363,382.0
719,1377661368,380.0
719,1377661373,382.0
719,1377661378,383.0
719,1377661383,383.0
719,1377661388,390.0
719,1377661393,392.0
719,1377661398,391.0
719,1377661403,393.0
719,1377661408,396.0
719,1377661413,397.0
719,1377661418,397.0
719,1377661423,397.0
719,1377661428,397.0
719,1377661433,397.0
719,1377661438,400.0
719,1377661443,393.0
719,1377661448,398.0
719,1377661453,401.0
719,1377661458,402.0
719,1377661463,403.0
719,1377661468,401.0
719,1377661473,406.0
719,1377661478,402.0
719,1377661483,398.0
719,1377661488,391.0
719,1377661493,401.0
719,1377661498,401.0
719,1377661503,408.0
719,1377661508,408.0
719,1377661513,406.0
719,1377661518,393.0
719,1377661523,398.0
719,1377661528,379.0
719,1377661533,379.0
719,1377661538,375.0
719,1377661543,377.0
719,1377661548,382.0
719,1377661553,391.0
719,1377661558,398.0
719,1377661563,403.0
719,1377661568,401.0
719,1377661573,391.0
719,1377661578,383.0
719,1377661583,385.0
719,1377661588,388.0
719,1377661593,387.0
719,1377661598,392.0
719,1377661603,387.0
719,1377661608,383.0
719,1377661613,390.0
719,1377661618,391.0
719,1377661623,395.0
719,1377661628,401.0
719,1377661633,401.0
719,1377661638,401.0
719,1377661643,401.0
719,1377661648,398.0
719,1377661653,391.0
719,1377661658,396.0
719,1377661663,398.0
719,1377661668,395.0
719,1377661673,403.0
719,1377661678,398.0
719,1377661683,401.0
719,1377661688,400.0
719,1377661693,401.0
719,1377661698,397.0
719,1377661703,401.0
719,1377661708,402.0
719,1377661713,398.0
719,1377661718,403.0
719,1377661723,401.0
719,1377661728,397.0
719,1377661733,400.0
719,1377661738,391.0
719,1377661743,383.0
719,1377661748,385.0
719,1377661753,398.0
719,1377661758,390.0
719,1377661763,390.0
719,1377661768,390.0
719,1377661773,391.0
719,1377661778,387.0
719,1377661783,387.0
719,1377661788,392.0
719,1377661793,390.0
719,1377661798,385.0
719,1377661803,383.0
719,1377661808,383.0
719,1377661813,388.0
719,1377661818,388.0
719,1377661823,398.0
719,1377661828,396.0
719,1377661833,403.0
719,1377661838,397.0
719,1377661843,391.0
719,1377661848,391.0
719,1377661853,392.0
719,1377661858,391.0
719,1377661863,396.0
719,1377661868,391.0
719,1377661873,393.0
719,1377661878,391.0
719,1377661883,398.0
719,1377661888,395.0
719,1377661893,391.0
719,1377661898,396.0
719,1377661903,388.0
719,1377661908,390.0
719,1377661913,390.0
719,1377661918,393.0
719,1377661923,395.0
719,1377661928,395.0
719,1377661933,396.0
719,1377661938,390.0
719,1377661943,387.0
719,1377661948,382.0
719,1377661953,380.0
719,1377661958,385.0
719,1377661963,382.0
719,1377661968,383.0
719,1377661973,385.0
719,1377661978,392.0
719,1377661983,393.0
719,1377661988,393.0
719,1377661993,396.0
719,1377661998,395.0
719,1377662003,396.0
719,1377662008,398.0
719,1377662013,387.0
719,1377662018,383.0
719,1377662023,392.0
719,1377662028,392.0
719,1377662033,393.0
719,1377662038,401.0
719,1377662043,404.0
719,1377662048,403.0
719,1377662053,403.0
719,1377662058,406.0
719,1377662063,398.0
719,1377662068,400.0
719,1377662073,398.0
719,1377662078,393.0
719,1377662083,387.0
719,1377662088,387.0
719,1377662093,390.0
719,1377662098,393.0
719,1377662103,400.0
719,1377662108,403.0
719,1377662113,403.0
719,1377662118,404.0
719,1377662123,401.0
719,1377662128,401.0
719,1377662133,397.0
719,1377662138,395.0
719,1377662143,393.0
719,1377662148,396.0
719,1377662153,392.0
719,1377662158,398.0
719,1377662163,390.0
719,1377662168,398.0
719,1377662173,398.0
719,1377662178,396.0
719,1377662183,391.0
719,1377662188,396.0
719,1377662193,395.0
719,1377662198,391.0
719,1377662203,390.0
719,1377662208,387.0
719,1377662213,383.0
719,1377662218,389.0
719,1377662223,391.0
719,1377662228,398.0
719,1377662233,403.0
719,1377662238,398.0
719,1377662243,398.0
719,1377662248,401.0
719,1377662253,406.0
719,1377662258,404.0
719,1377662263,409.0
719,1377662268,408.0
719,1377662273,403.0
719,1377662278,398.0
719,1377662283,401.0
719,1377662288,396.0
719,1377662293,398.0
719,1377662298,398.0
719,1377662303,398.0
719,1377662308,398.0
719,1377662313,396.0
719,1377662318,395.0
719,1377662323,398.0
719,1377662328,391.0
719,1377662333,391.0
719,1377662338,396.0
719,1377662343,391.0
719,1377662348,396.0
719,1377662353,398.0
719,1377662358,397.0
719,1377662363,393.0
719,1377662368,396.0
719,1377662373,393.0
719,1377662378,391.0
719,1377662383,390.0
719,1377662388,394.0
719,1377662393,398.0
719,1377662398,398.0
719,1377662403,395.0
719,1377662408,396.0
719,1377662413,393.0
719,1377662418,393.0
719,1377662423,390.0
719,1377662428,392.0
719,1377662433,390.0
719,1377662438,398.0
719,1377662443,393.0
719,1377662448,398.0
719,1377662453,395.0
719,1377662458,391.0
719,1377662463,392.0
719,1377662468,392.0
719,1377662473,388.0
719,1377662478,384.0
719,1377662483,383.0
719,1377662488,388.0
719,1377662493,392.0
719,1377662498,391.0
719,1377662503,391.0
719,1377662508,396.0
719,1377662513,393.0
719,1377662518,383.0
719,1377662523,392.0
719,1377662528,390.0
719,1377662533,383.0
719,1377662538,385.0
719,1377662543,393.0
719,1377662548,393.0
719,1377662553,393.0
719,1377662558,398.0
719,1377662563,401.0
719,1377662568,400.0
719,1377662573,406.0
719,1377662578,403.0
719,1377662583,399.0
719,1377662588,398.0
719,1377662593,403.0
719,1377662598,396.0
719,1377662603,390.0
719,1377662608,391.0
719,1377662613,391.0
719,1377662618,391.0
719,1377662623,391.0
719,1377662628,393.0
719,1377662633,396.0
719,1377662638,396.0
719,1377662643,398.0
719,1377662648,393.0
719,1377662653,396.0
719,1377662658,396.0
719,1377662663,390.0
719,1377662668,398.0
719,1377662673,388.0
719,1377662678,390.0
719,1377662683,388.0
719,1377662688,388.0
719,1377662693,383.0
719,1377662698,393.0
719,1377662703,398.0
719,1377662708,393.0
719,1377662713,393.0
719,1377662718,398.0
719,1377662723,391.0
719,1377662728,403.0
719,1377662733,404.0
719,1377662738,404.0
719,1377662743,408.0
719,1377662748,397.0
719,1377662753,397.0
719,1377662758,391.0
719,1377662763,393.0
719,1377662768,396.0
719,1377662773,398.0
719,1377662778,398.0
719,1377662783,388.0
719,1377662788,385.0
719,1377662793,380.0
719,1377662798,375.0
719,1377662803,382.0
719,1377662808,382.0
719,1377662813,383.0
719,1377662818,385.0
719,1377662823,391.0
719,1377662828,392.0
719,1377662833,391.0
719,1377662838,395.0
719,1377662843,397.0
719,1377662848,402.0
719,1377662853,401.0
719,1377662858,403.0
719,1377662863,397.0
719,1377662868,398.0
719,1377662873,390.0
719,1377662878,390.0
719,1377662883,396.0
719,1377662888,395.0
719,1377662893,398.0
719,1377662898,398.0
719,1377662903,388.0
719,1377662908,387.0
719,1377662913,392.0
719,1377662918,396.0
719,1377662923,398.0
719,1377662928,400.0
719,1377662933,396.0
719,1377662938,393.0
719,1377662943,396.0
719,1377662948,396.0
719,1377662953,393.0
719,1377662958,391.0
719,1377662963,396.0
719,1377662968,396.0
719,1377662973,393.0
719,1377662978,392.0
719,1377662983,390.0
719,1377662988,390.0
719,1377662993,390.0
719,1377662998,400.0
719,1377663003,399.0
719,1377663008,400.0
719,1377663013,396.0
719,1377663018,393.0
719,1377663023,393.0
719,1377663028,393.0
719,1377663033,391.0
719,1377663038,391.0
719,1377663043,392.0
719,1377663048,388.0
719,1377663053,388.0
719,1377663058,392.0
719,1377663063,396.0
719,1377663068,401.0
719,1377663073,399.0
719,1377663078,403.0
719,1377663083,403.0
719,1377663088,406.0
719,1377663093,398.0
719,1377663098,400.0
719,1377663103,393.0
719,1377663108,387.0
719,1377663113,387.0
719,1377663118,390.0
719,1377663123,383.0
719,1377663128,392.0
719,1377663133,392.0
719,1377663138,393.0
719,1377663143,396.0
719,1377663148,396.0
719,1377663153,396.0
719,1377663158,398.0
719,1377663163,396.0
719,1377663168,401.0
719,1377663173,395.0
719,1377663178,398.0
719,1377663183,400.0
719,1377663188,397.0
719,1377663193,398.0
719,1377663198,403.0
719,1377663203,406.0
719,1377663208,398.0
719,1377663213,393.0
719,1377663218,393.0
719,1377663223,392.0
719,1377663228,390.0
719,1377663233,393.0
719,1377663238,396.0
719,1377663243,397.0
719,1377663248,393.0
719,1377663253,391.0
719,1377663258,393.0
719,1377663263,393.0
719,1377663268,388.0
719,1377663273,393.0
719,1377663278,398.0
719,1377663283,391.0
719,1377663288,396.0
719,1377663293,393.0
719,1377663298,398.0
719,1377663303,402.0
719,1377663308,401.0
719,1377663313,401.0
719,1377663318,398.0
719,1377663323,398.0
719,1377663328,403.0
719,1377663333,399.0
719,1377663338,408.0
719,1377663343,406.0
719,1377663348,406.0
719,1377663353,401.0
719,1377663358,400.0
719,1377663363,393.0
719,1377663368,396.0
719,1377663373,395.0
719,1377663378,401.0
719,1377663383,401.0
719,1377663388,414.0
719,1377663393,398.0
719,1377663398,397.0
719,1377663403,396.0
719,1377663408,391.0
719,1377663413,393.0
719,1377663418,394.0
719,1377663423,391.0
719,1377663428,391.0
719,1377663433,390.0
719,1377663438,392.0
719,1377663443,391.0
719,1377663448,396.0
719,1377663453,396.0
719,1377663458,401.0
719,1377663463,398.0
719,1377663468,396.0
719,1377663473,398.0
719,1377663478,396.0
719,1377663483,395.0
719,1377663488,396.0
719,1377663493,401.0
719,1377663498,397.0
719,1377663503,406.0
719,1377663508,406.0
719,1377663513,408.0
719,1377663518,409.0
719,1377663523,411.0
719,1377663528,413.0
719,1377663533,411.0
719,1377663538,407.0
719,1377663543,401.0
719,1377663548,398.0
719,1377663553,396.0
719,1377663558,396.0
719,1377663563,393.0
719,1377663568,396.0
719,1377663573,393.0
719,1377663578,395.0
719,1377663583,396.0
719,1377663588,396.0
719,1377663593,393.0
719,1377663598,396.0
719,1377663603,396.0
719,1377663608,395.0
719,1377663613,393.0
719,1377663618,387.0
719,1377663623,384.0
719,1377663628,390.0
719,1377663633,385.0
719,1377663638,390.0
719,1377663643,392.0
719,1377663648,395.0
719,1377663653,396.0
719,1377663658,398.0
719,1377663663,391.0
719,1377663668,395.0
719,1377663673,397.0
719,1377663678,397.0
719,1377663683,401.0
719,1377663688,401.0
719,1377663693,401.0
719,1377663698,396.0
719,1377663703,398.0
719,1377663708,392.0
719,1377663713,387.0
719,1377663718,390.0
719,1377663723,393.0
719,1377663728,390.0
719,1377663733,393.0
719,1377663738,391.0
719,1377663743,396.0
719,1377663748,396.0
719,1377663753,397.0
719,1377663758,395.0
719,1377663763,399.0
719,1377663768,406.0
719,1377663773,406.0
719,1377663778,396.0
719,1377663783,397.0
719,1377663788,392.0
719,1377663793,389.0
719,1377663798,391.0
719,1377663803,390.0
719,1377663808,391.0
719,1377663813,387.0
719,1377663818,392.0
719,1377663823,393.0
719,1377663828,393.0
719,1377663833,396.0
719,1377663838,393.0
719,1377663843,395.0
719,1377663848,396.0
719,1377663853,398.0
719,1377663858,393.0
719,1377663863,393.0
719,1377663868,396.0
719,1377663873,398.0
719,1377663878,391.0
719,1377663883,391.0
719,1377663888,393.0
719,1377663893,396.0
719,1377663898,398.0
719,1377663903,393.0
719,1377663908,396.0
719,1377663913,388.0
719,1377663918,385.0
719,1377663923,385.0
719,1377663928,387.0
719,1377663933,390.0
719,1377663938,390.0
719,1377663943,383.0
719,1377663948,385.0
719,1377663953,383.0
719,1377663958,385.0
719,1377663963,387.0
719,1377663968,388.0
719,1377663973,390.0
719,1377663978,396.0
719,1377663983,398.0
719,1377663988,401.0
719,1377663993,395.0
719,1377663998,396.0
719,1377664003,393.0
719,1377664008,392.0
719,1377664013,398.0
719,1377664018,390.0
719,1377664023,392.0
719,1377664028,388.0
719,1377664033,398.0
719,1377664038,388.0
719,1377664043,385.0
719,1377664048,385.0
719,1377664053,390.0
719,1377664058,383.0
719,1377664063,388.0
719,1377664068,383.0
719,1377664073,391.0
719,1377664078,397.0
719,1377664083,403.0
719,1377664088,401.0
719,1377664093,401.0
719,1377664098,397.0
719,1377664103,395.0
719,1377664108,395.0
719,1377664113,398.0
719,1377664118,400.0
719,1377664123,396.0
719,1377664128,391.0
719,1377664133,385.0
719,1377664138,388.0
719,1377664143,384.0
719,1377664148,385.0
719,1377664153,393.0
719,1377664158,398.0
719,1377664163,403.0
719,1377664168,398.0
719,1377664173,397.0
719,1377664178,401.0
719,1377664183,396.0
719,1377664188,396.0
719,1377664193,396.0
719,1377664198,395.0
719,1377664203,391.0
719,1377664208,398.0
719,1377664213,393.0
719,1377664218,390.0
719,1377664223,393.0
719,1377664228,390.0
719,1377664233,392.0
719,1377664238,393.0
719,1377664243,398.0
719,1377664248,390.0
719,1377664253,390.0
719,1377664258,384.0
719,1377664263,385.0
719,1377664268,387.0
719,1377664273,390.0
719,1377664278,392.0
719,1377664283,393.0
719,1377664288,383.0
719,1377664293,383.0
719,1377664298,388.0
719,1377664303,392.0
719,1377664308,393.0
719,1377664313,393.0
719,1377664318,401.0
719,1377664323,398.0
719,1377664328,401.0
719,1377664333,396.0
719,1377664338,391.0
719,1377664343,391.0
719,1377664348,391.0
719,1377664353,390.0
719,1377664358,393.0
719,1377664363,392.0
719,1377664368,398.0
719,1377664373,396.0
719,1377664378,396.0
719,1377664383,401.0
719,1377664388,398.0
719,1377664393,397.0
719,1377664398,398.0
719,1377664403,391.0
719,1377664408,395.0
719,1377664413,391.0
719,1377664418,392.0
719,1377664423,392.0
719,1377664428,393.0
719,1377664433,395.0
719,1377664438,402.0
719,1377664443,401.0
719,1377664448,397.0
719,1377664453,397.0
719,1377664458,397.0
719,1377664463,396.0
719,1377664468,396.0
719,1377664473,400.0
719,1377664478,398.0
719,1377664483,385.0
719,1377664488,383.0
719,1377664493,385.0
719,1377664498,393.0
719,1377664503,397.0
719,1377664508,401.0
719,1377664513,403.0
719,1377664518,397.0
719,1377664523,398.0
719,1377664528,401.0
719,1377664533,401.0
719,1377664538,398.0
719,1377664543,393.0
719,1377664548,396.0
719,1377664553,390.0
719,1377664558,390.0
719,1377664563,390.0
719,1377664568,395.0
719,1377664573,400.0
719,1377664578,399.0
719,1377664583,401.0
719,1377664588,397.0
719,1377664593,406.0
719,1377664598,395.0
719,1377664603,396.0
719,1377664608,395.0
719,1377664613,390.0
719,1377664618,388.0
719,1377664623,381.0
719,1377664628,384.0
719,1377664633,384.0
719,1377664638,390.0
719,1377664643,396.0
719,1377664648,403.0
719,1377664653,402.0
719,1377664658,406.0
719,1377664663,398.0
719,1377664668,396.0
719,1377664673,396.0
719,1377664678,391.0
719,1377664683,398.0
719,1377664688,396.0
719,1377664693,398.0
719,1377664698,390.0
719,1377664703,387.0
719,1377664708,392.0
719,1377664713,390.0
719,1377664718,396.0
719,1377664723,393.0
719,1377664728,390.0
719,1377664733,387.0
719,1377664738,390.0
719,1377664743,392.0
719,1377664748,383.0
719,1377664753,383.0
719,1377664758,390.0
719,1377664763,392.0
719,1377664768,398.0
719,1377664773,406.0
719,1377664778,402.0
719,1377664783,409.0
719,1377664788,404.0
719,1377664793,404.0
719,1377664798,401.0
719,1377664803,400.0
719,1377664808,392.0
719,1377664813,387.0
719,1377664818,388.0
719,1377664823,388.0
719,1377664828,390.0
719,1377664833,392.0
719,1377664838,391.0
719,1377664843,392.0
719,1377664848,394.0
719,1377664853,398.0
719,1377664858,393.0
719,1377664863,391.0
719,1377664868,391.0
719,1377664873,387.0
719,1377664878,390.0
719,1377664883,384.0
719,1377664888,382.0
719,1377664893,383.0
719,1377664898,383.0
719,1377664903,388.0
719,1377664908,391.0
719,1377664913,391.0
719,1377664918,396.0
719,1377664923,398.0
719,1377664928,403.0
719,1377664933,398.0
719,1377664938,391.0
719,1377664943,391.0
719,1377664948,391.0
719,1377664953,390.0
719,1377664958,392.0
719,1377664963,390.0
719,1377664968,391.0
719,1377664973,391.0
719,1377664978,392.0
719,1377664983,392.0
719,1377664988,390.0
719,1377664993,385.0
719,1377664998,392.0
719,1377665003,390.0
719,1377665008,393.0
719,1377665013,391.0
719,1377665018,391.0
719,1377665023,391.0
719,1377665028,392.0
719,1377665033,396.0
719,1377665038,396.0
719,1377665043,391.0
719,1377665048,397.0
719,1377665053,401.0
719,1377665058,398.0
719,1377665063,398.0
719,1377665068,396.0
719,1377665073,388.0
719,1377665078,384.0
719,1377665083,382.0
719,1377665088,388.0
719,1377665093,391.0
719,1377665098,395.0
719,1377665103,396.0
719,1377665108,398.0
719,1377665113,395.0
719,1377665118,398.0
719,1377665123,393.0
719,1377665128,393.0
719,1377665133,396.0
719,1377665138,396.0
719,1377665143,385.0
719,1377665148,390.0
719,1377665153,382.0
719,1377665158,388.0
719,1377665163,385.0
719,1377665168,383.0
719,1377665173,388.0
719,1377665178,388.0
719,1377665183,390.0
719,1377665188,396.0
719,1377665193,396.0
719,1377665198,397.0
719,1377665203,401.0
719,1377665208,399.0
719,1377665213,403.0
719,1377665218,397.0
719,1377665223,398.0
719,1377665228,397.0
719,1377665233,401.0
719,1377665238,398.0
719,1377665243,401.0
719,1377665248,391.0
719,1377665253,393.0
719,1377665258,393.0
719,1377665263,393.0
719,1377665268,390.0
719,1377665273,400.0
719,1377665278,398.0
719,1377665283,401.0
719,1377665288,402.0
719,1377665293,393.0
719,1377665298,396.0
719,1377665303,391.0
719,1377665308,398.0
719,1377665313,395.0
719,1377665318,393.0
719,1377665323,393.0
719,1377665328,393.0
719,1377665333,401.0
719,1377665338,397.0
719,1377665343,404.0
719,1377665348,397.0
719,1377665353,398.0
719,1377665358,393.0
719,1377665363,390.0
719,1377665368,390.0
719,1377665373,392.0
719,1377665378,396.0
719,1377665383,398.0
719,1377665388,398.0
719,1377665393,393.0
719,1377665398,392.0
719,1377665403,385.0
719,1377665408,392.0
719,1377665413,390.0
719,1377665418,396.0
719,1377665423,397.0
719,1377665428,399.0
719,1377665433,404.0
719,1377665438,403.0
719,1377665443,401.0
719,1377665448,402.0
719,1377665453,396.0
719,1377665458,391.0
719,1377665463,390.0
719,1377665468,390.0
719,1377665473,387.0
719,1377665478,390.0
719,1377665483,382.0
719,1377665488,387.0
719,1377665493,398.0
719,1377665498,398.0
719,1377665503,401.0
719,1377665508,396.0
719,1377665513,391.0
719,1377665518,390.0
719,1377665523,393.0
719,1377665528,392.0
719,1377665533,398.0
719,1377665538,398.0
719,1377665543,393.0
719,1377665548,396.0
719,1377665553,393.0
719,1377665558,391.0
719,1377665563,391.0
719,1377665568,391.0
719,1377665573,398.0
719,1377665578,393.0
719,1377665583,393.0
719,1377665588,397.0
719,1377665593,404.0
719,1377665598,408.0
719,1377665603,404.0
719,1377665608,401.0
719,1377665613,404.0
719,1377665618,408.0
719,1377665623,403.0
719,1377665628,404.0
719,1377665633,401.0
719,1377665638,391.0
719,1377665643,388.0
719,1377665648,385.0
719,1377665653,385.0
719,1377665658,385.0
719,1377665663,382.0
719,1377665668,382.0
719,1377665673,382.0
719,1377665678,388.0
719,1377665683,396.0
719,1377665688,395.0
719,1377665693,400.0
719,1377665698,398.0
719,1377665703,395.0
719,1377665708,397.0
719,1377665713,397.0
719,1377665718,398.0
719,1377665723,398.0
719,1377665728,398.0
719,1377665733,383.0
719,1377665738,388.0
719,1377665743,388.0
719,1377665748,390.0
719,1377665753,396.0
719,1377665758,401.0
719,1377665763,402.0
719,1377665768,401.0
719,1377665773,401.0
719,1377665778,397.0
719,1377665783,401.0
719,1377665788,391.0
719,1377665793,393.0
719,1377665798,383.0
719,1377665803,385.0
719,1377665808,382.0
719,1377665813,382.0
719,1377665818,377.0
719,1377665823,375.0
719,1377665828,387.0
719,1377665833,392.0
719,1377665838,391.0
719,1377665843,391.0
719,1377665848,393.0
719,1377665853,392.0
719,1377665858,390.0
719,1377665863,385.0
719,1377665868,385.0
719,1377665873,390.0
719,1377665878,393.0
719,1377665883,400.0
719,1377665888,401.0
719,1377665893,398.0
719,1377665898,403.0
719,1377665903,406.0
719,1377665908,398.0
719,1377665913,401.0
719,1377665918,408.0
719,1377665923,401.0
719,1377665928,396.0
719,1377665933,401.0
719,1377665938,401.0
719,1377665943,401.0
719,1377665948,402.0
719,1377665953,398.0
719,1377665958,397.0
719,1377665963,401.0
719,1377665968,398.0
719,1377665973,402.0
719,1377665978,401.0
719,1377665983,398.0
719,1377665988,400.0
719,1377665993,396.0
719,1377665998,398.0
719,1377666003,390.0
719,1377666008,385.0
719,1377666013,391.0
719,1377666018,398.0
719,1377666023,391.0
719,1377666028,395.0
719,1377666033,395.0
719,1377666038,398.0
719,1377666043,395.0
719,1377666048,398.0
719,1377666053,391.0
719,1377666058,397.0
719,1377666063,403.0
719,1377666068,406.0
719,1377666073,406.0
719,1377666078,404.0
719,1377666083,401.0
719,1377666088,391.0
719,1377666093,391.0
719,1377666098,392.0
719,1377666103,385.0
719,1377666108,383.0
719,1377666113,382.0
719,1377666118,385.0
719,1377666123,392.0
719,1377666128,392.0
719,1377666133,395.0
719,1377666138,401.0
719,1377666143,398.0
719,1377666148,401.0
719,1377666153,399.0
719,1377666158,400.0
719,1377666163,393.0
719,1377666168,395.0
719,1377666173,393.0
719,1377666178,393.0
719,1377666183,391.0
719,1377666188,393.0
719,1377666193,391.0
719,1377666198,396.0
719,1377666203,397.0
719,1377666208,397.0
719,1377666213,398.0
719,1377666218,406.0
719,1377666223,396.0
719,1377666228,392.0
719,1377666233,398.0
719,1377666238,390.0
719,1377666243,388.0
719,1377666248,396.0
719,1377666253,400.0
719,1377666258,397.0
719,1377666263,401.0
719,1377666268,402.0
719,1377666273,403.0
719,1377666278,397.0
719,1377666283,402.0
719,1377666288,390.0
719,1377666293,392.0
719,1377666298,392.0
719,1377666303,391.0
719,1377666308,401.0
719,1377666313,395.0
719,1377666318,393.0
719,1377666323,383.0
719,1377666328,387.0
719,1377666333,393.0
719,1377666338,396.0
719,1377666343,396.0
719,1377666348,401.0
719,1377666353,402.0
719,1377666358,404.0
719,1377666363,403.0
719,1377666368,398.0
719,1377666373,396.0
719,1377666378,395.0
719,1377666383,396.0
719,1377666388,396.0
719,1377666393,387.0
719,1377666398,398.0
719,1377666403,388.0
719,1377666408,396.0
719,1377666413,392.0
719,1377666418,393.0
719,1377666423,383.0
719,1377666428,390.0
719,1377666433,391.0
719,1377666438,398.0
719,1377666443,393.0
719,1377666448,396.0
719,1377666453,398.0
719,1377666458,391.0
719,1377666463,391.0
719,1377666468,393.0
719,1377666473,393.0
719,1377666478,398.0
719,1377666483,396.0
719,1377666488,400.0
719,1377666493,397.0
719,1377666498,396.0
719,1377666503,391.0
719,1377666508,390.0
719,1377666513,392.0
719,1377666518,390.0
719,1377666523,396.0
719,1377666528,398.0
719,1377666533,401.0
719,1377666538,391.0
719,1377666543,396.0
719,1377666548,388.0
719,1377666553,392.0
719,1377666558,398.0
719,1377666563,398.0
719,1377666568,398.0
719,1377666573,395.0
719,1377666578,398.0
719,1377666583,391.0
719,1377666588,393.0
719,1377666593,398.0
719,1377666598,398.0
719,1377666603,398.0
719,1377666608,395.0
719,1377666613,393.0
719,1377666618,392.0
719,1377666623,390.0
719,1377666628,398.0
719,1377666633,396.0
719,1377666638,397.0
719,1377666643,401.0
719,1377666648,400.0
719,1377666653,396.0
719,1377666658,391.0
719,1377666663,393.0
719,1377666668,396.0
719,1377666673,392.0
719,1377666678,387.0
719,1377666683,396.0
719,1377666688,396.0
719,1377666693,398.0
719,1377666698,398.0
719,1377666703,401.0
719,1377666708,398.0
719,1377666713,391.0
719,1377666718,388.0
719,1377666723,388.0
719,1377666728,392.0
719,1377666733,390.0
719,1377666738,393.0
719,1377666743,398.0
719,1377666748,395.0
719,1377666753,397.0
719,1377666758,401.0
719,1377666763,401.0
719,1377666768,397.0
719,1377666773,398.0
719,1377666778,398.0
719,1377666783,404.0
719,1377666788,397.0
719,1377666793,404.0
719,1377666798,398.0
719,1377666803,401.0
719,1377666808,391.0
719,1377666813,398.0
719,1377666818,395.0
719,1377666823,393.0
719,1377666828,391.0
719,1377666833,387.0
719,1377666838,388.0
719,1377666843,383.0
719,1377666848,390.0
719,1377666853,398.0
719,1377666858,400.0
719,1377666863,397.0
719,1377666868,398.0
719,1377666873,396.0
719,1377666878,393.0
719,1377666883,383.0
719,1377666888,388.0
719,1377666893,393.0
719,1377666898,391.0
719,1377666903,401.0
719,1377666908,403.0
719,1377666913,402.0
719,1377666918,401.0
719,1377666923,398.0
719,1377666928,395.0
719,1377666933,396.0
719,1377666938,391.0
719,1377666943,396.0
719,1377666948,396.0
719,1377666953,391.0
719,1377666958,396.0
719,1377666963,393.0
719,1377666968,396.0
719,1377666973,395.0
719,1377666978,398.0
719,1377666983,401.0
719,1377666988,397.0
719,1377666993,393.0
719,1377666998,390.0
719,1377667003,395.0
719,1377667008,392.0
719,1377667013,388.0
719,1377667018,383.0
719,1377667023,388.0
719,1377667028,388.0
719,1377667033,387.0
719,1377667038,383.0
719,1377667043,387.0
719,1377667048,388.0
719,1377667053,390.0
719,1377667058,393.0
719,1377667063,399.0
719,1377667068,398.0
719,1377667073,397.0
719,1377667078,396.0
719,1377667083,388.0
719,1377667088,383.0
719,1377667093,387.0
719,1377667098,383.0
719,1377667103,393.0
719,1377667108,395.0
719,1377667113,396.0
719,1377667118,392.0
719,1377667123,396.0
719,1377667128,391.0
719,1377667133,398.0
719,1377667138,396.0
719,1377667143,396.0
719,1377667148,393.0
719,1377667153,396.0
719,1377667158,398.0
719,1377667163,396.0
719,1377667168,400.0
719,1377667173,398.0
719,1377667178,400.0
719,1377667183,396.0
719,1377667188,396.0
719,1377667193,396.0
719,1377667198,396.0
719,1377667203,398.0
719,1377667208,400.0
719,1377667213,395.0
719,1377667218,392.0
719,1377667223,393.0
719,1377667228,393.0
719,1377667233,396.0
719,1377667238,390.0
719,1377667243,385.0
719,1377667248,382.0
719,1377667253,384.0
719,1377667258,383.0
719,1377667263,383.0
719,1377667268,385.0
719,1377667273,385.0
719,1377667278,385.0
719,1377667283,382.0
719,1377667288,387.0
719,1377667293,390.0
719,1377667298,390.0
719,1377667303,383.0
719,1377667308,383.0
719,1377667313,387.0
719,1377667318,393.0
719,1377667323,391.0
719,1377667328,401.0
719,1377667333,401.0
719,1377667338,398.0
719,1377667343,408.0
719,1377667348,409.0
719,1377667353,406.0
719,1377667358,403.0
719,1377667363,403.0
719,1377667368,401.0
719,1377667373,391.0
719,1377667378,391.0
719,1377667383,391.0
719,1377667388,406.0
719,1377667393,403.0
719,1377667398,399.0
719,1377667403,401.0
719,1377667408,403.0
719,1377667413,398.0
719,1377667418,408.0
719,1377667423,404.0
719,1377667428,397.0
719,1377667433,398.0
719,1377667438,388.0
719,1377667443,392.0
719,1377667448,390.0
719,1377667453,393.0
719,1377667458,398.0
719,1377667463,397.0
719,1377667468,400.0
719,1377667473,396.0
719,1377667478,391.0
719,1377667483,391.0
719,1377667488,391.0
719,1377667493,396.0
719,1377667498,391.0
719,1377667503,393.0
719,1377667508,391.0
719,1377667513,396.0
719,1377667518,390.0
719,1377667523,392.0
719,1377667528,387.0
719,1377667533,396.0
719,1377667538,385.0
719,1377667543,390.0
719,1377667548,383.0
719,1377667553,392.0
719,1377667558,391.0
719,1377667563,391.0
719,1377667568,393.0
719,1377667573,391.0
719,1377667578,392.0
719,1377667583,392.0
719,1377667588,385.0
719,1377667593,390.0
719,1377667598,387.0
719,1377667603,392.0
719,1377667608,390.0
719,1377667613,395.0
719,1377667618,401.0
719,1377667623,399.0
719,1377667628,404.0
719,1377667633,401.0
719,1377667638,398.0
719,1377667643,392.0
719,1377667648,388.0
719,1377667653,380.0
719,1377667658,382.0
719,1377667663,382.0
719,1377667668,383.0
719,1377667673,382.0
719,1377667678,374.0
719,1377667683,384.0
719,1377667688,387.0
719,1377667693,392.0
719,1377667698,390.0
719,1377667703,395.0
719,1377667708,398.0
719,1377667713,401.0
719,1377667718,397.0
719,1377667723,396.0
719,1377667728,387.0
719,1377667733,393.0
719,1377667738,393.0
719,1377667743,402.0
719,1377667748,406.0
719,1377667753,408.0
719,1377667758,397.0
719,1377667763,397.0
719,1377667768,400.0
719,1377667773,397.0
719,1377667778,401.0
719,1377667783,397.0
719,1377667788,390.0
719,1377667793,396.0
719,1377667798,388.0
719,1377667803,388.0
719,1377667808,392.0
719,1377667813,392.0
719,1377667818,393.0
719,1377667823,393.0
719,1377667828,388.0
719,1377667833,388.0
719,1377667838,383.0
719,1377667843,382.0
719,1377667848,384.0
719,1377667853,387.0
719,1377667858,388.0
719,1377667863,383.0
719,1377667868,390.0
719,1377667873,390.0
719,1377667878,396.0
719,1377667883,396.0
719,1377667888,393.0
719,1377667893,391.0
719,1377667898,397.0
719,1377667903,391.0
719,1377667908,393.0
719,1377667913,391.0
719,1377667918,393.0
719,1377667923,398.0
719,1377667928,398.0
719,1377667933,403.0
719,1377667938,403.0
719,1377667943,403.0
719,1377667948,403.0
719,1377667953,391.0
719,1377667958,393.0
719,1377667963,393.0
719,1377667968,391.0
719,1377667973,398.0
719,1377667978,398.0
719,1377667983,401.0
719,1377667988,391.0
719,1377667993,395.0
719,1377667998,395.0
719,1377668003,391.0
719,1377668008,395.0
719,1377668013,391.0
719,1377668018,396.0
719,1377668023,390.0
719,1377668028,398.0
719,1377668033,400.0
719,1377668038,397.0
719,1377668043,406.0
719,1377668048,401.0
719,1377668053,403.0
719,1377668058,403.0
719,1377668063,398.0
719,1377668068,401.0
719,1377668073,401.0
719,1377668078,391.0
719,1377668083,392.0
719,1377668088,383.0
719,1377668093,388.0
719,1377668098,384.0
719,1377668103,381.0
719,1377668108,383.0
719,1377668113,393.0
719,1377668118,391.0
719,1377668123,401.0
719,1377668128,401.0
719,1377668133,398.0
719,1377668138,404.0
719,1377668143,398.0
719,1377668148,395.0
719,1377668153,395.0
719,1377668158,402.0
719,1377668163,396.0
719,1377668168,398.0
719,1377668173,391.0
719,1377668178,395.0
719,1377668183,392.0
719,1377668188,387.0
719,1377668193,388.0
719,1377668198,384.0
719,1377668203,384.0
719,1377668208,385.0
719,1377668213,392.0
719,1377668218,391.0
719,1377668223,395.0
719,1377668228,396.0
719,1377668233,396.0
719,1377668238,395.0
719,1377668243,403.0
719,1377668248,412.0
719,1377668253,411.0
719,1377668258,412.0
719,1377668263,412.0
719,1377668268,398.0
719,1377668273,398.0
719,1377668278,385.0
719,1377668283,383.0
719,1377668288,392.0
719,1377668293,398.0
719,1377668298,398.0
719,1377668303,403.0
719,1377668308,401.0
719,1377668313,403.0
719,1377668318,399.0
719,1377668323,404.0
719,1377668328,396.0
719,1377668333,400.0
719,1377668338,396.0
719,1377668343,401.0
719,1377668348,401.0
719,1377668353,398.0
719,1377668358,396.0
719,1377668363,401.0
719,1377668368,396.0
719,1377668373,396.0
719,1377668378,400.0
719,1377668383,400.0
719,1377668388,398.0
719,1377668393,396.0
719,1377668398,403.0
719,1377668403,399.0
719,1377668408,406.0
719,1377668413,406.0
719,1377668418,404.0
719,1377668423,396.0
719,1377668428,391.0
719,1377668433,390.0
719,1377668438,392.0
719,1377668443,390.0
719,1377668448,392.0
719,1377668453,392.0
719,1377668458,400.0
719,1377668463,398.0
719,1377668468,404.0
719,1377668473,403.0
719,1377668478,401.0
719,1377668483,403.0
719,1377668488,404.0
719,1377668493,399.0
719,1377668498,396.0
719,1377668503,393.0
719,1377668508,393.0
719,1377668513,391.0
719,1377668518,390.0
719,1377668523,393.0
719,1377668528,392.0
719,1377668533,396.0
719,1377668538,396.0
719,1377668543,403.0
719,1377668548,412.0
719,1377668553,418.0
719,1377668558,409.0
719,1377668563,409.0
719,1377668568,406.0
719,1377668573,401.0
719,1377668578,403.0
719,1377668583,399.0
719,1377668588,401.0
719,1377668593,404.0
719,1377668598,401.0
719,1377668603,402.0
719,1377668608,406.0
719,1377668613,404.0
719,1377668618,404.0
719,1377668623,401.0
719,1377668628,398.0
719,1377668633,392.0
719,1377668638,390.0
719,1377668643,398.0
719,1377668648,401.0
719,1377668653,398.0
719,1377668658,404.0
719,1377668663,404.0
719,1377668668,398.0
719,1377668673,393.0
719,1377668678,398.0
719,1377668683,391.0
719,1377668688,391.0
719,1377668693,395.0
719,1377668698,401.0
719,1377668703,400.0
719,1377668708,401.0
719,1377668713,398.0
719,1377668718,406.0
719,1377668723,408.0
719,1377668728,406.0
719,1377668733,403.0
719,1377668738,401.0
719,1377668743,400.0
719,1377668748,400.0
719,1377668753,401.0
719,1377668758,393.0
719,1377668763,399.0
719,1377668768,393.0
719,1377668773,396.0
719,1377668778,395.0
719,1377668783,391.0
719,1377668788,398.0
719,1377668793,401.0
719,1377668798,400.0
719,1377668803,401.0
719,1377668808,400.0
719,1377668813,396.0
719,1377668818,396.0
719,1377668823,395.0
719,1377668828,403.0
719,1377668833,404.0
719,1377668838,407.0
719,1377668843,401.0
719,1377668848,398.0
719,1377668853,393.0
719,1377668858,390.0
719,1377668863,390.0
719,1377668868,388.0
719,1377668873,385.0
719,1377668878,385.0
719,1377668883,382.0
719,1377668888,385.0
719,1377668893,390.0
719,1377668898,395.0
719,1377668903,398.0
719,1377668908,408.0
719,1377668913,406.0
719,1377668918,408.0
719,1377668923,401.0
719,1377668928,398.0
719,1377668933,390.0
719,1377668938,388.0
719,1377668943,391.0
719,1377668948,393.0
719,1377668953,403.0
719,1377668958,406.0
719,1377668963,409.0
719,1377668968,407.0
719,1377668973,408.0
719,1377668978,399.0
719,1377668983,401.0
719,1377668988,402.0
719,1377668993,406.0
719,1377668998,404.0
719,1377669003,401.0
719,1377669008,395.0
719,1377669013,391.0
719,1377669018,391.0
719,1377669023,398.0
719,1377669028,393.0
719,1377669033,397.0
719,1377669038,396.0
719,1377669043,390.0
719,1377669048,398.0
719,1377669053,393.0
719,1377669058,393.0
719,1377669063,395.0
719,1377669068,392.0
719,1377669073,388.0
719,1377669078,382.0
719,1377669083,387.0
719,1377669088,387.0
719,1377669093,385.0
719,1377669098,382.0
719,1377669103,388.0
719,1377669108,388.0
719,1377669113,391.0
719,1377669118,393.0
719,1377669123,391.0
719,1377669128,398.0
719,1377669133,393.0
719,1377669138,396.0
719,1377669143,393.0
719,1377669148,393.0
719,1377669153,391.0
719,1377669158,396.0
719,1377669163,391.0
719,1377669168,406.0
719,1377669173,404.0
719,1377669178,408.0
719,1377669183,399.0
719,1377669188,401.0
719,1377669193,395.0
719,1377669198,393.0
719,1377669203,389.0
719,1377669208,385.0
719,1377669213,392.0
719,1377669218,392.0
719,1377669223,390.0
719,1377669228,387.0
719,1377669233,382.0
719,1377669238,388.0
719,1377669243,392.0
719,1377669248,391.0
719,1377669253,396.0
719,1377669258,398.0
719,1377669263,391.0
719,1377669268,390.0
719,1377669273,396.0
719,1377669278,398.0
719,1377669283,395.0
719,1377669288,393.0
719,1377669293,396.0
719,1377669298,401.0
719,1377669303,401.0
719,1377669308,402.0
719,1377669313,401.0
719,1377669318,398.0
719,1377669323,397.0
719,1377669328,404.0
719,1377669333,403.0
719,1377669338,402.0
719,1377669343,401.0
719,1377669348,391.0
719,1377669353,393.0
719,1377669358,393.0
719,1377669363,398.0
719,1377669368,397.0
719,1377669373,401.0
719,1377669378,404.0
719,1377669383,401.0
719,1377669388,404.0
719,1377669393,401.0
719,1377669398,406.0
719,1377669403,406.0
719,1377669408,406.0
719,1377669413,406.0
719,1377669418,407.0
719,1377669423,403.0
719,1377669428,399.0
719,1377669433,395.0
719,1377669438,391.0
719,1377669443,391.0
719,1377669448,392.0
719,1377669453,396.0
719,1377669458,401.0
719,1377669463,398.0
719,1377669468,397.0
719,1377669473,396.0
719,1377669478,396.0
719,1377669483,391.0
719,1377669488,398.0
719,1377669493,399.0
719,1377669498,409.0
719,1377669503,409.0
719,1377669508,408.0
719,1377669513,407.0
719,1377669518,401.0
719,1377669523,397.0
719,1377669528,395.0
719,1377669533,400.0
719,1377669538,397.0
719,1377669543,403.0
719,1377669548,401.0
719,1377669553,403.0
719,1377669558,399.0
719,1377669563,399.0
719,1377669568,402.0
719,1377669573,397.0
719,1377669578,400.0
719,1377669583,400.0
719,1377669588,395.0
719,1377669593,393.0
719,1377669598,393.0
719,1377669603,391.0
719,1377669608,396.0
719,1377669613,391.0
719,1377669618,398.0
719,1377669623,391.0
719,1377669628,393.0
719,1377669633,391.0
719,1377669638,396.0
719,1377669643,390.0
719,1377669648,396.0
719,1377669653,396.0
719,1377669658,395.0
719,1377669663,393.0
719,1377669668,398.0
719,1377669673,400.0
719,1377669678,404.0
719,1377669683,401.0
719,1377669688,398.0
719,1377669693,396.0
719,1377669698,397.0
719,1377669703,397.0
719,1377669708,398.0
719,1377669713,401.0
719,1377669718,401.0
719,1377669723,401.0
719,1377669728,395.0
719,1377669733,400.0
719,1377669738,395.0
719,1377669743,401.0
719,1377669748,400.0
719,1377669753,400.0
719,1377669758,396.0
719,1377669763,395.0
719,1377669768,395.0
719,1377669773,400.0
719,1377669778,404.0
719,1377669783,404.0
719,1377669788,406.0
719,1377669793,401.0
719,1377669798,397.0
719,1377669803,395.0
719,1377669808,392.0
719,1377669813,385.0
719,1377669818,383.0
719,1377669823,392.0
719,1377669828,393.0
719,1377669833,387.0
719,1377669838,391.0
719,1377669843,398.0
719,1377669848,398.0
719,1377669853,397.0
719,1377669858,401.0
719,1377669863,397.0
719,1377669868,390.0
719,1377669873,396.0
719,1377669878,391.0
719,1377669883,390.0
719,1377669888,391.0
719,1377669893,400.0
719,1377669898,399.0
719,1377669903,404.0
719,1377669908,403.0
719,1377669913,398.0
719,1377669918,398.0
719,1377669923,397.0
719,1377669928,401.0
719,1377669933,402.0
719,1377669938,397.0
719,1377669943,398.0
719,1377669948,395.0
719,1377669953,391.0
719,1377669958,393.0
719,1377669963,396.0
719,1377669968,391.0
719,1377669973,397.0
719,1377669978,406.0
719,1377669983,409.0
719,1377669988,409.0
719,1377669993,406.0
719,1377669998,409.0
719,1377670003,412.0
719,1377670008,406.0
719,1377670013,409.0
719,1377670018,403.0
719,1377670023,406.0
719,1377670028,404.0
719,1377670033,404.0
719,1377670038,396.0
719,1377670043,396.0
719,1377670048,390.0
719,1377670053,395.0
719,1377670058,398.0
719,1377670063,397.0
719,1377670068,406.0
719,1377670073,407.0
719,1377670078,407.0
719,1377670083,408.0
719,1377670088,403.0
719,1377670093,398.0
719,1377670098,398.0
719,1377670103,395.0
719,1377670108,390.0
719,1377670113,396.0
719,1377670118,398.0
719,1377670123,390.0
719,1377670128,393.0
719,1377670133,393.0
719,1377670138,396.0
719,1377670143,392.0
719,1377670148,396.0
719,1377670153,390.0
719,1377670158,392.0
719,1377670163,393.0
719,1377670168,395.0
719,1377670173,400.0
719,1377670178,397.0
719,1377670183,393.0
719,1377670188,396.0
719,1377670193,396.0
719,1377670198,393.0
719,1377670203,401.0
719,1377670208,399.0
719,1377670213,406.0
719,1377670218,406.0
719,1377670223,408.0
719,1377670228,406.0
719,1377670233,408.0
719,1377670238,406.0
719,1377670243,403.0
719,1377670248,398.0
719,1377670253,401.0
719,1377670258,401.0
719,1377670263,401.0
719,1377670268,406.0
719,1377670273,403.0
719,1377670278,406.0
719,1377670283,403.0
719,1377670288,398.0
719,1377670293,406.0
719,1377670298,403.0
719,1377670303,403.0
719,1377670308,398.0
719,1377670313,398.0
719,1377670318,395.0
719,1377670323,398.0
719,1377670328,396.0
719,1377670333,402.0
719,1377670338,401.0
719,1377670343,403.0
719,1377670348,403.0
719,1377670353,401.0
719,1377670358,403.0
719,1377670363,401.0
719,1377670368,397.0
719,1377670373,398.0
719,1377670378,403.0
719,1377670383,404.0
719,1377670388,408.0
719,1377670393,401.0
719,1377670398,398.0
719,1377670403,393.0
719,1377670408,393.0
719,1377670413,388.0
719,1377670418,390.0
719,1377670423,393.0
719,1377670428,395.0
719,1377670433,398.0
719,1377670438,401.0
719,1377670443,401.0
719,1377670448,397.0
719,1377670453,401.0
719,1377670458,401.0
719,1377670463,397.0
719,1377670468,398.0
719,1377670473,396.0
719,1377670478,398.0
719,1377670483,393.0
719,1377670488,397.0
719,1377670493,399.0
719,1377670498,403.0
719,1377670503,411.0
719,1377670508,408.0
719,1377670513,408.0
719,1377670518,403.0
719,1377670523,406.0
719,1377670528,403.0
719,1377670533,404.0
719,1377670538,403.0
719,1377670543,409.0
719,1377670548,412.0
719,1377670553,406.0
719,1377670558,397.0
719,1377670563,408.0
719,1377670568,404.0
719,1377670573,406.0
719,1377670578,409.0
719,1377670583,404.0
719,1377670588,397.0
719,1377670593,398.0
719,1377670598,395.0
719,1377670603,401.0
719,1377670608,402.0
719,1377670613,398.0
719,1377670618,401.0
719,1377670623,397.0
719,1377670628,400.0
719,1377670633,398.0
719,1377670638,408.0
719,1377670643,408.0
719,1377670648,407.0
719,1377670653,399.0
719,1377670658,398.0
719,1377670663,396.0
719,1377670668,393.0
719,1377670673,396.0
719,1377670678,393.0
719,1377670683,391.0
719,1377670688,397.0
719,1377670693,393.0
719,1377670698,398.0
719,1377670703,401.0
719,1377670708,401.0
719,1377670713,400.0
719,1377670718,398.0
719,1377670723,396.0
719,1377670728,402.0
719,1377670733,401.0
719,1377670738,398.0
719,1377670743,395.0
719,1377670748,396.0
719,1377670753,395.0
719,1377670758,403.0
719,1377670763,403.0
719,1377670768,401.0
719,1377670773,401.0
719,1377670778,401.0
719,1377670783,401.0
719,1377670788,400.0
719,1377670793,397.0
719,1377670798,391.0
719,1377670803,398.0
719,1377670808,391.0
719,1377670813,401.0
719,1377670818,398.0
719,1377670823,397.0
719,1377670828,399.0
719,1377670833,402.0
719,1377670838,398.0
719,1377670843,388.0
719,1377670848,388.0
719,1377670853,392.0
719,1377670858,392.0
719,1377670863,393.0
719,1377670868,398.0
719,1377670873,404.0
719,1377670878,404.0
719,1377670883,402.0
719,1377670888,401.0
719,1377670893,393.0
719,1377670898,391.0
719,1377670903,393.0
719,1377670908,396.0
719,1377670913,400.0
719,1377670918,401.0
719,1377670923,402.0
719,1377670928,401.0
719,1377670933,390.0
719,1377670938,390.0
719,1377670943,387.0
719,1377670948,392.0
719,1377670953,393.0
719,1377670958,391.0
719,1377670963,391.0
719,1377670968,391.0
719,1377670973,398.0
719,1377670978,396.0
719,1377670983,398.0
719,1377670988,403.0
719,1377670993,401.0
719,1377670998,401.0
719,1377671003,396.0
719,1377671008,400.0
719,1377671013,406.0
719,1377671018,401.0
719,1377671023,403.0
719,1377671028,401.0
719,1377671033,404.0
719,1377671038,400.0
719,1377671043,401.0
719,1377671048,401.0
719,1377671053,398.0
719,1377671058,403.0
719,1377671063,412.0
719,1377671068,403.0
719,1377671073,403.0
719,1377671078,403.0
719,1377671083,400.0
719,1377671088,391.0
719,1377671093,398.0
719,1377671098,390.0
719,1377671103,396.0
719,1377671108,396.0
719,1377671113,397.0
719,1377671118,398.0
719,1377671123,396.0
719,1377671128,393.0
719,1377671133,392.0
719,1377671138,388.0
719,1377671143,382.0
719,1377671148,385.0
719,1377671153,383.0
719,1377671158,382.0
719,1377671163,393.0
719,1377671168,397.0
719,1377671173,396.0
719,1377671178,401.0
719,1377671183,391.0
719,1377671188,391.0
719,1377671193,393.0
719,1377671198,387.0
719,1377671203,383.0
719,1377671208,387.0
719,1377671213,392.0
719,1377671218,387.0
719,1377671223,390.0
719,1377671228,390.0
719,1377671233,393.0
719,1377671238,402.0
719,1377671243,398.0
719,1377671248,398.0
719,1377671253,397.0
719,1377671258,401.0
719,1377671263,399.0
719,1377671268,397.0
719,1377671273,398.0
719,1377671278,395.0
719,1377671283,396.0
719,1377671288,387.0
719,1377671293,388.0
719,1377671298,388.0
719,1377671303,387.0
719,1377671308,390.0
719,1377671313,395.0
719,1377671318,391.0
719,1377671323,391.0
719,1377671328,396.0
719,1377671333,398.0
719,1377671338,403.0
719,1377671343,403.0
719,1377671348,409.0
719,1377671353,408.0
719,1377671358,398.0
719,1377671363,396.0
719,1377671368,396.0
719,1377671373,401.0
719,1377671378,401.0
719,1377671383,404.0
719,1377671388,403.0
719,1377671393,401.0
719,1377671398,397.0
719,1377671403,391.0
719,1377671408,390.0
719,1377671413,393.0
719,1377671418,392.0
719,1377671423,387.0
719,1377671428,388.0
719,1377671433,383.0
719,1377671438,392.0
719,1377671443,393.0
719,1377671448,397.0
719,1377671453,402.0
719,1377671458,403.0
719,1377671463,412.0
719,1377671468,406.0
719,1377671473,406.0
719,1377671478,412.0
719,1377671483,406.0
719,1377671488,412.0
719,1377671493,409.0
719,1377671498,406.0
719,1377671503,399.0
719,1377671508,398.0
719,1377671513,391.0
719,1377671518,390.0
719,1377671523,398.0
719,1377671528,398.0
719,1377671533,401.0
719,1377671538,398.0
719,1377671543,407.0
719,1377671548,398.0
719,1377671553,405.0
719,1377671558,401.0
719,1377671563,404.0
719,1377671568,403.0
719,1377671573,397.0
719,1377671578,395.0
719,1377671583,393.0
719,1377671588,388.0
719,1377671593,390.0
719,1377671598,390.0
719,1377671603,390.0
719,1377671608,387.0
719,1377671613,391.0
719,1377671618,393.0
719,1377671623,391.0
719,1377671628,391.0
719,1377671633,396.0
719,1377671638,393.0
719,1377671643,396.0
719,1377671648,398.0
719,1377671653,398.0
719,1377671658,404.0
719,1377671663,398.0
719,1377671668,412.0
719,1377671673,403.0
719,1377671678,401.0
719,1377671683,396.0
719,1377671688,400.0
719,1377671693,393.0
719,1377671698,400.0
719,1377671703,400.0
719,1377671708,401.0
719,1377671713,403.0
719,1377671718,406.0
719,1377671723,403.0
719,1377671728,405.0
719,1377671733,408.0
719,1377671738,408.0
719,1377671743,406.0
719,1377671748,412.0
719,1377671753,408.0
719,1377671758,408.0
719,1377671763,408.0
719,1377671768,406.0
719,1377671773,403.0
719,1377671778,404.0
719,1377671783,402.0
719,1377671788,400.0
719,1377671793,395.0
719,1377671798,392.0
719,1377671803,392.0
719,1377671808,382.0
719,1377671813,385.0
719,1377671818,382.0
719,1377671823,384.0
719,1377671828,388.0
719,1377671833,388.0
719,1377671838,383.0
719,1377671843,385.0
719,1377671848,392.0
719,1377671853,396.0
719,1377671858,397.0
719,1377671863,401.0
719,1377671868,398.0
719,1377671873,401.0
719,1377671878,401.0
719,1377671883,401.0
719,1377671888,398.0
719,1377671893,396.0
719,1377671898,396.0
719,1377671903,392.0
719,1377671908,393.0
719,1377671913,391.0
719,1377671918,393.0
719,1377671923,392.0
719,1377671928,390.0
719,1377671933,391.0
719,1377671938,397.0
719,1377671943,391.0
719,1377671948,396.0
719,1377671953,392.0
719,1377671958,387.0
719,1377671963,398.0
719,1377671968,393.0
719,1377671973,398.0
719,1377671978,398.0
719,1377671983,392.0
719,1377671988,388.0
719,1377671993,393.0
719,1377671998,392.0
719,1377672003,390.0
719,1377672008,387.0
719,1377672013,385.0
719,1377672018,385.0
719,1377672023,390.0
719,1377672028,397.0
719,1377672033,404.0
719,1377672038,398.0
719,1377672043,404.0
719,1377672048,400.0
719,1377672053,408.0
719,1377672058,398.0
719,1377672063,401.0
719,1377672068,390.0
719,1377672073,385.0
719,1377672078,384.0
719,1377672083,390.0
719,1377672088,396.0
719,1377672093,399.0
719,1377672098,397.0
719,1377672103,401.0
719,1377672108,397.0
719,1377672113,391.0
719,1377672118,390.0
719,1377672123,391.0
719,1377672128,391.0
719,1377672133,395.0
719,1377672138,397.0
719,1377672143,401.0
719,1377672148,398.0
719,1377672153,401.0
719,1377672158,398.0
719,1377672163,398.0
719,1377672168,402.0
719,1377672173,400.0
719,1377672178,400.0
719,1377672183,393.0
719,1377672188,398.0
719,1377672193,392.0
719,1377672198,392.0
719,1377672203,392.0
719,1377672208,392.0
719,1377672213,393.0
719,1377672218,396.0
719,1377672223,396.0
719,1377672228,390.0
719,1377672233,393.0
719,1377672238,390.0
719,1377672243,393.0
719,1377672248,391.0
719,1377672253,401.0
719,1377672258,406.0
719,1377672263,403.0
719,1377672268,395.0
719,1377672273,391.0
719,1377672278,392.0
719,1377672283,392.0
719,1377672288,388.0
719,1377672293,385.0
719,1377672298,383.0
719,1377672303,387.0
719,1377672308,390.0
719,1377672313,396.0
719,1377672318,391.0
719,1377672323,391.0
719,1377672328,397.0
719,1377672333,391.0
719,1377672338,395.0
719,1377672343,395.0
719,1377672348,396.0
719,1377672353,391.0
719,1377672358,391.0
719,1377672363,393.0
719,1377672368,395.0
719,1377672373,392.0
719,1377672378,387.0
719,1377672383,382.0
719,1377672388,375.0
719,1377672393,380.0
719,1377672398,374.0
719,1377672403,385.0
719,1377672408,387.0
719,1377672413,392.0
719,1377672418,391.0
719,1377672423,390.0
719,1377672428,382.0
719,1377672433,385.0
719,1377672438,388.0
719,1377672443,387.0
719,1377672448,390.0
719,1377672453,397.0
719,1377672458,397.0
719,1377672463,403.0
719,1377672468,401.0
719,1377672473,398.0
719,1377672478,401.0
719,1377672483,395.0
719,1377672488,392.0
719,1377672493,392.0
719,1377672498,392.0
719,1377672503,390.0
719,1377672508,395.0
719,1377672513,390.0
719,1377672518,391.0
719,1377672523,395.0
719,1377672528,396.0
719,1377672533,396.0
719,1377672538,397.0
719,1377672543,399.0
719,1377672548,402.0
719,1377672553,408.0
719,1377672558,407.0
719,1377672563,409.0
719,1377672568,397.0
719,1377672573,399.0
719,1377672578,395.0
719,1377672583,401.0
719,1377672588,406.0
719,1377672593,402.0
719,1377672598,397.0
719,1377672603,390.0
719,1377672608,388.0
719,1377672613,383.0
719,1377672618,385.0
719,1377672623,385.0
719,1377672628,384.0
719,1377672633,387.0
719,1377672638,389.0
719,1377672643,388.0
719,1377672648,390.0
719,1377672653,388.0
719,1377672658,393.0
719,1377672663,390.0
719,1377672668,395.0
719,1377672673,400.0
719,1377672678,397.0
719,1377672683,390.0
719,1377672688,391.0
719,1377672693,390.0
719,1377672698,395.0
719,1377672703,396.0
719,1377672708,401.0
719,1377672713,400.0
719,1377672718,391.0
719,1377672723,393.0
719,1377672728,393.0
719,1377672733,391.0
719,1377672738,401.0
719,1377672743,403.0
719,1377672748,405.0
719,1377672753,406.0
719,1377672758,401.0
719,1377672763,397.0
719,1377672768,393.0
719,1377672773,396.0
719,1377672778,393.0
719,1377672783,397.0
719,1377672788,398.0
719,1377672793,400.0
719,1377672798,398.0
719,1377672803,397.0
719,1377672808,403.0
719,1377672813,397.0
719,1377672818,391.0
719,1377672823,397.0
719,1377672828,392.0
719,1377672833,391.0
719,1377672838,395.0
719,1377672843,395.0
719,1377672848,399.0
719,1377672853,397.0
719,1377672858,391.0
719,1377672863,393.0
719,1377672868,396.0
719,1377672873,396.0
719,1377672878,390.0
719,1377672883,390.0
719,1377672888,387.0
719,1377672893,387.0
719,1377672898,390.0
719,1377672903,384.0
719,1377672908,385.0
719,1377672913,380.0
719,1377672918,382.0
719,1377672923,380.0
719,1377672928,383.0
719,1377672933,384.0
719,1377672938,388.0
719,1377672943,387.0
719,1377672948,390.0
719,1377672953,393.0
719,1377672958,391.0
719,1377672963,396.0
719,1377672968,398.0
719,1377672973,396.0
719,1377672978,396.0
719,1377672983,391.0
719,1377672988,393.0
719,1377672993,395.0
719,1377672998,390.0
719,1377673003,390.0
719,1377673008,388.0
719,1377673013,390.0
719,1377673018,392.0
719,1377673023,398.0
719,1377673028,391.0
719,1377673033,398.0
719,1377673038,403.0
719,1377673043,409.0
719,1377673048,404.0
719,1377673053,403.0
719,1377673058,398.0
719,1377673063,398.0
719,1377673068,390.0
719,1377673073,401.0
719,1377673078,400.0
719,1377673083,398.0
719,1377673088,398.0
719,1377673093,404.0
719,1377673098,404.0
719,1377673103,398.0
719,1377673108,400.0
719,1377673113,390.0
719,1377673118,398.0
719,1377673123,397.0
719,1377673128,396.0
719,1377673133,398.0
719,1377673138,403.0
719,1377673143,406.0
719,1377673148,401.0
719,1377673153,396.0
719,1377673158,396.0
719,1377673163,391.0
719,1377673168,391.0
719,1377673173,395.0
719,1377673178,396.0
719,1377673183,396.0
719,1377673188,390.0
719,1377673193,398.0
719,1377673198,403.0
719,1377673203,401.0
719,1377673208,401.0
719,1377673213,400.0
719,1377673218,396.0
719,1377673223,392.0
719,1377673228,391.0
719,1377673233,392.0
719,1377673238,392.0
719,1377673243,396.0
719,1377673248,398.0
719,1377673253,401.0
719,1377673258,398.0
719,1377673263,396.0
719,1377673268,396.0
719,1377673273,391.0
719,1377673278,391.0
719,1377673283,398.0
719,1377673288,396.0
719,1377673293,396.0
719,1377673298,390.0
719,1377673303,390.0
719,1377673308,382.0
719,1377673313,390.0
719,1377673318,398.0
719,1377673323,404.0
719,1377673328,402.0
719,1377673333,403.0
719,1377673338,401.0
719,1377673343,401.0
719,1377673348,400.0
719,1377673353,395.0
719,1377673358,391.0
719,1377673363,391.0
719,1377673368,393.0
719,1377673373,390.0
719,1377673378,390.0
719,1377673383,391.0
719,1377673388,387.0
719,1377673393,385.0
719,1377673398,385.0
719,1377673403,384.0
719,1377673408,388.0
719,1377673413,387.0
719,1377673418,390.0
719,1377673423,396.0
719,1377673428,402.0
719,1377673433,404.0
719,1377673438,404.0
719,1377673443,403.0
719,1377673448,408.0
719,1377673453,398.0
719,1377673458,402.0
719,1377673463,398.0
719,1377673468,396.0
719,1377673473,393.0
719,1377673478,393.0
719,1377673483,391.0
719,1377673488,396.0
719,1377673493,391.0
719,1377673498,399.0
719,1377673503,402.0
719,1377673508,403.0
719,1377673513,401.0
719,1377673518,403.0
719,1377673523,403.0
719,1377673528,398.0
719,1377673533,401.0
719,1377673538,396.0
719,1377673543,398.0
719,1377673548,390.0
719,1377673553,397.0
719,1377673558,401.0
719,1377673563,406.0
719,1377673568,404.0
719,1377673573,407.0
719,1377673578,406.0
719,1377673583,401.0
719,1377673588,390.0
719,1377673593,393.0
719,1377673598,392.0
719,1377673603,390.0
719,1377673608,390.0
719,1377673613,396.0
719,1377673618,391.0
719,1377673623,388.0
719,1377673628,383.0
719,1377673633,383.0
719,1377673638,390.0
719,1377673643,387.0
719,1377673648,390.0
719,1377673653,400.0
719,1377673658,400.0
719,1377673663,396.0
719,1377673668,398.0
719,1377673673,391.0
719,1377673678,393.0
719,1377673683,390.0
719,1377673688,391.0
719,1377673693,393.0
719,1377673698,390.0
719,1377673703,393.0
719,1377673708,395.0
719,1377673713,401.0
719,1377673718,401.0
719,1377673723,397.0
719,1377673728,402.0
719,1377673733,400.0
719,1377673738,390.0
719,1377673743,391.0
719,1377673748,393.0
719,1377673753,392.0
719,1377673758,392.0
719,1377673763,393.0
719,1377673768,395.0
719,1377673773,391.0
719,1377673778,390.0
719,1377673783,391.0
719,1377673788,390.0
719,1377673793,388.0
719,1377673798,384.0
719,1377673803,387.0
719,1377673808,396.0
719,1377673813,395.0
719,1377673818,390.0
719,1377673823,393.0
719,1377673828,387.0
719,1377673833,390.0
719,1377673838,390.0
719,1377673843,395.0
719,1377673848,396.0
719,1377673853,400.0
719,1377673858,397.0
719,1377673863,398.0
719,1377673868,401.0
719,1377673873,397.0
719,1377673878,396.0
719,1377673883,393.0
719,1377673888,398.0
719,1377673893,401.0
719,1377673898,397.0
719,1377673903,391.0
719,1377673908,396.0
719,1377673913,390.0
719,1377673918,393.0
719,1377673923,392.0
719,1377673928,393.0
719,1377673933,396.0
719,1377673938,396.0
719,1377673943,396.0
719,1377673948,397.0
719,1377673953,391.0
719,1377673958,398.0
719,1377673963,396.0
719,1377673968,391.0
719,1377673973,396.0
719,1377673978,401.0
719,1377673983,396.0
719,1377673988,400.0
719,1377673993,398.0
719,1377673998,396.0
719,1377674003,395.0
719,1377674008,391.0
719,1377674013,396.0
719,1377674018,393.0
719,1377674023,393.0
719,1377674028,393.0
719,1377674033,387.0
719,1377674038,392.0
719,1377674043,393.0
719,1377674048,393.0
719,1377674053,397.0
719,1377674058,401.0
719,1377674063,401.0
719,1377674068,402.0
719,1377674073,408.0
719,1377674078,403.0
719,1377674083,404.0
719,1377674088,404.0
719,1377674093,401.0
719,1377674098,398.0
719,1377674103,391.0
719,1377674108,391.0
719,1377674113,388.0
719,1377674118,387.0
719,1377674123,384.0
719,1377674128,385.0
719,1377674133,382.0
719,1377674138,384.0
719,1377674143,382.0
719,1377674148,375.0
719,1377674153,384.0
719,1377674158,388.0
719,1377674163,396.0
719,1377674168,398.0
719,1377674173,396.0
719,1377674178,397.0
719,1377674183,396.0
719,1377674188,401.0
719,1377674193,396.0
719,1377674198,393.0
719,1377674203,392.0
719,1377674208,392.0
719,1377674213,387.0
719,1377674218,392.0
719,1377674223,396.0
719,1377674228,398.0
719,1377674233,395.0
719,1377674238,401.0
719,1377674243,398.0
719,1377674248,397.0
719,1377674253,401.0
719,1377674258,391.0
719,1377674263,390.0
719,1377674268,392.0
719,1377674273,390.0
719,1377674278,396.0
719,1377674283,387.0
719,1377674288,392.0
719,1377674293,387.0
719,1377674298,383.0
719,1377674303,383.0
719,1377674308,384.0
719,1377674313,387.0
719,1377674318,387.0
719,1377674323,393.0
719,1377674328,398.0
719,1377674333,396.0
719,1377674338,393.0
719,1377674343,398.0
719,1377674348,401.0
719,1377674353,391.0
719,1377674358,396.0
719,1377674363,393.0
719,1377674368,392.0
719,1377674373,383.0
719,1377674378,392.0
719,1377674383,383.0
719,1377674388,390.0
719,1377674393,398.0
719,1377674398,391.0
719,1377674403,392.0
719,1377674408,393.0
719,1377674413,387.0
719,1377674418,393.0
719,1377674423,391.0
719,1377674428,398.0
719,1377674433,395.0
719,1377674438,395.0
719,1377674443,396.0
719,1377674448,396.0
719,1377674453,387.0
719,1377674458,390.0
719,1377674463,390.0
719,1377674468,391.0
719,1377674473,395.0
719,1377674478,391.0
719,1377674483,396.0
719,1377674488,390.0
719,1377674493,387.0
719,1377674498,396.0
719,1377674503,387.0
719,1377674508,382.0
719,1377674513,385.0
719,1377674518,391.0
719,1377674523,390.0
719,1377674528,395.0
719,1377674533,398.0
719,1377674538,401.0
719,1377674543,397.0
719,1377674548,388.0
719,1377674553,398.0
719,1377674558,390.0
719,1377674563,395.0
719,1377674568,398.0
719,1377674573,402.0
719,1377674578,398.0
719,1377674583,400.0
719,1377674588,399.0
719,1377674593,393.0
719,1377674598,396.0
719,1377674603,398.0
719,1377674608,392.0
719,1377674613,387.0
719,1377674618,388.0
719,1377674623,388.0
719,1377674628,383.0
719,1377674633,388.0
719,1377674638,383.0
719,1377674643,382.0
719,1377674648,384.0
719,1377674653,387.0
719,1377674658,390.0
719,1377674663,396.0
719,1377674668,392.0
719,1377674673,392.0
719,1377674678,393.0
719,1377674683,392.0
719,1377674688,391.0
719,1377674693,393.0
719,1377674698,391.0
719,1377674703,396.0
719,1377674708,409.0
719,1377674713,396.0
719,1377674718,393.0
719,1377674723,392.0
719,1377674728,392.0
719,1377674733,390.0
719,1377674738,396.0
719,1377674743,396.0
719,1377674748,398.0
719,1377674753,403.0
719,1377674758,401.0
719,1377674763,395.0
719,1377674768,396.0
719,1377674773,390.0
719,1377674778,393.0
719,1377674783,392.0
719,1377674788,387.0
719,1377674793,385.0
719,1377674798,380.0
719,1377674803,383.0
719,1377674808,381.0
719,1377674813,392.0
719,1377674818,396.0
719,1377674823,397.0
719,1377674828,396.0
719,1377674833,397.0
719,1377674838,383.0
719,1377674843,384.0
719,1377674848,385.0
719,1377674853,385.0
719,1377674858,387.0
719,1377674863,390.0
719,1377674868,395.0
719,1377674873,401.0
719,1377674878,402.0
719,1377674883,398.0
719,1377674888,403.0
719,1377674893,395.0
719,1377674898,395.0
719,1377674903,391.0
719,1377674908,390.0
719,1377674913,383.0
719,1377674918,388.0
719,1377674923,382.0
719,1377674928,390.0
719,1377674933,392.0
719,1377674938,393.0
719,1377674943,390.0
719,1377674948,396.0
719,1377674953,396.0
719,1377674958,403.0
719,1377674963,403.0
719,1377674968,401.0
719,1377674973,396.0
719,1377674978,388.0
719,1377674983,382.0
719,1377674988,385.0
719,1377674993,383.0
719,1377674998,387.0
719,1377675003,391.0
719,1377675008,393.0
719,1377675013,393.0
719,1377675018,392.0
719,1377675023,392.0
719,1377675028,393.0
719,1377675033,390.0
719,1377675038,385.0
719,1377675043,383.0
719,1377675048,387.0
719,1377675053,391.0
719,1377675058,391.0
719,1377675063,402.0
719,1377675068,401.0
719,1377675073,401.0
719,1377675078,398.0
719,1377675083,400.0
719,1377675088,393.0
719,1377675093,396.0
719,1377675098,396.0
719,1377675103,390.0
719,1377675108,398.0
719,1377675113,398.0
719,1377675118,403.0
719,1377675123,408.0
719,1377675128,407.0
719,1377675133,403.0
719,1377675138,397.0
719,1377675143,391.0
719,1377675148,387.0
719,1377675153,388.0
719,1377675158,383.0
719,1377675163,392.0
719,1377675168,387.0
719,1377675173,392.0
719,1377675178,393.0
719,1377675183,391.0
719,1377675188,398.0
719,1377675193,401.0
719,1377675198,404.0
719,1377675203,397.0
719,1377675208,400.0
719,1377675213,391.0
719,1377675218,396.0
719,1377675223,393.0
719,1377675228,385.0
719,1377675233,388.0
719,1377675238,387.0
719,1377675243,392.0
719,1377675248,387.0
719,1377675253,392.0
719,1377675258,390.0
719,1377675263,382.0
719,1377675268,383.0
719,1377675273,390.0
719,1377675278,392.0
719,1377675283,392.0
719,1377675288,387.0
719,1377675293,387.0
719,1377675298,388.0
719,1377675303,385.0
719,1377675308,391.0
719,1377675313,396.0
719,1377675318,400.0
719,1377675323,401.0
719,1377675328,398.0
719,1377675333,403.0
719,1377675338,402.0
719,1377675343,401.0
719,1377675348,391.0
719,1377675353,393.0
719,1377675358,390.0
719,1377675363,396.0
719,1377675368,398.0
719,1377675373,398.0
719,1377675378,398.0
719,1377675383,397.0
719,1377675388,398.0
719,1377675393,393.0
719,1377675398,392.0
719,1377675403,387.0
719,1377675408,390.0
719,1377675413,392.0
719,1377675418,396.0
719,1377675423,393.0
719,1377675428,399.0
719,1377675433,393.0
719,1377675438,398.0
719,1377675443,396.0
719,1377675448,397.0
719,1377675453,396.0
719,1377675458,403.0
719,1377675463,406.0
719,1377675468,403.0
719,1377675473,408.0
719,1377675478,407.0
719,1377675483,406.0
719,1377675488,403.0
719,1377675493,398.0
719,1377675498,400.0
719,1377675503,397.0
719,1377675508,391.0
719,1377675513,393.0
719,1377675518,390.0
719,1377675523,387.0
719,1377675528,382.0
719,1377675533,385.0
719,1377675538,392.0
719,1377675543,390.0
719,1377675548,390.0
719,1377675553,393.0
719,1377675558,390.0
719,1377675563,396.0
719,1377675568,391.0
719,1377675573,397.0
719,1377675578,396.0
719,1377675583,406.0
719,1377675588,401.0
719,1377675593,401.0
719,1377675598,397.0
719,1377675603,396.0
719,1377675608,388.0
719,1377675613,385.0
719,1377675618,384.0
719,1377675623,382.0
719,1377675628,383.0
719,1377675633,384.0
719,1377675638,382.0
719,1377675643,380.0
719,1377675648,380.0
719,1377675653,377.0
719,1377675658,388.0
719,1377675663,388.0
719,1377675668,393.0
719,1377675673,398.0
719,1377675678,403.0
719,1377675683,406.0
719,1377675688,403.0
719,1377675693,401.0
719,1377675698,402.0
719,1377675703,403.0
719,1377675708,408.0
719,1377675713,400.0
719,1377675718,390.0
719,1377675723,396.0
719,1377675728,392.0
719,1377675733,390.0
719,1377675738,396.0
719,1377675743,396.0
719,1377675748,391.0
719,1377675753,383.0
719,1377675758,381.0
719,1377675763,382.0
719,1377675768,388.0
719,1377675773,392.0
719,1377675778,400.0
719,1377675783,403.0
719,1377675788,401.0
719,1377675793,402.0
719,1377675798,396.0
719,1377675803,400.0
719,1377675808,398.0
719,1377675813,398.0
719,1377675818,395.0
719,1377675823,395.0
719,1377675828,388.0
719,1377675833,387.0
719,1377675838,383.0
719,1377675843,383.0
719,1377675848,388.0
719,1377675853,393.0
719,1377675858,395.0
719,1377675863,398.0
719,1377675868,398.0
719,1377675873,396.0
719,1377675878,390.0
719,1377675883,388.0
719,1377675888,392.0
719,1377675893,388.0
719,1377675898,388.0
719,1377675903,385.0
719,1377675908,388.0
719,1377675913,396.0
719,1377675918,396.0
719,1377675923,397.0
719,1377675928,403.0
719,1377675933,401.0
719,1377675938,400.0
719,1377675943,392.0
719,1377675948,387.0
719,1377675953,392.0
719,1377675958,390.0
719,1377675963,392.0
719,1377675968,385.0
719,1377675973,393.0
719,1377675978,400.0
719,1377675983,398.0
719,1377675988,402.0
719,1377675993,395.0
719,1377675998,390.0
719,1377676003,391.0
719,1377676008,391.0
719,1377676013,397.0
719,1377676018,397.0
719,1377676023,396.0
719,1377676028,390.0
719,1377676033,385.0
719,1377676038,390.0
719,1377676043,390.0
719,1377676048,393.0
719,1377676053,396.0
719,1377676058,396.0
719,1377676063,393.0
719,1377676068,390.0
719,1377676073,388.0
719,1377676078,385.0
719,1377676083,383.0
719,1377676088,375.0
719,1377676093,379.0
719,1377676098,385.0
719,1377676103,388.0
719,1377676108,396.0
719,1377676113,390.0
719,1377676118,398.0
719,1377676123,393.0
719,1377676128,390.0
719,1377676133,383.0
719,1377676138,382.0
719,1377676143,385.0
719,1377676148,387.0
719,1377676153,391.0
719,1377676158,393.0
719,1377676163,396.0
719,1377676168,397.0
719,1377676173,393.0
719,1377676178,395.0
719,1377676183,391.0
719,1377676188,391.0
719,1377676193,396.0
719,1377676198,398.0
719,1377676203,397.0
719,1377676208,403.0
719,1377676213,401.0
719,1377676218,397.0
719,1377676223,396.0
719,1377676228,398.0
719,1377676233,395.0
719,1377676238,390.0
719,1377676243,393.0
719,1377676248,396.0
719,1377676253,390.0
719,1377676258,391.0
719,1377676263,395.0
719,1377676268,398.0
719,1377676273,398.0
719,1377676278,399.0
719,1377676283,402.0
719,1377676288,401.0
719,1377676293,403.0
719,1377676298,402.0
719,1377676303,398.0
719,1377676308,397.0
719,1377676313,401.0
719,1377676318,396.0
719,1377676323,390.0
719,1377676328,385.0
719,1377676333,387.0
719,1377676338,388.0
719,1377676343,398.0
719,1377676348,400.0
719,1377676353,398.0
719,1377676358,400.0
719,1377676363,396.0
719,1377676368,387.0
719,1377676373,392.0
719,1377676378,393.0
719,1377676383,393.0
719,1377676388,392.0
719,1377676393,392.0
719,1377676398,388.0
719,1377676403,396.0
719,1377676408,398.0
719,1377676413,395.0
719,1377676418,398.0
719,1377676423,401.0
719,1377676428,401.0
719,1377676433,396.0
719,1377676438,393.0
719,1377676443,393.0
719,1377676448,391.0
719,1377676453,390.0
719,1377676458,393.0
719,1377676463,388.0
719,1377676468,383.0
719,1377676473,382.0
719,1377676478,379.0
719,1377676483,382.0
719,1377676488,380.0
719,1377676493,383.0
719,1377676498,387.0
719,1377676503,392.0
719,1377676508,393.0
719,1377676513,390.0
719,1377676518,392.0
719,1377676523,383.0
719,1377676528,387.0
719,1377676533,383.0
719,1377676538,382.0
719,1377676543,385.0
719,1377676548,384.0
719,1377676553,375.0
719,1377676558,375.0
719,1377676563,382.0
719,1377676568,390.0
719,1377676573,393.0
719,1377676578,391.0
719,1377676583,396.0
719,1377676588,383.0
719,1377676593,382.0
719,1377676598,387.0
719,1377676603,384.0
719,1377676608,384.0
719,1377676613,380.0
719,1377676618,384.0
719,1377676623,382.0
719,1377676628,388.0
719,1377676633,392.0
719,1377676638,392.0
719,1377676643,388.0
719,1377676648,387.0
719,1377676653,388.0
719,1377676658,390.0
719,1377676663,396.0
719,1377676668,392.0
719,1377676673,391.0
719,1377676678,395.0
719,1377676683,390.0
719,1377676688,390.0
719,1377676693,382.0
719,1377676698,385.0
719,1377676703,384.0
719,1377676708,388.0
719,1377676713,383.0
719,1377676718,388.0
719,1377676723,391.0
719,1377676728,390.0
719,1377676733,392.0
719,1377676738,387.0
719,1377676743,392.0
719,1377676748,393.0
719,1377676753,391.0
719,1377676758,398.0
719,1377676763,391.0
719,1377676768,390.0
719,1377676773,392.0
719,1377676778,392.0
719,1377676783,396.0
719,1377676788,396.0
719,1377676793,391.0
719,1377676798,392.0
719,1377676803,393.0
719,1377676808,390.0
719,1377676813,391.0
719,1377676818,391.0
719,1377676823,395.0
719,1377676828,393.0
719,1377676833,397.0
719,1377676838,398.0
719,1377676843,400.0
719,1377676848,391.0
719,1377676853,390.0
719,1377676858,390.0
719,1377676863,396.0
719,1377676868,395.0
719,1377676873,397.0
719,1377676878,402.0
719,1377676883,395.0
719,1377676888,390.0
719,1377676893,383.0
719,1377676898,384.0
719,1377676903,379.0
719,1377676908,380.0
719,1377676913,384.0
719,1377676918,382.0
719,1377676923,385.0
719,1377676928,387.0
719,1377676933,390.0
719,1377676938,390.0
719,1377676943,387.0
719,1377676948,387.0
719,1377676953,392.0
719,1377676958,393.0
719,1377676963,392.0
719,1377676968,395.0
719,1377676973,390.0
719,1377676978,396.0
719,1377676983,398.0
719,1377676988,396.0
719,1377676993,393.0
719,1377676998,396.0
719,1377677003,382.0
719,1377677008,388.0
719,1377677013,382.0
719,1377677018,382.0
719,1377677023,380.0
719,1377677028,379.0
719,1377677033,379.0
719,1377677038,374.0
719,1377677043,382.0
719,1377677048,387.0
719,1377677053,395.0
719,1377677058,393.0
719,1377677063,393.0
719,1377677068,387.0
719,1377677073,385.0
719,1377677078,381.0
719,1377677083,384.0
719,1377677088,387.0
719,1377677093,391.0
719,1377677098,393.0
719,1377677103,393.0
719,1377677108,391.0
719,1377677113,393.0
719,1377677118,395.0
719,1377677123,388.0
719,1377677128,387.0
719,1377677133,382.0
719,1377677138,381.0
719,1377677143,382.0
719,1377677148,388.0
719,1377677153,396.0
719,1377677158,390.0
719,1377677163,387.0
719,1377677168,388.0
719,1377677173,382.0
719,1377677178,385.0
719,1377677183,388.0
719,1377677188,383.0
719,1377677193,382.0
719,1377677198,382.0
719,1377677203,385.0
719,1377677208,382.0
719,1377677213,382.0
719,1377677218,396.0
719,1377677223,385.0
719,1377677228,388.0
719,1377677233,396.0
719,1377677238,393.0
719,1377677243,398.0
719,1377677248,387.0
719,1377677253,382.0
719,1377677258,375.0
719,1377677263,379.0
719,1377677268,382.0
719,1377677273,384.0
719,1377677278,384.0
719,1377677283,382.0
719,1377677288,385.0
719,1377677293,385.0
719,1377677298,382.0
719,1377677303,387.0
719,1377677308,385.0
719,1377677313,385.0
719,1377677318,388.0
719,1377677323,388.0
719,1377677328,385.0
719,1377677333,393.0
719,1377677338,387.0
719,1377677343,387.0
719,1377677348,382.0
719,1377677353,383.0
719,1377677358,385.0
719,1377677363,383.0
719,1377677368,392.0
719,1377677373,392.0
719,1377677378,390.0
719,1377677383,393.0
719,1377677388,392.0
719,1377677393,385.0
719,1377677398,384.0
719,1377677403,377.0
719,1377677408,384.0
719,1377677413,390.0
719,1377677418,395.0
719,1377677423,401.0
719,1377677428,401.0
719,1377677433,395.0
719,1377677438,397.0
719,1377677443,396.0
719,1377677448,398.0
719,1377677453,390.0
719,1377677458,391.0
719,1377677463,390.0
719,1377677468,396.0
719,1377677473,393.0
719,1377677478,396.0
719,1377677483,391.0
719,1377677488,391.0
719,1377677493,392.0
719,1377677498,392.0
719,1377677503,387.0
719,1377677508,390.0
719,1377677513,390.0
719,1377677518,396.0
719,1377677523,390.0
719,1377677528,395.0
719,1377677533,397.0
719,1377677538,398.0
719,1377677543,401.0
719,1377677548,398.0
719,1377677553,396.0
719,1377677558,392.0
719,1377677563,396.0
719,1377677568,391.0
719,1377677573,398.0
719,1377677578,401.0
719,1377677583,397.0
719,1377677588,397.0
719,1377677593,398.0
719,1377677598,396.0
719,1377677603,382.0
719,1377677608,385.0
719,1377677613,382.0
719,1377677618,388.0
719,1377677623,383.0
719,1377677628,383.0
719,1377677633,385.0
719,1377677638,387.0
719,1377677643,390.0
719,1377677648,391.0
719,1377677653,396.0
719,1377677658,391.0
719,1377677663,391.0
719,1377677668,393.0
719,1377677673,390.0
719,1377677678,391.0
719,1377677683,396.0
719,1377677688,393.0
719,1377677693,383.0
719,1377677698,385.0
719,1377677703,377.0
719,1377677708,375.0
719,1377677713,380.0
719,1377677718,388.0
719,1377677723,382.0
719,1377677728,384.0
719,1377677733,379.0
719,1377677738,375.0
719,1377677743,382.0
719,1377677748,383.0
719,1377677753,384.0
719,1377677758,379.0
719,1377677763,382.0
719,1377677768,385.0
719,1377677773,388.0
719,1377677778,392.0
719,1377677783,392.0
719,1377677788,388.0
719,1377677793,388.0
719,1377677798,392.0
719,1377677803,391.0
719,1377677808,396.0
719,1377677813,397.0
719,1377677818,395.0
719,1377677823,398.0
719,1377677828,398.0
719,1377677833,401.0
719,1377677838,400.0
719,1377677843,398.0
719,1377677848,396.0
719,1377677853,387.0
719,1377677858,388.0
719,1377677863,383.0
719,1377677868,384.0
719,1377677873,388.0
719,1377677878,380.0
719,1377677883,379.0
719,1377677888,379.0
719,1377677893,384.0
719,1377677898,388.0
719,1377677903,392.0
719,1377677908,392.0
719,1377677913,390.0
719,1377677918,392.0
719,1377677923,388.0
719,1377677928,391.0
719,1377677933,396.0
719,1377677938,396.0
719,1377677943,395.0
719,1377677948,390.0
719,1377677953,382.0
719,1377677958,382.0
719,1377677963,381.0
719,1377677968,389.0
719,1377677973,391.0
719,1377677978,398.0
719,1377677983,404.0
719,1377677988,402.0
719,1377677993,393.0
719,1377677998,383.0
719,1377678003,379.0
719,1377678008,367.0
719,1377678013,377.0
719,1377678018,382.0
719,1377678023,379.0
719,1377678028,385.0
719,1377678033,382.0
719,1377678038,388.0
719,1377678043,388.0
719,1377678048,393.0
719,1377678053,393.0
719,1377678058,393.0
719,1377678063,398.0
719,1377678068,382.0
719,1377678073,388.0
719,1377678078,383.0
719,1377678083,383.0
719,1377678088,387.0
719,1377678093,397.0
719,1377678098,396.0
719,1377678103,391.0
719,1377678108,398.0
719,1377678113,390.0
719,1377678118,392.0
719,1377678123,390.0
719,1377678128,390.0
719,1377678133,392.0
719,1377678138,388.0
719,1377678143,391.0
719,1377678148,396.0
719,1377678153,391.0
719,1377678158,398.0
719,1377678163,393.0
719,1377678168,396.0
719,1377678173,391.0
719,1377678178,396.0
719,1377678183,389.0
719,1377678188,382.0
719,1377678193,384.0
719,1377678198,385.0
719,1377678203,390.0
719,1377678208,388.0
719,1377678213,390.0
719,1377678218,389.0
719,1377678223,387.0
719,1377678228,388.0
719,1377678233,383.0
719,1377678238,391.0
719,1377678243,392.0
719,1377678248,387.0
719,1377678253,390.0
719,1377678258,390.0
719,1377678263,396.0
719,1377678268,391.0
719,1377678273,391.0
719,1377678278,393.0
719,1377678283,387.0
719,1377678288,390.0
719,1377678293,383.0
719,1377678298,382.0
719,1377678303,385.0
719,1377678308,384.0
719,1377678313,384.0
719,1377678318,379.0
719,1377678323,382.0
719,1377678328,384.0
719,1377678333,382.0
719,1377678338,387.0
719,1377678343,388.0
719,1377678348,384.0
719,1377678353,375.0
719,1377678358,382.0
719,1377678363,387.0
719,1377678368,388.0
719,1377678373,390.0
719,1377678378,390.0
719,1377678383,388.0
719,1377678388,387.0
719,1377678393,387.0
719,1377678398,387.0
719,1377678403,387.0
719,1377678408,392.0
719,1377678413,391.0
719,1377678418,391.0
719,1377678423,396.0
719,1377678428,391.0
719,1377678433,392.0
719,1377678438,393.0
719,1377678443,398.0
719,1377678448,398.0
719,1377678453,395.0
719,1377678458,397.0
719,1377678463,396.0
719,1377678468,390.0
719,1377678473,387.0
719,1377678478,383.0
719,1377678483,388.0
719,1377678488,382.0
719,1377678493,380.0
719,1377678498,383.0
719,1377678503,385.0
719,1377678508,382.0
719,1377678513,392.0
719,1377678518,396.0
719,1377678523,390.0
719,1377678528,390.0
719,1377678533,387.0
719,1377678538,383.0
719,1377678543,385.0
719,1377678548,390.0
719,1377678553,398.0
719,1377678558,387.0
719,1377678563,388.0
719,1377678568,385.0
719,1377678573,388.0
719,1377678578,383.0
719,1377678583,387.0
719,1377678588,392.0
719,1377678593,393.0
719,1377678598,398.0
719,1377678603,396.0
719,1377678608,391.0
719,1377678613,383.0
719,1377678618,390.0
719,1377678623,387.0
719,1377678628,392.0
719,1377678633,385.0
719,1377678638,387.0
719,1377678643,385.0
719,1377678648,387.0
719,1377678653,391.0
719,1377678658,395.0
719,1377678663,398.0
719,1377678668,391.0
719,1377678673,393.0
719,1377678678,398.0
719,1377678683,391.0
719,1377678688,396.0
719,1377678693,390.0
719,1377678698,387.0
719,1377678703,382.0
719,1377678708,392.0
719,1377678713,390.0
719,1377678718,391.0
719,1377678723,388.0
719,1377678728,387.0
719,1377678733,387.0
719,1377678738,383.0
719,1377678743,380.0
719,1377678748,382.0
719,1377678753,380.0
719,1377678758,377.0
719,1377678763,375.0
719,1377678768,380.0
719,1377678773,385.0
719,1377678778,383.0
719,1377678783,383.0
719,1377678788,383.0
719,1377678793,387.0
719,1377678798,388.0
719,1377678803,387.0
719,1377678808,385.0
719,1377678813,392.0
719,1377678818,385.0
719,1377678823,385.0
719,1377678828,380.0
719,1377678833,385.0
719,1377678838,381.0
719,1377678843,388.0
719,1377678848,387.0
719,1377678853,387.0
719,1377678858,392.0
719,1377678863,396.0
719,1377678868,390.0
719,1377678873,398.0
719,1377678878,393.0
719,1377678883,390.0
719,1377678888,398.0
719,1377678893,390.0
719,1377678898,396.0
719,1377678903,392.0
719,1377678908,396.0
719,1377678913,392.0
719,1377678918,391.0
719,1377678923,390.0
719,1377678928,396.0
719,1377678933,395.0
719,1377678938,393.0
719,1377678943,382.0
719,1377678948,392.0
719,1377678953,382.0
719,1377678958,381.0
719,1377678963,387.0
719,1377678968,387.0
719,1377678973,392.0
719,1377678978,390.0
719,1377678983,393.0
719,1377678988,396.0
719,1377678993,391.0
719,1377678998,392.0
719,1377679003,390.0
719,1377679008,387.0
719,1377679013,388.0
719,1377679018,385.0
719,1377679023,392.0
719,1377679028,390.0
719,1377679033,392.0
719,1377679038,392.0
719,1377679043,392.0
719,1377679048,393.0
719,1377679053,398.0
719,1377679058,402.0
719,1377679063,403.0
719,1377679068,403.0
719,1377679073,401.0
719,1377679078,391.0
719,1377679083,396.0
719,1377679088,382.0
719,1377679093,382.0
719,1377679098,382.0
719,1377679103,388.0
719,1377679108,388.0
719,1377679113,392.0
719,1377679118,387.0
719,1377679123,387.0
719,1377679128,387.0
719,1377679133,390.0
719,1377679138,390.0
719,1377679143,395.0
719,1377679148,402.0
719,1377679153,404.0
719,1377679158,408.0
719,1377679163,408.0
719,1377679168,397.0
719,1377679173,396.0
719,1377679178,391.0
719,1377679183,396.0
719,1377679188,391.0
719,1377679193,391.0
719,1377679198,395.0
719,1377679203,396.0
719,1377679208,399.0
719,1377679213,396.0
719,1377679218,383.0
719,1377679223,387.0
719,1377679228,391.0
719,1377679233,382.0
719,1377679238,390.0
719,1377679243,387.0
719,1377679248,390.0
719,1377679253,388.0
719,1377679258,388.0
719,1377679263,385.0
719,1377679268,379.0
719,1377679273,384.0
719,1377679278,383.0
719,1377679283,392.0
719,1377679288,395.0
719,1377679293,393.0
719,1377679298,393.0
719,1377679303,390.0
719,1377679308,387.0
719,1377679313,385.0
719,1377679318,379.0
719,1377679323,375.0
719,1377679328,374.0
719,1377679333,380.0
719,1377679338,381.0
719,1377679343,384.0
719,1377679348,385.0
719,1377679353,393.0
719,1377679358,388.0
719,1377679363,383.0
719,1377679368,388.0
719,1377679373,387.0
719,1377679378,383.0
719,1377679383,383.0
719,1377679388,385.0
719,1377679393,380.0
719,1377679398,379.0
719,1377679403,381.0
719,1377679408,382.0
719,1377679413,387.0
719,1377679418,392.0
719,1377679423,390.0
719,1377679428,387.0
719,1377679433,392.0
719,1377679438,393.0
719,1377679443,385.0
719,1377679448,388.0
719,1377679453,379.0
719,1377679458,380.0
719,1377679463,382.0
719,1377679468,382.0
719,1377679473,385.0
719,1377679478,382.0
719,1377679483,385.0
719,1377679488,382.0
719,1377679493,383.0
719,1377679498,385.0
719,1377679503,392.0
719,1377679508,387.0
719,1377679513,390.0
719,1377679518,383.0
719,1377679523,390.0
719,1377679528,391.0
719,1377679533,392.0
719,1377679538,390.0
719,1377679543,388.0
719,1377679548,382.0
719,1377679553,375.0
719,1377679558,374.0
719,1377679563,376.0
719,1377679568,374.0
719,1377679573,375.0
719,1377679578,377.0
719,1377679583,382.0
719,1377679588,384.0
719,1377679593,385.0
719,1377679598,383.0
719,1377679603,392.0
719,1377679608,383.0
719,1377679613,387.0
719,1377679618,388.0
719,1377679623,390.0
719,1377679628,382.0
719,1377679633,385.0
719,1377679638,384.0
719,1377679643,381.0
719,1377679648,388.0
719,1377679653,392.0
719,1377679658,390.0
719,1377679663,396.0
719,1377679668,391.0
719,1377679673,395.0
719,1377679678,393.0
719,1377679683,387.0
719,1377679688,391.0
719,1377679693,390.0
719,1377679698,391.0
719,1377679703,391.0
719,1377679708,392.0
719,1377679713,382.0
719,1377679718,383.0
719,1377679723,382.0
719,1377679728,382.0
719,1377679733,383.0
719,1377679738,383.0
719,1377679743,382.0
719,1377679748,387.0
719,1377679753,387.0
719,1377679758,392.0
719,1377679763,393.0
719,1377679768,396.0
719,1377679773,390.0
719,1377679778,382.0
719,1377679783,387.0
719,1377679788,387.0
719,1377679793,391.0
719,1377679798,390.0
719,1377679803,383.0
719,1377679808,385.0
719,1377679813,392.0
719,1377679818,385.0
719,1377679823,382.0
719,1377679828,379.0
719,1377679833,383.0
719,1377679838,385.0
719,1377679843,382.0
719,1377679848,384.0
719,1377679853,384.0
719,1377679858,388.0
719,1377679863,382.0
719,1377679868,383.0
719,1377679873,383.0
719,1377679878,384.0
719,1377679883,383.0
719,1377679888,385.0
719,1377679893,383.0
719,1377679898,385.0
719,1377679903,382.0
719,1377679908,384.0
719,1377679913,380.0
719,1377679918,385.0
719,1377679923,384.0
719,1377679928,388.0
719,1377679933,387.0
719,1377679938,382.0
719,1377679943,389.0
719,1377679948,390.0
719,1377679953,393.0
719,1377679958,396.0
719,1377679963,390.0
719,1377679968,387.0
719,1377679973,384.0
719,1377679978,385.0
719,1377679983,385.0
719,1377679988,383.0
719,1377679993,396.0
719,1377679998,393.0
719,1377680003,401.0
719,1377680008,397.0
719,1377680013,397.0
719,1377680018,390.0
719,1377680023,391.0
719,1377680028,390.0
719,1377680033,390.0
719,1377680038,387.0
719,1377680043,385.0
719,1377680048,382.0
719,1377680053,388.0
719,1377680058,388.0
719,1377680063,383.0
719,1377680068,388.0
719,1377680073,385.0
719,1377680078,385.0
719,1377680083,383.0
719,1377680088,384.0
719,1377680093,390.0
719,1377680098,396.0
719,1377680103,393.0
719,1377680108,390.0
719,1377680113,390.0
719,1377680118,388.0
719,1377680123,387.0
719,1377680128,392.0
719,1377680133,393.0
719,1377680138,391.0
719,1377680143,393.0
719,1377680148,391.0
719,1377680153,395.0
719,1377680158,391.0
719,1377680163,391.0
719,1377680168,390.0
719,1377680173,385.0
719,1377680178,383.0
719,1377680183,385.0
719,1377680188,396.0
719,1377680193,393.0
719,1377680198,390.0
719,1377680203,395.0
719,1377680208,391.0
719,1377680213,390.0
719,1377680218,396.0
719,1377680223,393.0
719,1377680228,393.0
719,1377680233,393.0
719,1377680238,393.0
719,1377680243,396.0
719,1377680248,392.0
719,1377680253,391.0
719,1377680258,387.0
719,1377680263,392.0
719,1377680268,390.0
719,1377680273,396.0
719,1377680278,387.0
719,1377680283,387.0
719,1377680288,382.0
719,1377680293,380.0
719,1377680298,375.0
719,1377680303,375.0
719,1377680308,381.0
719,1377680313,388.0
719,1377680318,388.0
719,1377680323,391.0
719,1377680328,392.0
719,1377680333,392.0
719,1377680338,392.0
719,1377680343,395.0
719,1377680348,392.0
719,1377680353,390.0
719,1377680358,385.0
719,1377680363,380.0
719,1377680368,375.0
719,1377680373,381.0
719,1377680378,382.0
719,1377680383,382.0
719,1377680388,383.0
719,1377680393,392.0
719,1377680398,390.0
719,1377680403,387.0
719,1377680408,387.0
719,1377680413,390.0
719,1377680418,390.0
719,1377680423,390.0
719,1377680428,391.0
719,1377680433,391.0
719,1377680438,397.0
719,1377680443,393.0
719,1377680448,396.0
719,1377680453,393.0
719,1377680458,395.0
719,1377680463,392.0
719,1377680468,392.0
719,1377680473,387.0
719,1377680478,392.0
719,1377680483,388.0
719,1377680488,388.0
719,1377680493,382.0
719,1377680498,388.0
719,1377680503,388.0
719,1377680508,392.0
719,1377680513,393.0
719,1377680518,391.0
719,1377680523,391.0
719,1377680528,396.0
719,1377680533,391.0
719,1377680538,390.0
719,1377680543,396.0
719,1377680548,390.0
719,1377680553,391.0
719,1377680558,392.0
719,1377680563,393.0
719,1377680568,382.0
719,1377680573,381.0
719,1377680578,375.0
719,1377680583,384.0
719,1377680588,387.0
719,1377680593,390.0
719,1377680598,398.0
719,1377680603,395.0
719,1377680608,390.0
719,1377680613,392.0
719,1377680618,390.0
719,1377680623,396.0
719,1377680628,387.0
719,1377680633,390.0
719,1377680638,392.0
719,1377680643,385.0
719,1377680648,385.0
719,1377680653,393.0
719,1377680658,393.0
719,1377680663,398.0
719,1377680668,400.0
719,1377680673,396.0
719,1377680678,393.0
719,1377680683,390.0
719,1377680688,390.0
719,1377680693,383.0
719,1377680698,396.0
719,1377680703,385.0
719,1377680708,383.0
719,1377680713,392.0
719,1377680718,391.0
719,1377680723,390.0
719,1377680728,391.0
719,1377680733,382.0
719,1377680738,382.0
719,1377680743,385.0
719,1377680748,388.0
719,1377680753,392.0
719,1377680758,390.0
719,1377680763,392.0
719,1377680768,396.0
719,1377680773,387.0
719,1377680778,390.0
719,1377680783,387.0
719,1377680788,396.0
719,1377680793,392.0
719,1377680798,384.0
719,1377680803,377.0
719,1377680808,377.0
719,1377680813,374.0
719,1377680818,380.0
719,1377680823,388.0
719,1377680828,393.0
719,1377680833,396.0
719,1377680838,387.0
719,1377680843,393.0
719,1377680848,390.0
719,1377680853,390.0
719,1377680858,390.0
719,1377680863,390.0
719,1377680868,393.0
719,1377680873,395.0
719,1377680878,401.0
719,1377680883,398.0
719,1377680888,401.0
719,1377680893,397.0
719,1377680898,391.0
719,1377680903,391.0
719,1377680908,388.0
719,1377680913,382.0
719,1377680918,380.0
719,1377680923,382.0
719,1377680928,379.0
719,1377680933,388.0
719,1377680938,390.0
719,1377680943,385.0
719,1377680948,392.0
719,1377680953,388.0
719,1377680958,393.0
719,1377680963,390.0
719,1377680968,393.0
719,1377680973,392.0
719,1377680978,392.0
719,1377680983,392.0
719,1377680988,388.0
719,1377680993,385.0
719,1377680998,388.0
719,1377681003,385.0
719,1377681008,387.0
719,1377681013,392.0
719,1377681018,392.0
719,1377681023,392.0
719,1377681028,392.0
719,1377681033,392.0
719,1377681038,392.0
719,1377681043,388.0
719,1377681048,392.0
719,1377681053,390.0
719,1377681058,391.0
719,1377681063,391.0
719,1377681068,390.0
719,1377681073,391.0
719,1377681078,391.0
719,1377681083,390.0
719,1377681088,391.0
719,1377681093,392.0
719,1377681098,382.0
719,1377681103,388.0
719,1377681108,390.0
719,1377681113,387.0
719,1377681118,383.0
719,1377681123,382.0
719,1377681128,382.0
719,1377681133,380.0
719,1377681138,380.0
719,1377681143,382.0
719,1377681148,384.0
719,1377681153,387.0
719,1377681158,392.0
719,1377681163,387.0
719,1377681168,382.0
719,1377681173,382.0
719,1377681178,388.0
719,1377681183,390.0
719,1377681188,393.0
719,1377681193,387.0
719,1377681198,382.0
719,1377681203,382.0
719,1377681208,381.0
719,1377681213,374.0
719,1377681218,382.0
719,1377681223,384.0
719,1377681228,392.0
719,1377681233,396.0
719,1377681238,395.0
719,1377681243,391.0
719,1377681248,393.0
719,1377681253,382.0
719,1377681258,392.0
719,1377681263,387.0
719,1377681268,388.0
719,1377681273,390.0
719,1377681278,382.0
719,1377681283,382.0
719,1377681288,382.0
719,1377681293,385.0
719,1377681298,396.0
719,1377681303,390.0
719,1377681308,393.0
719,1377681313,395.0
719,1377681318,383.0
719,1377681323,388.0
719,1377681328,382.0
719,1377681333,383.0
719,1377681338,382.0
719,1377681343,387.0
719,1377681348,385.0
719,1377681353,393.0
719,1377681358,391.0
719,1377681363,401.0
719,1377681368,391.0
719,1377681373,392.0
719,1377681378,390.0
719,1377681383,382.0
719,1377681388,388.0
719,1377681393,387.0
719,1377681398,387.0
719,1377681403,382.0
719,1377681408,390.0
719,1377681413,396.0
719,1377681418,393.0
719,1377681423,398.0
719,1377681428,395.0
719,1377681433,398.0
719,1377681438,401.0
719,1377681443,395.0
719,1377681448,398.0
719,1377681453,390.0
719,1377681458,390.0
719,1377681463,393.0
719,1377681468,395.0
719,1377681473,401.0
719,1377681478,401.0
719,1377681483,395.0
719,1377681488,403.0
719,1377681493,390.0
719,1377681498,385.0
719,1377681503,383.0
719,1377681508,382.0
719,1377681513,390.0
719,1377681518,385.0
719,1377681523,392.0
719,1377681528,391.0
719,1377681533,383.0
719,1377681538,385.0
719,1377681543,375.0
719,1377681548,377.0
719,1377681553,374.0
719,1377681558,382.0
719,1377681563,384.0
719,1377681568,382.0
719,1377681573,382.0
719,1377681578,384.0
719,1377681583,385.0
719,1377681588,382.0
719,1377681593,383.0
719,1377681598,392.0
719,1377681603,393.0
719,1377681608,387.0
719,1377681613,396.0
719,1377681618,390.0
719,1377681623,396.0
719,1377681628,396.0
719,1377681633,391.0
719,1377681638,387.0
719,1377681643,387.0
719,1377681648,390.0
719,1377681653,396.0
719,1377681658,390.0
719,1377681663,393.0
719,1377681668,391.0
719,1377681673,387.0
719,1377681678,392.0
719,1377681683,390.0
719,1377681688,392.0
719,1377681693,391.0
719,1377681698,392.0
719,1377681703,387.0
719,1377681708,382.0
719,1377681713,379.0
719,1377681718,377.0
719,1377681723,377.0
719,1377681728,388.0
719,1377681733,387.0
719,1377681738,392.0
719,1377681743,387.0
719,1377681748,390.0
719,1377681753,392.0
719,1377681758,387.0
719,1377681763,387.0
719,1377681768,387.0
719,1377681773,385.0
719,1377681778,384.0
719,1377681783,384.0
719,1377681788,381.0
719,1377681793,382.0
719,1377681798,382.0
719,1377681803,380.0
719,1377681808,388.0
719,1377681813,383.0
719,1377681818,382.0
719,1377681823,390.0
719,1377681828,390.0
719,1377681833,391.0
719,1377681838,393.0
719,1377681843,395.0
719,1377681848,397.0
719,1377681853,395.0
719,1377681858,390.0
719,1377681863,398.0
719,1377681868,393.0
719,1377681873,392.0
719,1377681878,387.0
719,1377681883,390.0
719,1377681888,396.0
719,1377681893,390.0
719,1377681898,390.0
719,1377681903,390.0
719,1377681908,392.0
719,1377681913,390.0
719,1377681918,389.0
719,1377681923,388.0
719,1377681928,382.0
719,1377681933,384.0
719,1377681938,384.0
719,1377681943,382.0
719,1377681948,382.0
719,1377681953,383.0
719,1377681958,396.0
719,1377681963,390.0
719,1377681968,383.0
719,1377681973,387.0
719,1377681978,383.0
719,1377681983,383.0
719,1377681988,387.0
719,1377681993,385.0
719,1377681998,383.0
719,1377682003,385.0
719,1377682008,379.0
719,1377682013,384.0
719,1377682018,379.0
719,1377682023,385.0
719,1377682028,387.0
719,1377682033,389.0
719,1377682038,392.0
719,1377682043,396.0
719,1377682048,396.0
719,1377682053,387.0
719,1377682058,382.0
719,1377682063,375.0
719,1377682068,380.0
719,1377682073,385.0
719,1377682078,391.0
719,1377682083,396.0
719,1377682088,390.0
719,1377682093,390.0
719,1377682098,390.0
719,1377682103,390.0
719,1377682108,396.0
719,1377682113,393.0
719,1377682118,388.0
719,1377682123,388.0
719,1377682128,382.0
719,1377682133,388.0
719,1377682138,385.0
719,1377682143,385.0
719,1377682148,385.0
719,1377682153,388.0
719,1377682158,390.0
719,1377682163,385.0
719,1377682168,387.0
719,1377682173,392.0
719,1377682178,396.0
719,1377682183,400.0
719,1377682188,395.0
719,1377682193,395.0
719,1377682198,393.0
719,1377682203,388.0
719,1377682208,390.0
719,1377682213,393.0
719,1377682218,396.0
719,1377682223,396.0
719,1377682228,396.0
719,1377682233,385.0
719,1377682238,387.0
719,1377682243,382.0
719,1377682248,388.0
719,1377682253,382.0
719,1377682258,382.0
719,1377682263,384.0
719,1377682268,382.0
719,1377682273,388.0
719,1377682278,383.0
719,1377682283,390.0
719,1377682288,392.0
719,1377682293,382.0
719,1377682298,384.0
719,1377682303,384.0
719,1377682308,382.0
719,1377682313,385.0
719,1377682318,390.0
719,1377682323,393.0
719,1377682328,396.0
719,1377682333,390.0
719,1377682338,391.0
719,1377682343,387.0
719,1377682348,390.0
719,1377682353,392.0
719,1377682358,390.0
719,1377682363,395.0
719,1377682368,391.0
719,1377682373,391.0
719,1377682378,391.0
719,1377682383,396.0
719,1377682388,390.0
719,1377682393,393.0
719,1377682398,387.0
719,1377682403,382.0
719,1377682408,384.0
719,1377682413,382.0
719,1377682418,385.0
719,1377682423,385.0
719,1377682428,385.0
719,1377682433,387.0
719,1377682438,384.0
719,1377682443,375.0
719,1377682448,385.0
719,1377682453,382.0
719,1377682458,388.0
719,1377682463,384.0
719,1377682468,382.0
719,1377682473,381.0
719,1377682478,390.0
719,1377682483,377.0
719,1377682488,384.0
719,1377682493,379.0
719,1377682498,379.0
719,1377682503,385.0
719,1377682508,383.0
719,1377682513,391.0
719,1377682518,390.0
719,1377682523,396.0
719,1377682528,396.0
719,1377682533,391.0
719,1377682538,398.0
719,1377682543,395.0
719,1377682548,396.0
719,1377682553,396.0
719,1377682558,393.0
719,1377682563,387.0
719,1377682568,379.0
719,1377682573,375.0
719,1377682578,377.0
719,1377682583,379.0
719,1377682588,375.0
719,1377682593,377.0
719,1377682598,379.0
719,1377682603,385.0
719,1377682608,392.0
719,1377682613,396.0
719,1377682618,396.0
719,1377682623,396.0
719,1377682628,396.0
719,1377682633,396.0
719,1377682638,390.0
719,1377682643,382.0
719,1377682648,375.0
719,1377682653,383.0
719,1377682658,384.0
719,1377682663,382.0
719,1377682668,387.0
719,1377682673,383.0
719,1377682678,392.0
719,1377682683,389.0
719,1377682688,388.0
719,1377682693,393.0
719,1377682698,395.0
719,1377682703,390.0
719,1377682708,397.0
719,1377682713,393.0
719,1377682718,393.0
719,1377682723,387.0
719,1377682728,383.0
719,1377682733,383.0
719,1377682738,391.0
719,1377682743,391.0
719,1377682748,395.0
719,1377682753,391.0
719,1377682758,391.0
719,1377682763,396.0
719,1377682768,391.0
719,1377682773,391.0
719,1377682778,390.0
719,1377682783,393.0
719,1377682788,391.0
719,1377682793,395.0
719,1377682798,390.0
719,1377682803,396.0
719,1377682808,398.0
719,1377682813,404.0
719,1377682818,408.0
719,1377682823,404.0
719,1377682828,400.0
719,1377682833,396.0
719,1377682838,392.0
719,1377682843,387.0
719,1377682848,382.0
719,1377682853,385.0
719,1377682858,384.0
719,1377682863,382.0
719,1377682868,382.0
719,1377682873,383.0
719,1377682878,385.0
719,1377682883,382.0
719,1377682888,385.0
719,1377682893,384.0
719,1377682898,382.0
719,1377682903,385.0
719,1377682908,382.0
719,1377682913,390.0
719,1377682918,392.0
719,1377682923,393.0
719,1377682928,391.0
719,1377682933,401.0
719,1377682938,398.0
719,1377682943,395.0
719,1377682948,393.0
719,1377682953,392.0
719,1377682958,390.0
719,1377682963,383.0
719,1377682968,388.0
719,1377682973,383.0
719,1377682978,392.0
719,1377682983,392.0
719,1377682988,392.0
719,1377682993,382.0
719,1377682998,382.0
719,1377683003,375.0
719,1377683008,384.0
719,1377683013,392.0
719,1377683018,387.0
719,1377683023,390.0
719,1377683028,391.0
719,1377683033,396.0
719,1377683038,390.0
719,1377683043,391.0
719,1377683048,390.0
719,1377683053,382.0
719,1377683058,384.0
719,1377683063,375.0
719,1377683068,381.0
719,1377683073,382.0
719,1377683078,383.0
719,1377683083,393.0
719,1377683088,387.0
719,1377683093,388.0
719,1377683098,382.0
719,1377683103,382.0
719,1377683108,385.0
719,1377683113,391.0
719,1377683118,390.0
719,1377683123,387.0
719,1377683128,391.0
719,1377683133,390.0
719,1377683138,396.0
719,1377683143,393.0
719,1377683148,398.0
719,1377683153,398.0
719,1377683158,397.0
719,1377683163,382.0
719,1377683168,382.0
719,1377683173,384.0
719,1377683178,382.0
719,1377683183,383.0
719,1377683188,387.0
719,1377683193,381.0
719,1377683198,375.0
719,1377683203,375.0
719,1377683208,382.0
719,1377683213,390.0
719,1377683218,398.0
719,1377683223,391.0
719,1377683228,390.0
719,1377683233,382.0
719,1377683238,385.0
719,1377683243,385.0
719,1377683248,382.0
719,1377683253,387.0
719,1377683258,396.0
719,1377683263,393.0
719,1377683268,393.0
719,1377683273,391.0
719,1377683278,388.0
719,1377683283,388.0
719,1377683288,380.0
719,1377683293,382.0
719,1377683298,388.0
719,1377683303,392.0
719,1377683308,398.0
719,1377683313,402.0
719,1377683318,397.0
719,1377683323,398.0
719,1377683328,391.0
719,1377683333,396.0
719,1377683338,384.0
719,1377683342,385.0
719,1377683348,379.0
719,1377683352,388.0
719,1377683358,385.0
719,1377683363,382.0
719,1377683368,385.0
719,1377683373,387.0
719,1377683378,387.0
719,1377683383,390.0
719,1377683388,387.0
719,1377683393,384.0
719,1377683398,382.0
719,1377683403,384.0
719,1377683408,382.0
719,1377683413,392.0
719,1377683418,393.0
719,1377683423,393.0
719,1377683428,393.0
719,1377683433,390.0
719,1377683438,387.0
719,1377683443,387.0
719,1377683448,388.0
719,1377683453,388.0
719,1377683458,383.0
719,1377683463,383.0
719,1377683468,387.0
719,1377683473,392.0
719,1377683478,390.0
719,1377683483,390.0
719,1377683487,393.0
719,1377683493,392.0
719,1377683498,382.0
719,1377683503,385.0
719,1377683507,377.0
719,1377683513,382.0
719,1377683518,379.0
719,1377683523,381.0
719,1377683528,382.0
719,1377683533,383.0
719,1377683538,382.0
719,1377683543,382.0
719,1377683548,383.0
719,1377683552,384.0
719,1377683558,390.0
719,1377683563,393.0
719,1377683568,396.0
719,1377683573,395.0
719,1377683578,393.0
719,1377683583,393.0
719,1377683588,387.0
719,1377683593,390.0
719,1377683598,383.0
719,1377683603,390.0
719,1377683608,393.0
719,1377683613,395.0
719,1377683618,392.0
719,1377683623,398.0
719,1377683628,387.0
719,1377683632,392.0
719,1377683638,392.0
719,1377683643,388.0
719,1377683648,387.0
719,1377683653,388.0
719,1377683658,387.0
719,1377683662,390.0
719,1377683667,390.0
719,1377683673,397.0
719,1377683678,397.0
719,1377683683,396.0
719,1377683687,395.0
719,1377683693,392.0
719,1377683698,388.0
719,1377683703,388.0
719,1377683707,382.0
719,1377683712,390.0
719,1377683717,396.0
719,1377683723,390.0
719,1377683727,393.0
719,1377683732,387.0
719,1377683737,392.0
719,1377683743,382.0
719,1377683748,392.0
719,1377683752,388.0
719,1377683757,392.0
719,1377683762,396.0
719,1377683767,391.0
719,1377683772,392.0
719,1377683778,385.0
719,1377683783,379.0
719,1377683787,381.0
719,1377683792,375.0
719,1377683798,381.0
719,1377683802,383.0
719,1377683808,393.0
719,1377683812,396.0
719,1377683817,390.0
719,1377683822,397.0
719,1377683828,396.0
719,1377683832,391.0
719,1377683837,393.0
719,1377683842,396.0
719,1377683847,388.0
719,1377683852,387.0
719,1377683857,379.0
719,1377683862,380.0
719,1377683867,382.0
719,1377683872,382.0
719,1377683877,383.0
719,1377683883,392.0
719,1377683887,383.0
719,1377683892,382.0
719,1377683897,379.0
719,1377683902,375.0
719,1377683907,385.0
719,1377683912,385.0
719,1377683917,382.0
719,1377683922,392.0
719,1377683927,387.0
719,1377683932,387.0
719,1377683937,388.0
719,1377683942,383.0
719,1377683947,384.0
719,1377683952,375.0
719,1377683957,379.0
719,1377683962,380.0
719,1377683967,379.0
719,1377683972,388.0
719,1377683977,383.0
719,1377683982,385.0
719,1377683987,383.0
719,1377683992,388.0
719,1377683997,387.0
719,1377684002,385.0
719,1377684007,382.0
719,1377684012,380.0
719,1377684017,382.0
719,1377684022,382.0
719,1377684027,382.0
719,1377684032,382.0
719,1377684037,387.0
719,1377684042,382.0
719,1377684047,387.0
719,1377684052,388.0
719,1377684057,382.0
719,1377684062,375.0
719,1377684067,377.0
719,1377684072,382.0
719,1377684077,384.0
719,1377684082,396.0
719,1377684087,393.0
719,1377684092,390.0
719,1377684097,385.0
719,1377684102,382.0
719,1377684107,374.0
719,1377684112,382.0
719,1377684117,382.0
719,1377684122,396.0
719,1377684127,393.0
719,1377684132,393.0
719,1377684137,387.0
719,1377684142,383.0
719,1377684147,389.0
719,1377684152,385.0
719,1377684157,382.0
719,1377684162,382.0
719,1377684167,385.0
719,1377684172,381.0
719,1377684177,382.0
719,1377684182,379.0
719,1377684187,379.0
719,1377684192,385.0
719,1377684197,382.0
719,1377684202,382.0
719,1377684207,385.0
719,1377684212,385.0
719,1377684217,384.0
719,1377684222,379.0
719,1377684227,388.0
719,1377684232,377.0
719,1377684237,385.0
719,1377684242,379.0
719,1377684247,387.0
719,1377684252,382.0
719,1377684257,390.0
719,1377684262,393.0
719,1377684267,387.0
719,1377684272,392.0
719,1377684277,396.0
719,1377684282,393.0
719,1377684287,395.0
719,1377684292,391.0
719,1377684297,390.0
719,1377684302,390.0
719,1377684307,391.0
719,1377684313,391.0
719,1377684317,392.0
719,1377684322,382.0
719,1377684327,382.0
719,1377684332,383.0
719,1377684337,385.0
719,1377684342,392.0
719,1377684347,392.0
719,1377684352,393.0
719,1377684357,391.0
719,1377684362,393.0
719,1377684367,392.0
719,1377684372,392.0
719,1377684377,383.0
719,1377684382,384.0
719,1377684387,384.0
719,1377684392,382.0
719,1377684397,382.0
719,1377684402,382.0
719,1377684407,382.0
719,1377684412,380.0
719,1377684417,380.0
719,1377684422,379.0
719,1377684427,382.0
719,1377684432,388.0
719,1377684437,387.0
719,1377684442,382.0
719,1377684447,385.0
719,1377684452,379.0
719,1377684457,385.0
719,1377684462,382.0
719,1377684467,382.0
719,1377684472,391.0
719,1377684477,391.0
719,1377684482,385.0
719,1377684487,387.0
719,1377684492,377.0
719,1377684497,381.0
719,1377684502,375.0
719,1377684507,380.0
719,1377684512,380.0
719,1377684517,384.0
719,1377684522,385.0
719,1377684527,383.0
719,1377684532,390.0
719,1377684537,396.0
719,1377684542,392.0
719,1377684547,390.0
719,1377684552,390.0
719,1377684557,393.0
719,1377684562,390.0
719,1377684567,391.0
719,1377684572,393.0
719,1377684577,393.0
719,1377684582,398.0
719,1377684587,396.0
719,1377684592,398.0
719,1377684597,396.0
719,1377684602,393.0
719,1377684607,382.0
719,1377684612,385.0
719,1377684617,387.0
719,1377684622,395.0
719,1377684627,393.0
719,1377684632,390.0
719,1377684637,385.0
719,1377684642,382.0
719,1377684647,384.0
719,1377684652,385.0
719,1377684657,385.0
719,1377684662,388.0
719,1377684667,385.0
719,1377684672,390.0
719,1377684677,387.0
719,1377684682,388.0
719,1377684687,383.0
719,1377684692,385.0
719,1377684697,390.0
719,1377684702,396.0
719,1377684707,397.0
719,1377684712,393.0
719,1377684717,396.0
719,1377684722,388.0
719,1377684727,382.0
719,1377684732,379.0
719,1377684737,382.0
719,1377684742,388.0
719,1377684748,382.0
719,1377684752,388.0
719,1377684757,385.0
719,1377684762,380.0
719,1377684767,381.0
719,1377684772,388.0
719,1377684778,388.0
719,1377684782,383.0
719,1377684787,383.0
719,1377684792,385.0
719,1377684797,392.0
719,1377684802,393.0
719,1377684807,396.0
719,1377684812,393.0
719,1377684817,385.0
719,1377684822,375.0
719,1377684827,380.0
719,1377684832,380.0
719,1377684837,382.0
719,1377684842,385.0
719,1377684847,388.0
719,1377684852,392.0
719,1377684857,388.0
719,1377684862,385.0
719,1377684867,385.0
719,1377684872,383.0
719,1377684877,385.0
719,1377684882,382.0
719,1377684887,385.0
719,1377684892,382.0
719,1377684897,382.0
719,1377684902,393.0
719,1377684907,395.0
719,1377684912,398.0
719,1377684917,398.0
719,1377684922,393.0
719,1377684927,382.0
719,1377684932,384.0
719,1377684938,380.0
719,1377684943,377.0
719,1377684947,382.0
719,1377684952,379.0
719,1377684957,382.0
719,1377684963,381.0
719,1377684967,385.0
719,1377684972,390.0
719,1377684977,390.0
719,1377684982,396.0
719,1377684987,395.0
719,1377684992,393.0
719,1377684998,398.0
719,1377685002,391.0
719,1377685007,392.0
719,1377685012,383.0
719,1377685017,390.0
719,1377685022,390.0
719,1377685027,390.0
719,1377685032,390.0
719,1377685037,383.0
719,1377685042,387.0
719,1377685048,383.0
719,1377685052,384.0
719,1377685057,387.0
719,1377685062,390.0
719,1377685068,396.0
719,1377685072,396.0
719,1377685078,390.0
719,1377685082,396.0
719,1377685087,392.0
719,1377685092,393.0
719,1377685097,396.0
719,1377685102,396.0
719,1377685107,392.0
719,1377685112,388.0
719,1377685117,382.0
719,1377685122,382.0
719,1377685127,380.0
719,1377685133,382.0
719,1377685138,379.0
719,1377685142,382.0
719,1377685147,396.0
719,1377685152,392.0
719,1377685158,390.0
719,1377685163,395.0
719,1377685167,393.0
719,1377685172,393.0
719,1377685177,388.0
719,1377685183,383.0
719,1377685188,384.0
719,1377685192,382.0
719,1377685197,375.0
719,1377685203,379.0
719,1377685207,385.0
719,1377685212,379.0
719,1377685217,385.0
719,1377685223,388.0
719,1377685228,391.0
719,1377685233,391.0
719,1377685237,396.0
719,1377685242,388.0
719,1377685247,392.0
719,1377685253,385.0
719,1377685258,387.0
719,1377685263,382.0
719,1377685268,385.0
719,1377685272,385.0
719,1377685277,385.0
719,1377685283,385.0
719,1377685288,388.0
719,1377685292,387.0
719,1377685297,392.0
719,1377685302,387.0
719,1377685307,393.0
719,1377685313,396.0
719,1377685318,391.0
719,1377685322,396.0
719,1377685327,392.0
719,1377685332,390.0
719,1377685338,388.0
719,1377685343,393.0
719,1377685347,385.0
719,1377685353,382.0
719,1377685358,382.0
719,1377685363,382.0
719,1377685368,381.0
719,1377685372,383.0
719,1377685378,390.0
719,1377685383,397.0
719,1377685388,398.0
719,1377685392,401.0
719,1377685398,397.0
719,1377685402,396.0
719,1377685408,390.0
719,1377685413,387.0
719,1377685418,381.0
719,1377685422,374.0
719,1377685428,374.0
719,1377685433,375.0
719,1377685438,379.0
719,1377685443,387.0
719,1377685448,385.0
719,1377685453,387.0
719,1377685458,387.0
719,1377685463,385.0
719,1377685468,388.0
719,1377685473,384.0
719,1377685478,382.0
719,1377685483,384.0
719,1377685488,382.0
719,1377685493,384.0
719,1377685498,385.0
719,1377685503,382.0
719,1377685508,383.0
719,1377685513,382.0
719,1377685518,381.0
719,1377685523,384.0
719,1377685528,385.0
719,1377685533,385.0
719,1377685538,388.0
719,1377685543,388.0
719,1377685548,387.0
719,1377685553,383.0
719,1377685558,392.0
719,1377685563,392.0
719,1377685568,382.0
719,1377685573,382.0
719,1377685578,387.0
719,1377685583,385.0
719,1377685588,385.0
719,1377685593,383.0
719,1377685598,385.0
719,1377685603,388.0
719,1377685608,391.0
719,1377685613,392.0
719,1377685618,387.0
719,1377685623,396.0
719,1377685628,387.0
719,1377685633,388.0
719,1377685638,382.0
719,1377685643,383.0
719,1377685648,383.0
719,1377685653,388.0
719,1377685658,387.0
719,1377685663,392.0
719,1377685668,396.0
719,1377685673,395.0
719,1377685678,391.0
719,1377685683,392.0
719,1377685688,387.0
719,1377685693,390.0
719,1377685698,388.0
719,1377685703,392.0
719,1377685708,390.0
719,1377685713,393.0
719,1377685718,390.0
719,1377685723,392.0
719,1377685728,391.0
719,1377685733,396.0
719,1377685737,391.0
719,1377685743,387.0
719,1377685748,383.0
719,1377685753,388.0
719,1377685757,384.0
719,1377685763,380.0
719,1377685768,377.0
719,1377685773,380.0
719,1377685778,380.0
719,1377685782,380.0
719,1377685788,381.0
719,1377685793,380.0
719,1377685798,385.0
719,1377685803,383.0
719,1377685808,380.0
719,1377685813,377.0
719,1377685818,380.0
719,1377685823,374.0
719,1377685828,377.0
719,1377685833,382.0
719,1377685838,381.0
719,1377685843,387.0
719,1377685848,385.0
719,1377685853,388.0
719,1377685858,382.0
719,1377685863,384.0
719,1377685867,384.0
719,1377685872,387.0
719,1377685878,387.0
719,1377685883,390.0
719,1377685888,392.0
719,1377685893,392.0
719,1377685898,392.0
719,1377685903,392.0
719,1377685908,390.0
719,1377685913,392.0
719,1377685917,390.0
719,1377685922,383.0
719,1377685928,388.0
719,1377685933,384.0
719,1377685938,385.0
719,1377685942,382.0
719,1377685948,385.0
719,1377685953,383.0
719,1377685958,383.0
719,1377685963,387.0
719,1377685968,391.0
719,1377685973,393.0
719,1377685977,396.0
719,1377685982,397.0
719,1377685988,398.0
719,1377685993,396.0
719,1377685998,396.0
719,1377686003,396.0
719,1377686008,391.0
719,1377686013,383.0
719,1377686018,393.0
719,1377686023,391.0
719,1377686027,388.0
719,1377686033,382.0
719,1377686038,379.0
719,1377686043,382.0
719,1377686048,382.0
719,1377686053,382.0
719,1377686058,396.0
719,1377686062,389.0
719,1377686068,392.0
719,1377686073,388.0
719,1377686078,379.0
719,1377686082,375.0
719,1377686087,377.0
719,1377686093,381.0
719,1377686098,385.0
719,1377686102,388.0
719,1377686107,384.0
719,1377686113,382.0
719,1377686118,385.0
719,1377686123,390.0
719,1377686127,393.0
719,1377686132,396.0
719,1377686138,387.0
719,1377686143,387.0
719,1377686148,387.0
719,1377686152,385.0
719,1377686157,385.0
719,1377686163,387.0
719,1377686168,396.0
719,1377686173,401.0
719,1377686177,403.0
719,1377686183,403.0
719,1377686188,403.0
719,1377686193,395.0
719,1377686198,390.0
719,1377686203,387.0
719,1377686208,387.0
719,1377686212,385.0
719,1377686217,382.0
719,1377686223,387.0
719,1377686228,387.0
719,1377686233,390.0
719,1377686237,396.0
719,1377686242,392.0
719,1377686247,396.0
719,1377686253,390.0
719,1377686258,396.0
719,1377686263,391.0
719,1377686268,382.0
719,1377686272,385.0
719,1377686278,390.0
719,1377686283,387.0
719,1377686288,396.0
719,1377686292,385.0
719,1377686297,383.0
719,1377686303,388.0
719,1377686308,383.0
719,1377686313,384.0
719,1377686318,375.0
719,1377686322,367.0
719,1377686328,374.0
719,1377686333,380.0
719,1377686338,396.0
719,1377686343,398.0
719,1377686347,400.0
719,1377686353,400.0
719,1377686358,396.0
719,1377686362,396.0
719,1377686368,393.0
719,1377686372,391.0
719,1377686378,390.0
719,1377686383,391.0
719,1377686387,392.0
719,1377686392,391.0
719,1377686398,392.0
719,1377686403,387.0
719,1377686408,385.0
719,1377686413,382.0
719,1377686417,380.0
719,1377686422,381.0
719,1377686427,379.0
719,1377686433,384.0
719,1377686438,381.0
719,1377686442,380.0
719,1377686447,374.0
719,1377686453,380.0
719,1377686458,375.0
719,1377686462,381.0
719,1377686467,385.0
719,1377686472,387.0
719,1377686478,392.0
719,1377686483,387.0
719,1377686487,397.0
719,1377686493,393.0
719,1377686498,401.0
719,1377686503,395.0
719,1377686508,400.0
719,1377686513,392.0
719,1377686517,388.0
719,1377686522,382.0
719,1377686528,388.0
719,1377686533,385.0
719,1377686538,381.0
719,1377686542,381.0
719,1377686547,382.0
719,1377686553,382.0
719,1377686558,382.0
719,1377686563,385.0
719,1377686567,390.0
719,1377686572,392.0
719,1377686577,388.0
719,1377686583,387.0
719,1377686588,388.0
719,1377686593,382.0
719,1377686597,381.0
719,1377686602,385.0
719,1377686608,385.0
719,1377686613,388.0
719,1377686617,390.0
719,1377686622,396.0
719,1377686627,395.0
719,1377686633,391.0
719,1377686638,385.0
719,1377686642,383.0
719,1377686647,375.0
719,1377686652,379.0
719,1377686657,380.0
719,1377686662,388.0
719,1377686667,382.0
719,1377686672,392.0
719,1377686678,392.0
719,1377686683,383.0
719,1377686687,382.0
719,1377686692,388.0
719,1377686698,382.0
719,1377686703,388.0
719,1377686708,387.0
719,1377686712,385.0
719,1377686717,383.0
719,1377686722,382.0
719,1377686728,385.0
719,1377686732,381.0
719,1377686737,388.0
719,1377686742,381.0
719,1377686747,382.0
719,1377686752,382.0
719,1377686758,388.0
719,1377686763,375.0
719,1377686767,380.0
719,1377686772,385.0
719,1377686777,388.0
719,1377686783,390.0
719,1377686788,387.0
719,1377686792,392.0
719,1377686797,393.0
719,1377686802,396.0
719,1377686807,391.0
719,1377686813,387.0
719,1377686818,385.0
719,1377686822,382.0
719,1377686827,385.0
719,1377686833,388.0
719,1377686837,383.0
719,1377686842,392.0
719,1377686847,388.0
719,1377686852,393.0
719,1377686857,391.0
719,1377686862,401.0
719,1377686868,397.0
719,1377686872,391.0
719,1377686877,385.0
719,1377686882,382.0
719,1377686887,384.0
719,1377686893,384.0
719,1377686897,388.0
719,1377686903,385.0
719,1377686907,387.0
719,1377686912,388.0
719,1377686918,390.0
719,1377686923,390.0
719,1377686927,391.0
719,1377686932,397.0
719,1377686938,398.0
719,1377686942,400.0
719,1377686948,397.0
719,1377686952,402.0
719,1377686957,395.0
719,1377686963,395.0
719,1377686968,390.0
719,1377686973,383.0
719,1377686977,388.0
719,1377686982,387.0
719,1377686987,385.0
719,1377686992,379.0
719,1377686997,382.0
719,1377687002,382.0
719,1377687007,391.0
719,1377687012,396.0
719,1377687018,390.0
719,1377687022,390.0
719,1377687027,382.0
719,1377687032,382.0
719,1377687037,383.0
719,1377687042,393.0
719,1377687047,393.0
719,1377687052,396.0
719,1377687057,392.0
719,1377687062,392.0
719,1377687067,393.0
719,1377687072,393.0
719,1377687077,393.0
719,1377687082,390.0
719,1377687087,396.0
719,1377687092,396.0
719,1377687098,390.0
719,1377687103,391.0
719,1377687107,390.0
719,1377687112,396.0
719,1377687117,396.0
719,1377687123,401.0
719,1377687128,398.0
719,1377687132,398.0
719,1377687137,393.0
719,1377687142,388.0
719,1377687147,388.0
719,1377687152,381.0
719,1377687157,384.0
719,1377687162,385.0
719,1377687167,387.0
719,1377687173,392.0
719,1377687177,395.0
719,1377687182,390.0
719,1377687187,393.0
719,1377687192,396.0
719,1377687197,396.0
719,1377687203,389.0
719,1377687207,388.0
719,1377687212,382.0
719,1377687217,380.0
719,1377687223,380.0
719,1377687227,392.0
719,1377687232,389.0
719,1377687237,396.0
719,1377687242,393.0
719,1377687247,396.0
719,1377687252,392.0
719,1377687257,396.0
719,1377687262,396.0
719,1377687267,395.0
719,1377687272,400.0
719,1377687277,395.0
719,1377687282,396.0
719,1377687287,391.0
719,1377687292,387.0
719,1377687297,380.0
719,1377687302,377.0
719,1377687307,376.0
719,1377687312,373.0
719,1377687317,372.0
719,1377687322,375.0
719,1377687327,377.0
719,1377687332,384.0
719,1377687337,385.0
719,1377687342,387.0
719,1377687347,383.0
719,1377687352,392.0
719,1377687357,380.0
719,1377687362,377.0
719,1377687367,365.0
719,1377687372,366.0
719,1377687377,372.0
719,1377687382,374.0
719,1377687387,380.0
719,1377687392,374.0
719,1377687397,375.0
719,1377687402,380.0
719,1377687407,385.0
719,1377687412,392.0
719,1377687417,396.0
719,1377687422,393.0
719,1377687427,390.0
719,1377687432,393.0
719,1377687437,393.0
719,1377687442,396.0
719,1377687447,393.0
719,1377687452,383.0
719,1377687457,387.0
719,1377687462,384.0
719,1377687467,382.0
719,1377687472,387.0
719,1377687477,387.0
719,1377687482,393.0
719,1377687487,390.0
719,1377687492,395.0
719,1377687497,393.0
719,1377687502,390.0
719,1377687507,391.0
719,1377687512,387.0
719,1377687517,385.0
719,1377687522,382.0
719,1377687527,383.0
719,1377687532,385.0
719,1377687537,379.0
719,1377687542,380.0
719,1377687547,374.0
719,1377687552,380.0
719,1377687557,382.0
719,1377687562,382.0
719,1377687567,391.0
719,1377687572,398.0
719,1377687577,401.0
719,1377687582,403.0
719,1377687587,401.0
719,1377687592,397.0
719,1377687597,398.0
719,1377687602,401.0
719,1377687607,401.0
719,1377687612,398.0
719,1377687617,395.0
719,1377687622,404.0
719,1377687627,397.0
719,1377687632,398.0
719,1377687637,395.0
719,1377687642,398.0
719,1377687647,390.0
719,1377687652,392.0
719,1377687657,385.0
719,1377687662,385.0
719,1377687667,384.0
719,1377687672,380.0
719,1377687677,384.0
719,1377687682,382.0
719,1377687687,388.0
719,1377687692,390.0
719,1377687697,396.0
719,1377687702,387.0
719,1377687707,391.0
719,1377687712,387.0
719,1377687717,387.0
719,1377687722,388.0
719,1377687727,382.0
719,1377687732,387.0
719,1377687737,392.0
719,1377687742,382.0
719,1377687747,382.0
719,1377687752,374.0
719,1377687757,374.0
719,1377687762,369.0
719,1377687767,373.0
719,1377687772,377.0
719,1377687777,380.0
719,1377687782,383.0
719,1377687787,385.0
719,1377687792,385.0
719,1377687797,383.0
719,1377687802,382.0
719,1377687807,392.0
719,1377687812,392.0
719,1377687817,396.0
719,1377687822,395.0
719,1377687827,391.0
719,1377687832,397.0
719,1377687837,390.0
719,1377687842,396.0
719,1377687847,387.0
719,1377687852,387.0
719,1377687857,382.0
719,1377687862,383.0
719,1377687867,385.0
719,1377687872,385.0
719,1377687877,384.0
719,1377687882,385.0
719,1377687887,384.0
719,1377687892,382.0
719,1377687897,377.0
719,1377687902,374.0
719,1377687907,374.0
719,1377687912,371.0
719,1377687917,378.0
719,1377687922,379.0
719,1377687927,385.0
719,1377687932,388.0
719,1377687937,387.0
719,1377687942,387.0
719,1377687947,391.0
719,1377687952,395.0
719,1377687957,390.0
719,1377687962,390.0
719,1377687967,393.0
719,1377687972,388.0
719,1377687977,383.0
719,1377687982,385.0
719,1377687987,385.0
719,1377687992,382.0
719,1377687997,385.0
719,1377688002,385.0
719,1377688007,382.0
719,1377688012,388.0
719,1377688017,390.0
719,1377688022,388.0
719,1377688027,382.0
719,1377688032,384.0
719,1377688037,377.0
719,1377688042,374.0
719,1377688047,369.0
719,1377688052,375.0
719,1377688057,382.0
719,1377688062,382.0
719,1377688067,388.0
719,1377688072,387.0
719,1377688077,385.0
719,1377688082,385.0
719,1377688087,392.0
719,1377688092,390.0
719,1377688097,388.0
719,1377688102,385.0
719,1377688107,382.0
719,1377688112,382.0
719,1377688117,375.0
719,1377688122,382.0
719,1377688127,379.0
719,1377688132,379.0
719,1377688137,384.0
719,1377688142,383.0
719,1377688147,395.0
719,1377688152,398.0
719,1377688157,397.0
719,1377688162,396.0
719,1377688167,387.0
719,1377688172,382.0
719,1377688177,379.0
719,1377688182,382.0
719,1377688187,380.0
719,1377688192,382.0
719,1377688197,375.0
719,1377688202,375.0
719,1377688207,374.0
719,1377688212,374.0
719,1377688217,379.0
719,1377688222,396.0
719,1377688227,397.0
719,1377688232,398.0
719,1377688237,395.0
719,1377688242,383.0
719,1377688247,383.0
719,1377688252,375.0
719,1377688257,388.0
719,1377688262,374.0
719,1377688267,377.0
719,1377688272,374.0
719,1377688277,377.0
719,1377688282,375.0
719,1377688287,382.0
719,1377688292,385.0
719,1377688297,393.0
719,1377688302,391.0
719,1377688307,393.0
719,1377688312,387.0
719,1377688317,387.0
719,1377688322,383.0
719,1377688327,384.0
719,1377688332,380.0
719,1377688337,375.0
719,1377688342,383.0
719,1377688347,382.0
719,1377688352,387.0
719,1377688357,393.0
719,1377688362,390.0
719,1377688367,390.0
719,1377688372,391.0
719,1377688377,385.0
719,1377688382,384.0
719,1377688387,379.0
719,1377688392,380.0
719,1377688397,374.0
719,1377688402,370.0
719,1377688407,365.0
719,1377688412,371.0
719,1377688417,382.0
719,1377688422,396.0
719,1377688427,392.0
719,1377688432,387.0
719,1377688437,387.0
719,1377688442,387.0
719,1377688447,388.0
719,1377688452,392.0
719,1377688457,392.0
719,1377688462,390.0
719,1377688467,395.0
719,1377688472,395.0
719,1377688477,393.0
719,1377688482,393.0
719,1377688487,394.0
719,1377688492,385.0
719,1377688497,384.0
719,1377688502,377.0
719,1377688507,374.0
719,1377688512,372.0
719,1377688517,375.0
719,1377688522,384.0
719,1377688527,384.0
719,1377688532,387.0
719,1377688537,392.0
719,1377688542,396.0
719,1377688547,396.0
719,1377688552,387.0
719,1377688557,388.0
719,1377688562,387.0
719,1377688567,390.0
719,1377688572,387.0
719,1377688577,385.0
719,1377688582,382.0
719,1377688587,377.0
719,1377688592,377.0
719,1377688597,382.0
719,1377688602,386.0
719,1377688607,392.0
719,1377688612,391.0
719,1377688617,393.0
719,1377688622,396.0
719,1377688627,388.0
719,1377688632,382.0
719,1377688637,379.0
719,1377688642,385.0
719,1377688647,379.0
719,1377688652,379.0
719,1377688657,382.0
719,1377688662,392.0
719,1377688667,390.0
719,1377688672,395.0
719,1377688677,398.0
719,1377688682,391.0
719,1377688687,391.0
719,1377688692,390.0
719,1377688697,393.0
719,1377688702,382.0
719,1377688707,382.0
719,1377688712,382.0
719,1377688717,377.0
719,1377688722,380.0
719,1377688727,375.0
719,1377688732,380.0
719,1377688737,379.0
719,1377688742,384.0
719,1377688747,385.0
719,1377688752,379.0
719,1377688757,382.0
719,1377688762,380.0
719,1377688767,384.0
719,1377688772,375.0
719,1377688777,380.0
719,1377688782,385.0
719,1377688787,385.0
719,1377688792,383.0
719,1377688797,385.0
719,1377688802,385.0
719,1377688807,385.0
719,1377688812,388.0
719,1377688817,382.0
719,1377688822,382.0
719,1377688827,384.0
719,1377688832,385.0
719,1377688837,385.0
719,1377688842,383.0
719,1377688847,379.0
719,1377688852,381.0
719,1377688857,375.0
719,1377688862,375.0
719,1377688867,371.0
719,1377688872,374.0
719,1377688877,374.0
719,1377688882,388.0
719,1377688887,388.0
719,1377688892,388.0
719,1377688897,382.0
719,1377688902,384.0
719,1377688907,375.0
719,1377688912,374.0
719,1377688917,382.0
719,1377688922,380.0
719,1377688927,388.0
719,1377688932,388.0
719,1377688937,382.0
719,1377688942,388.0
719,1377688947,389.0
719,1377688952,383.0
719,1377688957,382.0
719,1377688962,388.0
719,1377688967,383.0
719,1377688972,387.0
719,1377688977,388.0
719,1377688982,388.0
719,1377688987,392.0
719,1377688992,388.0
719,1377688997,385.0
719,1377689002,385.0
719,1377689007,388.0
719,1377689012,385.0
719,1377689017,382.0
719,1377689022,384.0
719,1377689027,384.0
719,1377689032,381.0
719,1377689037,383.0
719,1377689042,384.0
719,1377689047,382.0
719,1377689052,385.0
719,1377689057,388.0
719,1377689062,390.0
719,1377689067,387.0
719,1377689072,385.0
719,1377689077,382.0
719,1377689082,387.0
719,1377689087,385.0
719,1377689092,383.0
719,1377689097,384.0
719,1377689102,388.0
719,1377689107,385.0
719,1377689112,387.0
719,1377689117,387.0
719,1377689122,389.0
719,1377689127,385.0
719,1377689132,388.0
719,1377689137,382.0
719,1377689142,382.0
719,1377689147,382.0
719,1377689152,382.0
719,1377689157,385.0
719,1377689162,382.0
719,1377689167,392.0
719,1377689172,388.0
719,1377689177,390.0
719,1377689182,390.0
719,1377689187,393.0
719,1377689192,395.0
719,1377689197,393.0
719,1377689202,392.0
719,1377689207,387.0
719,1377689212,382.0
719,1377689217,388.0
719,1377689222,387.0
719,1377689227,389.0
719,1377689232,382.0
719,1377689237,382.0
719,1377689242,376.0
719,1377689247,374.0
719,1377689252,372.0
719,1377689257,376.0
719,1377689262,374.0
719,1377689267,380.0
719,1377689272,382.0
719,1377689277,375.0
719,1377689282,382.0
719,1377689287,379.0
719,1377689292,377.0
719,1377689297,379.0
719,1377689302,380.0
719,1377689307,385.0
719,1377689312,383.0
719,1377689317,385.0
719,1377689322,392.0
719,1377689327,383.0
719,1377689332,396.0
719,1377689337,396.0
719,1377689342,395.0
719,1377689347,397.0
719,1377689353,397.0
719,1377689357,393.0
719,1377689362,396.0
719,1377689367,385.0
719,1377689372,385.0
719,1377689377,379.0
719,1377689382,385.0
719,1377689387,388.0
719,1377689392,392.0
719,1377689397,388.0
719,1377689402,385.0
719,1377689407,383.0
719,1377689412,387.0
719,1377689417,392.0
719,1377689422,392.0
719,1377689427,387.0
719,1377689432,384.0
719,1377689437,388.0
719,1377689442,387.0
719,1377689447,392.0
719,1377689452,391.0
719,1377689457,390.0
719,1377689462,387.0
719,1377689467,387.0
719,1377689472,388.0
719,1377689477,395.0
719,1377689482,393.0
719,1377689487,398.0
719,1377689492,391.0
719,1377689497,390.0
719,1377689502,387.0
719,1377689507,383.0
719,1377689512,392.0
719,1377689517,392.0
719,1377689522,385.0
719,1377689527,382.0
719,1377689532,384.0
719,1377689538,379.0
719,1377689542,382.0
719,1377689547,383.0
719,1377689552,382.0
719,1377689557,383.0
719,1377689562,390.0
719,1377689567,391.0
719,1377689572,393.0
719,1377689577,390.0
719,1377689582,393.0
719,1377689587,387.0
719,1377689592,382.0
719,1377689597,384.0
719,1377689602,388.0
719,1377689607,385.0
719,1377689612,383.0
719,1377689617,388.0
719,1377689622,388.0
719,1377689627,384.0
719,1377689632,382.0
719,1377689637,385.0
719,1377689642,388.0
719,1377689647,383.0
719,1377689652,382.0
719,1377689657,383.0
719,1377689662,379.0
719,1377689667,380.0
719,1377689672,375.0
719,1377689677,380.0
719,1377689682,380.0
719,1377689687,375.0
719,1377689692,388.0
719,1377689697,384.0
719,1377689702,384.0
719,1377689707,382.0
719,1377689712,375.0
719,1377689717,377.0
719,1377689722,377.0
719,1377689727,382.0
719,1377689732,374.0
719,1377689737,377.0
719,1377689742,377.0
719,1377689747,381.0
719,1377689752,381.0
719,1377689757,382.0
719,1377689762,384.0
719,1377689767,385.0
719,1377689772,382.0
719,1377689777,387.0
719,1377689782,383.0
719,1377689787,388.0
719,1377689792,387.0
719,1377689797,391.0
719,1377689802,393.0
719,1377689807,393.0
719,1377689812,391.0
719,1377689817,398.0
719,1377689822,396.0
719,1377689827,393.0
719,1377689832,396.0
719,1377689837,391.0
719,1377689842,390.0
719,1377689847,393.0
719,1377689852,396.0
719,1377689857,382.0
719,1377689862,383.0
719,1377689867,384.0
719,1377689872,382.0
719,1377689877,385.0
719,1377689882,387.0
719,1377689887,385.0
719,1377689892,385.0
719,1377689897,385.0
719,1377689902,381.0
719,1377689907,385.0
719,1377689912,382.0
719,1377689917,388.0
719,1377689922,384.0
719,1377689927,388.0
719,1377689932,388.0
719,1377689937,388.0
719,1377689942,395.0
719,1377689947,395.0
719,1377689952,396.0
719,1377689957,393.0
719,1377689962,382.0
719,1377689967,379.0
719,1377689972,377.0
719,1377689977,380.0
719,1377689982,375.0
719,1377689987,381.0
719,1377689992,385.0
719,1377689997,387.0
719,1377690002,387.0
719,1377690007,393.0
719,1377690012,383.0
719,1377690017,387.0
719,1377690022,385.0
719,1377690027,384.0
719,1377690032,388.0
719,1377690037,393.0
719,1377690042,391.0
719,1377690047,396.0
719,1377690052,393.0
719,1377690057,396.0
719,1377690062,387.0
719,1377690067,382.0
719,1377690072,382.0
719,1377690077,384.0
719,1377690082,382.0
719,1377690087,387.0
719,1377690092,387.0
719,1377690097,392.0
719,1377690102,393.0
719,1377690107,385.0
719,1377690112,388.0
719,1377690117,380.0
719,1377690122,380.0
719,1377690127,375.0
719,1377690132,382.0
719,1377690137,379.0
719,1377690142,379.0
719,1377690147,377.0
719,1377690152,374.0
719,1377690157,380.0
719,1377690162,381.0
719,1377690167,375.0
719,1377690172,381.0
719,1377690177,385.0
719,1377690182,385.0
719,1377690187,382.0
719,1377690192,375.0
719,1377690197,382.0
719,1377690202,375.0
719,1377690207,380.0
719,1377690212,381.0
719,1377690217,388.0
719,1377690222,388.0
719,1377690227,387.0
719,1377690232,382.0
719,1377690237,381.0
719,1377690242,382.0
719,1377690247,382.0
719,1377690252,382.0
719,1377690257,382.0
719,1377690262,388.0
719,1377690267,392.0
719,1377690272,388.0
719,1377690277,395.0
719,1377690282,388.0
719,1377690287,382.0
719,1377690292,382.0
719,1377690297,385.0
719,1377690302,383.0
719,1377690307,387.0
719,1377690312,390.0
719,1377690317,382.0
719,1377690322,382.0
719,1377690327,374.0
719,1377690332,366.0
719,1377690337,365.0
719,1377690342,367.0
719,1377690347,380.0
719,1377690352,382.0
719,1377690357,383.0
719,1377690362,385.0
719,1377690367,382.0
719,1377690372,392.0
719,1377690377,385.0
719,1377690382,390.0
719,1377690387,392.0
719,1377690392,387.0
719,1377690397,385.0
719,1377690402,382.0
719,1377690407,377.0
719,1377690412,385.0
719,1377690417,390.0
719,1377690422,395.0
719,1377690427,400.0
719,1377690432,395.0
719,1377690437,396.0
719,1377690442,392.0
719,1377690447,381.0
719,1377690452,379.0
719,1377690457,374.0
719,1377690462,379.0
719,1377690467,375.0
719,1377690472,381.0
719,1377690477,385.0
719,1377690482,382.0
719,1377690487,380.0
719,1377690492,384.0
719,1377690497,388.0
719,1377690502,379.0
719,1377690507,385.0
719,1377690512,382.0
719,1377690517,385.0
719,1377690522,387.0
719,1377690527,392.0
719,1377690532,387.0
719,1377690537,382.0
719,1377690542,384.0
719,1377690547,384.0
719,1377690552,379.0
719,1377690557,381.0
719,1377690562,382.0
719,1377690567,379.0
719,1377690572,375.0
719,1377690577,382.0
719,1377690582,382.0
719,1377690587,382.0
719,1377690592,381.0
719,1377690597,382.0
719,1377690602,379.0
719,1377690607,385.0
719,1377690612,390.0
719,1377690617,388.0
719,1377690622,382.0
719,1377690627,381.0
719,1377690632,382.0
719,1377690637,382.0
719,1377690642,385.0
719,1377690647,380.0
719,1377690652,375.0
719,1377690657,374.0
719,1377690662,380.0
719,1377690667,375.0
719,1377690672,385.0
719,1377690677,385.0
719,1377690682,392.0
719,1377690687,387.0
719,1377690692,383.0
719,1377690697,380.0
719,1377690702,388.0
719,1377690707,381.0
719,1377690712,382.0
719,1377690717,382.0
719,1377690722,385.0
719,1377690727,388.0
719,1377690732,390.0
719,1377690737,390.0
719,1377690742,393.0
719,1377690747,396.0
719,1377690752,388.0
719,1377690757,384.0
719,1377690762,379.0
719,1377690767,375.0
719,1377690772,375.0
719,1377690777,388.0
719,1377690782,388.0
719,1377690787,390.0
719,1377690792,396.0
719,1377690797,393.0
719,1377690802,393.0
719,1377690807,392.0
719,1377690812,388.0
719,1377690817,385.0
719,1377690822,382.0
719,1377690827,377.0
719,1377690832,377.0
719,1377690837,379.0
719,1377690842,377.0
719,1377690847,382.0
719,1377690852,382.0
719,1377690857,384.0
719,1377690862,387.0
719,1377690867,388.0
719,1377690872,392.0
719,1377690877,383.0
719,1377690882,388.0
719,1377690887,382.0
719,1377690892,388.0
719,1377690897,396.0
719,1377690902,397.0
719,1377690907,390.0
719,1377690912,396.0
719,1377690917,392.0
719,1377690922,388.0
719,1377690927,383.0
719,1377690932,379.0
719,1377690937,380.0
719,1377690942,380.0
719,1377690947,380.0
719,1377690952,381.0
719,1377690957,388.0
719,1377690962,382.0
719,1377690967,385.0
719,1377690972,382.0
719,1377690977,383.0
719,1377690982,382.0
719,1377690987,387.0
719,1377690992,382.0
719,1377690997,388.0
719,1377691002,374.0
719,1377691007,374.0
719,1377691012,382.0
719,1377691017,392.0
719,1377691022,385.0
719,1377691027,383.0
719,1377691032,374.0
719,1377691037,375.0
719,1377691042,379.0
719,1377691047,381.0
719,1377691052,385.0
719,1377691057,382.0
719,1377691062,387.0
719,1377691068,391.0
719,1377691072,396.0
719,1377691077,390.0
719,1377691082,388.0
719,1377691087,383.0
719,1377691092,385.0
719,1377691097,392.0
719,1377691102,390.0
719,1377691107,382.0
719,1377691112,382.0
719,1377691117,384.0
719,1377691122,383.0
719,1377691127,388.0
719,1377691133,390.0
719,1377691137,396.0
719,1377691142,395.0
719,1377691147,383.0
719,1377691152,387.0
719,1377691157,382.0
719,1377691162,382.0
719,1377691167,383.0
719,1377691172,385.0
719,1377691177,393.0
719,1377691182,390.0
719,1377691187,393.0
719,1377691192,397.0
719,1377691197,396.0
719,1377691202,391.0
719,1377691207,396.0
719,1377691212,395.0
719,1377691217,396.0
719,1377691222,390.0
719,1377691227,395.0
719,1377691232,391.0
719,1377691237,397.0
719,1377691242,387.0
719,1377691247,393.0
719,1377691252,392.0
719,1377691257,387.0
719,1377691262,389.0
719,1377691267,390.0
719,1377691272,385.0
719,1377691277,388.0
719,1377691282,385.0
719,1377691287,384.0
719,1377691292,382.0
719,1377691297,388.0
719,1377691302,390.0
719,1377691307,391.0
719,1377691312,396.0
719,1377691317,392.0
719,1377691322,382.0
719,1377691327,374.0
719,1377691332,382.0
719,1377691337,385.0
719,1377691342,388.0
719,1377691347,390.0
719,1377691352,391.0
719,1377691357,390.0
719,1377691362,390.0
719,1377691367,387.0
719,1377691372,383.0
719,1377691377,388.0
719,1377691382,387.0
719,1377691387,382.0
719,1377691392,385.0
719,1377691397,375.0
719,1377691402,382.0
719,1377691407,379.0
719,1377691412,384.0
719,1377691417,388.0
719,1377691422,385.0
719,1377691427,384.0
719,1377691432,380.0
719,1377691437,381.0
719,1377691442,384.0
719,1377691447,375.0
719,1377691452,374.0
719,1377691457,375.0
719,1377691462,380.0
719,1377691467,379.0
719,1377691472,381.0
719,1377691477,384.0
719,1377691482,382.0
719,1377691487,382.0
719,1377691492,387.0
719,1377691497,387.0
719,1377691502,390.0
719,1377691507,395.0
719,1377691512,392.0
719,1377691517,396.0
719,1377691522,383.0
719,1377691527,392.0
719,1377691532,383.0
719,1377691537,388.0
719,1377691542,383.0
719,1377691547,392.0
719,1377691552,393.0
719,1377691557,390.0
719,1377691562,391.0
719,1377691567,393.0
719,1377691572,391.0
719,1377691577,393.0
719,1377691582,392.0
719,1377691587,396.0
719,1377691592,382.0
719,1377691597,382.0
719,1377691602,385.0
719,1377691607,385.0
719,1377691612,383.0
719,1377691617,382.0
719,1377691622,388.0
719,1377691627,382.0
719,1377691632,385.0
719,1377691637,380.0
719,1377691642,381.0
719,1377691647,376.0
719,1377691652,380.0
719,1377691657,382.0
719,1377691662,381.0
719,1377691667,384.0
719,1377691672,381.0
719,1377691677,381.0
719,1377691682,384.0
719,1377691687,385.0
719,1377691692,387.0
719,1377691697,388.0
719,1377691702,382.0
719,1377691707,382.0
719,1377691712,385.0
719,1377691717,388.0
719,1377691722,385.0
719,1377691727,385.0
719,1377691732,385.0
719,1377691737,385.0
719,1377691742,388.0
719,1377691747,383.0
719,1377691752,388.0
719,1377691757,392.0
719,1377691762,388.0
719,1377691767,383.0
719,1377691772,383.0
719,1377691777,382.0
719,1377691782,380.0
719,1377691787,382.0
719,1377691792,384.0
719,1377691797,379.0
719,1377691802,381.0
719,1377691807,377.0
719,1377691812,374.0
719,1377691817,374.0
719,1377691822,380.0
719,1377691827,375.0
719,1377691832,379.0
719,1377691837,383.0
719,1377691842,385.0
719,1377691847,387.0
719,1377691852,392.0
719,1377691857,385.0
719,1377691862,387.0
719,1377691867,382.0
719,1377691872,385.0
719,1377691877,387.0
719,1377691882,387.0
719,1377691887,393.0
719,1377691892,391.0
719,1377691897,390.0
719,1377691902,391.0
719,1377691907,390.0
719,1377691912,393.0
719,1377691917,396.0
719,1377691922,396.0
719,1377691927,391.0
719,1377691932,383.0
719,1377691937,392.0
719,1377691942,387.0
719,1377691947,382.0
719,1377691952,385.0
719,1377691957,382.0
719,1377691962,381.0
719,1377691967,379.0
719,1377691972,379.0
719,1377691977,379.0
719,1377691982,387.0
719,1377691987,387.0
719,1377691992,387.0
719,1377691997,392.0
719,1377692002,388.0
719,1377692007,385.0
719,1377692012,382.0
719,1377692017,382.0
719,1377692022,382.0
719,1377692027,384.0
719,1377692032,383.0
719,1377692037,388.0
719,1377692042,382.0
719,1377692047,383.0
719,1377692052,393.0
719,1377692057,390.0
719,1377692062,389.0
719,1377692067,388.0
719,1377692072,385.0
719,1377692077,382.0
719,1377692082,387.0
719,1377692087,388.0
719,1377692092,382.0
719,1377692097,384.0
719,1377692102,380.0
719,1377692107,381.0
719,1377692112,382.0
719,1377692117,377.0
719,1377692122,385.0
719,1377692127,381.0
719,1377692132,382.0
719,1377692137,379.0
719,1377692142,375.0
719,1377692147,380.0
719,1377692152,384.0
719,1377692157,380.0
719,1377692162,382.0
719,1377692167,380.0
719,1377692172,375.0
719,1377692177,374.0
719,1377692182,380.0
719,1377692187,385.0
719,1377692192,388.0
719,1377692197,383.0
719,1377692202,384.0
719,1377692207,383.0
719,1377692212,382.0
719,1377692217,387.0
719,1377692222,382.0
719,1377692227,382.0
719,1377692232,384.0
719,1377692237,385.0
719,1377692242,382.0
719,1377692247,382.0
719,1377692252,385.0
719,1377692257,385.0
719,1377692262,387.0
719,1377692267,382.0
719,1377692272,384.0
719,1377692277,381.0
719,1377692282,379.0
719,1377692287,382.0
719,1377692292,382.0
719,1377692297,381.0
719,1377692302,382.0
719,1377692307,379.0
719,1377692312,379.0
719,1377692317,382.0
719,1377692322,385.0
719,1377692327,392.0
719,1377692332,388.0
719,1377692337,387.0
719,1377692342,385.0
719,1377692347,384.0
719,1377692352,385.0
719,1377692357,387.0
719,1377692362,387.0
719,1377692367,388.0
719,1377692372,393.0
719,1377692377,387.0
719,1377692382,390.0
719,1377692387,393.0
719,1377692392,393.0
719,1377692397,393.0
719,1377692402,404.0
719,1377692407,398.0
719,1377692412,400.0
719,1377692417,398.0
719,1377692422,403.0
719,1377692427,404.0
719,1377692432,409.0
719,1377692437,408.0
719,1377692442,403.0
719,1377692447,404.0
719,1377692452,406.0
719,1377692457,407.0
719,1377692462,409.0
719,1377692467,414.0
719,1377692472,412.0
719,1377692477,412.0
719,1377692482,411.0
719,1377692487,409.0
719,1377692492,411.0
719,1377692497,420.0
719,1377692502,418.0
719,1377692507,422.0
719,1377692512,419.0
719,1377692517,420.0
719,1377692522,414.0
719,1377692527,407.0
719,1377692532,420.0
719,1377692537,428.0
719,1377692542,415.0
719,1377692547,415.0
719,1377692552,422.0
719,1377692557,425.0
719,1377692562,425.0
719,1377692567,425.0
719,1377692572,422.0
719,1377692577,420.0
719,1377692582,420.0
719,1377692587,415.0
719,1377692592,413.0
719,1377692597,411.0
719,1377692602,411.0
719,1377692607,414.0
719,1377692612,411.0
719,1377692617,409.0
719,1377692622,406.0
719,1377692627,408.0
719,1377692632,412.0
719,1377692637,407.0
719,1377692642,416.0
719,1377692647,415.0
719,1377692652,428.0
719,1377692657,411.0
719,1377692662,413.0
719,1377692667,416.0
719,1377692672,407.0
719,1377692677,407.0
719,1377692682,407.0
719,1377692687,416.0
719,1377692692,418.0
719,1377692697,418.0
719,1377692702,411.0
719,1377692707,412.0
719,1377692712,412.0
719,1377692717,406.0
719,1377692722,406.0
719,1377692727,408.0
719,1377692732,403.0
719,1377692737,405.0
719,1377692742,409.0
719,1377692747,412.0
719,1377692752,411.0
719,1377692757,418.0
719,1377692762,416.0
719,1377692767,419.0
719,1377692772,412.0
719,1377692777,412.0
719,1377692782,403.0
719,1377692787,399.0
719,1377692792,404.0
719,1377692797,403.0
719,1377692802,408.0
719,1377692807,408.0
719,1377692812,407.0
719,1377692817,398.0
719,1377692822,401.0
719,1377692827,406.0
719,1377692832,416.0
719,1377692837,422.0
719,1377692842,423.0
719,1377692847,424.0
719,1377692852,418.0
719,1377692857,411.0
719,1377692862,407.0
719,1377692867,412.0
719,1377692872,414.0
719,1377692877,413.0
719,1377692882,418.0
719,1377692887,413.0
719,1377692892,424.0
719,1377692897,412.0
719,1377692902,412.0
719,1377692907,406.0
719,1377692912,406.0
719,1377692917,401.0
719,1377692922,396.0
719,1377692927,396.0
719,1377692932,398.0
719,1377692937,403.0
719,1377692942,404.0
719,1377692947,398.0
719,1377692952,403.0
719,1377692957,399.0
719,1377692962,398.0
719,1377692967,404.0
719,1377692972,412.0
719,1377692977,403.0
719,1377692982,404.0
719,1377692987,407.0
719,1377692992,412.0
719,1377692997,413.0
719,1377693002,409.0
719,1377693007,407.0
719,1377693012,403.0
719,1377693017,405.0
719,1377693022,403.0
719,1377693027,403.0
719,1377693032,408.0
719,1377693037,407.0
719,1377693042,409.0
719,1377693047,408.0
719,1377693052,401.0
719,1377693057,393.0
719,1377693062,391.0
719,1377693067,396.0
719,1377693072,398.0
719,1377693077,398.0
719,1377693082,402.0
719,1377693087,403.0
719,1377693092,404.0
719,1377693097,398.0
719,1377693102,401.0
719,1377693107,403.0
719,1377693112,397.0
719,1377693117,404.0
719,1377693122,409.0
719,1377693127,403.0
719,1377693132,406.0
719,1377693137,402.0
719,1377693142,403.0
719,1377693147,403.0
719,1377693152,403.0
719,1377693157,399.0
719,1377693162,407.0
719,1377693167,404.0
719,1377693172,408.0
719,1377693177,401.0
719,1377693182,401.0
719,1377693187,404.0
719,1377693192,403.0
719,1377693197,407.0
719,1377693202,409.0
719,1377693207,412.0
719,1377693212,406.0
719,1377693217,412.0
719,1377693222,403.0
719,1377693227,398.0
719,1377693232,395.0
719,1377693237,395.0
719,1377693242,397.0
719,1377693247,402.0
719,1377693252,406.0
719,1377693257,407.0
719,1377693262,412.0
719,1377693267,412.0
719,1377693272,406.0
719,1377693277,399.0
719,1377693282,401.0
719,1377693287,403.0
719,1377693292,401.0
719,1377693297,397.0
719,1377693302,393.0
719,1377693307,395.0
719,1377693312,390.0
719,1377693317,396.0
719,1377693322,398.0
719,1377693327,400.0
719,1377693332,399.0
719,1377693337,401.0
719,1377693342,397.0
719,1377693347,401.0
719,1377693352,401.0
719,1377693357,398.0
719,1377693362,404.0
719,1377693367,404.0
719,1377693372,403.0
719,1377693377,397.0
719,1377693382,397.0
719,1377693387,401.0
719,1377693392,406.0
719,1377693397,409.0
719,1377693402,411.0
719,1377693407,407.0
719,1377693412,406.0
719,1377693417,405.0
719,1377693422,397.0
719,1377693427,397.0
719,1377693432,397.0
719,1377693437,401.0
719,1377693442,398.0
719,1377693447,400.0
719,1377693452,401.0
719,1377693457,402.0
719,1377693462,401.0
719,1377693467,399.0
719,1377693472,402.0
719,1377693477,397.0
719,1377693482,393.0
719,1377693487,390.0
719,1377693492,387.0
719,1377693497,390.0
719,1377693502,398.0
719,1377693507,401.0
719,1377693512,397.0
719,1377693517,403.0
719,1377693522,401.0
719,1377693527,400.0
719,1377693532,393.0
719,1377693537,400.0
719,1377693543,396.0
719,1377693547,390.0
719,1377693552,396.0
719,1377693557,391.0
719,1377693562,402.0
719,1377693567,404.0
719,1377693572,401.0
719,1377693577,397.0
719,1377693582,396.0
719,1377693587,395.0
719,1377693592,396.0
719,1377693597,400.0
719,1377693602,395.0
719,1377693607,395.0
719,1377693612,398.0
719,1377693617,392.0
719,1377693622,388.0
719,1377693627,385.0
719,1377693632,385.0
719,1377693637,387.0
719,1377693642,390.0
719,1377693647,396.0
719,1377693652,398.0
719,1377693657,391.0
719,1377693662,393.0
719,1377693667,392.0
719,1377693672,393.0
719,1377693677,398.0
719,1377693682,401.0
719,1377693687,401.0
719,1377693692,403.0
719,1377693697,398.0
719,1377693702,403.0
719,1377693707,401.0
719,1377693712,397.0
719,1377693717,397.0
719,1377693722,402.0
719,1377693727,403.0
719,1377693732,398.0
719,1377693737,397.0
719,1377693742,396.0
719,1377693747,400.0
719,1377693752,395.0
719,1377693757,398.0
719,1377693762,393.0
719,1377693767,396.0
719,1377693772,393.0
719,1377693777,393.0
719,1377693782,391.0
719,1377693787,396.0
719,1377693792,393.0
719,1377693797,395.0
719,1377693802,395.0
719,1377693807,391.0
719,1377693812,395.0
719,1377693817,396.0
719,1377693822,397.0
719,1377693827,393.0
719,1377693832,391.0
719,1377693837,395.0
719,1377693842,393.0
719,1377693847,390.0
719,1377693852,392.0
719,1377693857,393.0
719,1377693862,395.0
719,1377693867,401.0
719,1377693872,408.0
719,1377693877,399.0
719,1377693882,401.0
719,1377693887,393.0
719,1377693892,400.0
719,1377693897,396.0
719,1377693902,390.0
719,1377693907,390.0
719,1377693912,393.0
719,1377693917,392.0
719,1377693922,393.0
719,1377693927,395.0
719,1377693932,404.0
719,1377693937,399.0
719,1377693942,402.0
719,1377693947,391.0
719,1377693952,396.0
719,1377693957,392.0
719,1377693962,391.0
719,1377693967,393.0
719,1377693972,395.0
719,1377693977,398.0
719,1377693982,398.0
719,1377693987,396.0
719,1377693992,397.0
719,1377693997,401.0
719,1377694002,395.0
719,1377694007,396.0
719,1377694012,390.0
719,1377694017,396.0
719,1377694022,389.0
719,1377694027,388.0
719,1377694032,387.0
719,1377694037,390.0
719,1377694042,390.0
719,1377694047,393.0
719,1377694052,391.0
719,1377694057,395.0
719,1377694062,392.0
719,1377694067,393.0
719,1377694072,396.0
719,1377694077,396.0
719,1377694082,403.0
719,1377694087,416.0
719,1377694092,409.0
719,1377694097,409.0
719,1377694102,412.0
719,1377694107,403.0
719,1377694112,403.0
719,1377694117,401.0
719,1377694122,404.0
719,1377694127,397.0
719,1377694132,395.0
719,1377694137,393.0
719,1377694142,390.0
719,1377694147,392.0
719,1377694152,390.0
719,1377694157,395.0
719,1377694162,398.0
719,1377694167,396.0
719,1377694172,395.0
719,1377694177,396.0
719,1377694182,397.0
719,1377694187,396.0
719,1377694192,393.0
719,1377694197,390.0
719,1377694202,396.0
719,1377694207,398.0
719,1377694212,395.0
719,1377694217,396.0
719,1377694222,402.0
719,1377694227,400.0
719,1377694232,395.0
719,1377694237,390.0
719,1377694242,390.0
719,1377694247,396.0
719,1377694252,396.0
719,1377694257,396.0
719,1377694262,387.0
719,1377694267,383.0
719,1377694272,391.0
719,1377694277,397.0
719,1377694282,396.0
719,1377694287,403.0
719,1377694292,403.0
719,1377694297,401.0
719,1377694302,395.0
719,1377694307,395.0
719,1377694312,396.0
719,1377694317,396.0
719,1377694322,398.0
719,1377694327,404.0
719,1377694332,408.0
719,1377694337,406.0
719,1377694342,408.0
719,1377694347,404.0
719,1377694352,402.0
719,1377694357,396.0
719,1377694362,395.0
719,1377694367,391.0
719,1377694372,398.0
719,1377694377,397.0
719,1377694382,404.0
719,1377694387,401.0
719,1377694392,401.0
719,1377694397,388.0
719,1377694402,385.0
719,1377694407,388.0
719,1377694412,383.0
719,1377694417,387.0
719,1377694422,390.0
719,1377694427,393.0
719,1377694432,392.0
719,1377694437,396.0
719,1377694442,390.0
719,1377694447,391.0
719,1377694452,390.0
719,1377694457,393.0
719,1377694462,390.0
719,1377694467,387.0
719,1377694472,387.0
719,1377694477,396.0
719,1377694482,390.0
719,1377694487,396.0
719,1377694492,393.0
719,1377694497,390.0
719,1377694502,383.0
719,1377694507,387.0
719,1377694512,388.0
719,1377694517,383.0
719,1377694522,387.0
719,1377694527,387.0
719,1377694532,387.0
719,1377694537,391.0
719,1377694542,390.0
719,1377694547,396.0
719,1377694552,395.0
719,1377694557,393.0
719,1377694562,391.0
719,1377694567,397.0
719,1377694572,400.0
719,1377694577,402.0
719,1377694582,402.0
719,1377694587,408.0
719,1377694592,408.0
719,1377694597,402.0
719,1377694602,402.0
719,1377694607,400.0
719,1377694612,401.0
719,1377694617,395.0
719,1377694622,398.0
719,1377694627,393.0
719,1377694632,393.0
719,1377694637,390.0
719,1377694642,391.0
719,1377694647,393.0
719,1377694652,396.0
719,1377694657,393.0
719,1377694662,395.0
719,1377694667,393.0
719,1377694672,390.0
719,1377694677,390.0
719,1377694682,390.0
719,1377694687,392.0
719,1377694692,390.0
719,1377694697,389.0
719,1377694702,383.0
719,1377694707,392.0
719,1377694712,387.0
719,1377694717,396.0
719,1377694722,392.0
719,1377694727,391.0
719,1377694732,396.0
719,1377694737,393.0
719,1377694742,390.0
719,1377694747,387.0
719,1377694752,391.0
719,1377694757,397.0
719,1377694762,396.0
719,1377694767,401.0
719,1377694772,395.0
719,1377694777,396.0
719,1377694782,396.0
719,1377694787,397.0
719,1377694792,400.0
719,1377694797,408.0
719,1377694802,401.0
719,1377694807,402.0
719,1377694812,398.0
719,1377694817,397.0
719,1377694822,391.0
719,1377694827,393.0
719,1377694833,391.0
719,1377694837,393.0
719,1377694842,393.0
719,1377694847,391.0
719,1377694852,387.0
719,1377694857,392.0
719,1377694862,390.0
719,1377694867,391.0
719,1377694872,396.0
719,1377694877,396.0
719,1377694882,393.0
719,1377694887,387.0
719,1377694892,383.0
719,1377694897,388.0
719,1377694902,388.0
719,1377694907,387.0
719,1377694912,387.0
719,1377694918,387.0
719,1377694922,396.0
719,1377694927,392.0
719,1377694932,392.0
719,1377694937,387.0
719,1377694942,387.0
719,1377694947,387.0
719,1377694952,388.0
719,1377694957,383.0
719,1377694962,390.0
719,1377694967,398.0
719,1377694972,397.0
719,1377694977,403.0
719,1377694982,401.0
719,1377694987,403.0
719,1377694992,397.0
719,1377694997,396.0
719,1377695002,393.0
719,1377695007,387.0
719,1377695012,392.0
719,1377695017,393.0
719,1377695022,396.0
719,1377695027,395.0
719,1377695032,390.0
719,1377695037,400.0
719,1377695042,398.0
719,1377695047,404.0
719,1377695052,398.0
719,1377695057,401.0
719,1377695062,400.0
719,1377695067,395.0
719,1377695072,390.0
719,1377695077,392.0
719,1377695082,387.0
719,1377695087,388.0
719,1377695092,387.0
719,1377695097,388.0
719,1377695102,392.0
719,1377695107,396.0
719,1377695112,396.0
719,1377695117,396.0
719,1377695122,397.0
719,1377695127,398.0
719,1377695132,401.0
719,1377695137,391.0
719,1377695142,397.0
719,1377695147,398.0
719,1377695152,397.0
719,1377695157,404.0
719,1377695162,404.0
719,1377695167,403.0
719,1377695172,403.0
719,1377695177,398.0
719,1377695182,395.0
719,1377695187,404.0
719,1377695192,401.0
719,1377695197,405.0
719,1377695202,406.0
719,1377695207,406.0
719,1377695212,406.0
719,1377695217,406.0
719,1377695222,398.0
719,1377695227,390.0
719,1377695232,393.0
719,1377695237,396.0
719,1377695242,399.0
719,1377695247,398.0
719,1377695252,396.0
719,1377695257,395.0
719,1377695262,383.0
719,1377695267,396.0
719,1377695272,392.0
719,1377695277,393.0
719,1377695282,391.0
719,1377695287,395.0
719,1377695292,398.0
719,1377695297,390.0
719,1377695302,390.0
719,1377695307,392.0
719,1377695312,388.0
719,1377695317,392.0
719,1377695322,396.0
719,1377695327,390.0
719,1377695332,391.0
719,1377695337,391.0
719,1377695342,396.0
719,1377695347,396.0
719,1377695352,398.0
719,1377695357,396.0
719,1377695362,398.0
719,1377695367,395.0
719,1377695372,396.0
719,1377695377,390.0
719,1377695382,390.0
719,1377695387,392.0
719,1377695392,391.0
719,1377695397,390.0
719,1377695402,393.0
719,1377695407,396.0
719,1377695412,391.0
719,1377695417,387.0
719,1377695422,390.0
719,1377695427,391.0
719,1377695432,393.0
719,1377695437,393.0
719,1377695442,385.0
719,1377695447,387.0
719,1377695452,382.0
719,1377695457,390.0
719,1377695462,398.0
719,1377695467,401.0
719,1377695472,406.0
719,1377695477,403.0
719,1377695482,404.0
719,1377695487,401.0
719,1377695492,401.0
719,1377695497,395.0
719,1377695502,398.0
719,1377695507,395.0
719,1377695512,392.0
719,1377695517,387.0
719,1377695522,388.0
719,1377695527,393.0
719,1377695532,393.0
719,1377695537,400.0
719,1377695542,396.0
719,1377695547,391.0
719,1377695552,391.0
719,1377695557,390.0
719,1377695562,388.0
719,1377695567,384.0
719,1377695572,375.0
719,1377695577,377.0
719,1377695582,379.0
719,1377695587,387.0
719,1377695592,396.0
719,1377695597,398.0
719,1377695602,395.0
719,1377695607,393.0
719,1377695612,393.0
719,1377695617,390.0
719,1377695622,395.0
719,1377695627,398.0
719,1377695632,396.0
719,1377695637,395.0
719,1377695642,397.0
719,1377695647,400.0
719,1377695652,404.0
719,1377695657,403.0
719,1377695662,398.0
719,1377695667,395.0
719,1377695672,398.0
719,1377695677,393.0
719,1377695682,392.0
719,1377695687,383.0
719,1377695692,385.0
719,1377695697,382.0
719,1377695702,386.0
719,1377695707,382.0
719,1377695712,392.0
719,1377695717,391.0
719,1377695722,393.0
719,1377695727,396.0
719,1377695732,393.0
719,1377695737,388.0
719,1377695742,385.0
719,1377695747,385.0
719,1377695752,385.0
719,1377695757,382.0
719,1377695762,382.0
719,1377695767,395.0
719,1377695772,393.0
719,1377695777,396.0
719,1377695782,398.0
719,1377695787,401.0
719,1377695792,398.0
719,1377695797,401.0
719,1377695802,399.0
719,1377695807,398.0
719,1377695812,393.0
719,1377695817,390.0
719,1377695822,391.0
719,1377695827,390.0
719,1377695832,392.0
719,1377695837,391.0
719,1377695842,390.0
719,1377695847,392.0
719,1377695852,388.0
719,1377695857,385.0
719,1377695862,385.0
719,1377695867,383.0
719,1377695872,385.0
719,1377695877,387.0
719,1377695882,388.0
719,1377695887,393.0
719,1377695892,395.0
719,1377695897,395.0
719,1377695902,390.0
719,1377695907,390.0
719,1377695912,390.0
719,1377695917,388.0
719,1377695922,393.0
719,1377695927,391.0
719,1377695932,391.0
719,1377695937,387.0
719,1377695942,388.0
719,1377695947,393.0
719,1377695952,396.0
719,1377695957,396.0
719,1377695962,398.0
719,1377695967,396.0
719,1377695972,393.0
719,1377695977,388.0
719,1377695982,385.0
719,1377695987,384.0
719,1377695992,380.0
719,1377695997,385.0
719,1377696002,385.0
719,1377696007,388.0
719,1377696012,391.0
719,1377696017,400.0
719,1377696022,391.0
719,1377696027,400.0
719,1377696032,393.0
719,1377696037,398.0
719,1377696042,393.0
719,1377696047,395.0
719,1377696052,391.0
719,1377696057,391.0
719,1377696062,390.0
719,1377696067,396.0
719,1377696072,390.0
719,1377696077,396.0
719,1377696082,395.0
719,1377696087,398.0
719,1377696092,395.0
719,1377696097,391.0
719,1377696102,395.0
719,1377696107,390.0
719,1377696112,390.0
719,1377696117,396.0
719,1377696122,396.0
719,1377696127,390.0
719,1377696132,390.0
719,1377696137,396.0
719,1377696142,393.0
719,1377696147,390.0
719,1377696152,382.0
719,1377696157,396.0
719,1377696162,396.0
719,1377696167,391.0
719,1377696172,398.0
719,1377696177,393.0
719,1377696182,387.0
719,1377696187,387.0
719,1377696192,390.0
719,1377696197,396.0
719,1377696202,395.0
719,1377696207,391.0
719,1377696212,398.0
719,1377696217,401.0
719,1377696222,401.0
719,1377696227,396.0
719,1377696232,391.0
719,1377696237,390.0
719,1377696242,396.0
719,1377696247,391.0
719,1377696252,401.0
719,1377696257,399.0
719,1377696262,401.0
719,1377696267,403.0
719,1377696272,397.0
719,1377696277,398.0
719,1377696282,392.0
719,1377696287,392.0
719,1377696292,390.0
719,1377696297,393.0
719,1377696303,395.0
719,1377696307,402.0
719,1377696312,408.0
719,1377696317,412.0
719,1377696322,407.0
719,1377696327,403.0
719,1377696332,397.0
719,1377696337,396.0
719,1377696342,395.0
719,1377696347,396.0
719,1377696352,392.0
719,1377696357,383.0
719,1377696362,392.0
719,1377696367,396.0
719,1377696372,391.0
719,1377696377,390.0
719,1377696382,395.0
719,1377696387,396.0
719,1377696392,395.0
719,1377696397,398.0
719,1377696402,397.0
719,1377696407,390.0
719,1377696412,391.0
719,1377696417,388.0
719,1377696422,396.0
719,1377696427,388.0
719,1377696432,392.0
719,1377696437,385.0
719,1377696442,392.0
719,1377696447,384.0
719,1377696452,385.0
719,1377696457,385.0
719,1377696462,385.0
719,1377696467,385.0
719,1377696472,384.0
719,1377696477,384.0
719,1377696482,391.0
719,1377696487,390.0
719,1377696492,395.0
719,1377696497,391.0
719,1377696502,392.0
719,1377696507,396.0
719,1377696512,387.0
719,1377696517,388.0
719,1377696522,396.0
719,1377696527,396.0
719,1377696532,391.0
719,1377696537,393.0
719,1377696542,388.0
719,1377696547,382.0
719,1377696552,388.0
719,1377696557,385.0
719,1377696562,396.0
719,1377696567,400.0
719,1377696572,404.0
719,1377696577,398.0
719,1377696582,398.0
719,1377696587,393.0
719,1377696592,392.0
719,1377696597,385.0
719,1377696602,382.0
719,1377696607,387.0
719,1377696612,387.0
719,1377696617,393.0
719,1377696622,393.0
719,1377696627,398.0
719,1377696632,395.0
719,1377696637,395.0
719,1377696642,397.0
719,1377696647,393.0
719,1377696652,398.0
719,1377696657,391.0
719,1377696662,395.0
719,1377696667,393.0
719,1377696672,396.0
719,1377696677,393.0
719,1377696682,390.0
719,1377696687,391.0
719,1377696692,390.0
719,1377696697,396.0
719,1377696702,395.0
719,1377696707,395.0
719,1377696712,397.0
719,1377696717,395.0
719,1377696722,396.0
719,1377696727,396.0
719,1377696732,387.0
719,1377696737,383.0
719,1377696742,382.0
719,1377696747,382.0
719,1377696752,384.0
719,1377696757,387.0
719,1377696762,387.0
719,1377696767,396.0
719,1377696772,385.0
719,1377696777,388.0
719,1377696782,385.0
719,1377696787,382.0
719,1377696792,393.0
719,1377696797,395.0
719,1377696802,401.0
719,1377696807,401.0
719,1377696812,398.0
719,1377696817,398.0
719,1377696822,395.0
719,1377696827,396.0
719,1377696832,391.0
719,1377696837,392.0
719,1377696842,387.0
719,1377696847,390.0
719,1377696852,390.0
719,1377696857,402.0
719,1377696862,397.0
719,1377696867,406.0
719,1377696872,401.0
719,1377696877,401.0
719,1377696882,403.0
719,1377696887,401.0
719,1377696892,402.0
719,1377696897,398.0
719,1377696902,402.0
719,1377696907,399.0
719,1377696912,404.0
719,1377696917,393.0
719,1377696922,390.0
719,1377696927,390.0
719,1377696932,404.0
719,1377696937,397.0
719,1377696942,395.0
719,1377696947,391.0
719,1377696952,392.0
719,1377696957,391.0
719,1377696962,392.0
719,1377696967,388.0
719,1377696972,387.0
719,1377696977,388.0
719,1377696982,385.0
719,1377696987,382.0
719,1377696992,382.0
719,1377696997,388.0
719,1377697002,393.0
719,1377697007,395.0
719,1377697012,402.0
719,1377697017,408.0
719,1377697022,393.0
719,1377697027,387.0
719,1377697033,385.0
719,1377697037,388.0
719,1377697042,389.0
719,1377697047,390.0
719,1377697052,390.0
719,1377697057,396.0
719,1377697062,383.0
719,1377697067,382.0
719,1377697072,387.0
719,1377697077,388.0
719,1377697082,385.0
719,1377697087,388.0
719,1377697092,392.0
719,1377697097,387.0
719,1377697102,392.0
719,1377697107,390.0
719,1377697112,392.0
719,1377697117,391.0
719,1377697122,392.0
719,1377697127,392.0
719,1377697132,393.0
719,1377697137,391.0
719,1377697142,401.0
719,1377697147,390.0
719,1377697152,396.0
719,1377697157,391.0
719,1377697162,390.0
719,1377697167,395.0
719,1377697172,395.0
719,1377697177,395.0
719,1377697182,391.0
719,1377697187,390.0
719,1377697192,392.0
719,1377697197,391.0
719,1377697202,392.0
719,1377697207,388.0
719,1377697212,392.0
719,1377697217,392.0
719,1377697222,391.0
719,1377697227,390.0
719,1377697232,390.0
719,1377697237,391.0
719,1377697242,391.0
719,1377697247,389.0
719,1377697252,385.0
719,1377697257,388.0
719,1377697262,382.0
719,1377697267,397.0
719,1377697272,390.0
719,1377697277,395.0
719,1377697282,395.0
719,1377697287,395.0
719,1377697292,390.0
719,1377697297,390.0
719,1377697302,383.0
719,1377697307,390.0
719,1377697312,382.0
719,1377697317,384.0
719,1377697322,388.0
719,1377697327,387.0
719,1377697332,396.0
719,1377697337,398.0
719,1377697342,396.0
719,1377697347,393.0
719,1377697352,396.0
719,1377697357,387.0
719,1377697362,383.0
719,1377697367,392.0
719,1377697372,390.0
719,1377697377,393.0
719,1377697382,391.0
719,1377697387,383.0
719,1377697392,396.0
719,1377697397,392.0
719,1377697402,390.0
719,1377697407,383.0
719,1377697412,390.0
719,1377697417,392.0
719,1377697422,397.0
719,1377697427,396.0
719,1377697432,398.0
719,1377697437,395.0
719,1377697442,400.0
719,1377697447,401.0
719,1377697452,401.0
719,1377697457,393.0
719,1377697462,390.0
719,1377697467,396.0
719,1377697472,390.0
719,1377697477,390.0
719,1377697482,390.0
719,1377697487,393.0
719,1377697492,390.0
719,1377697497,387.0
719,1377697502,385.0
719,1377697507,385.0
719,1377697512,382.0
719,1377697517,387.0
719,1377697522,393.0
719,1377697527,395.0
719,1377697532,396.0
719,1377697537,397.0
719,1377697542,391.0
719,1377697547,391.0
719,1377697552,387.0
719,1377697557,383.0
719,1377697562,388.0
719,1377697567,387.0
719,1377697572,385.0
719,1377697577,388.0
719,1377697582,385.0
719,1377697587,383.0
719,1377697592,382.0
719,1377697597,387.0
719,1377697602,384.0
719,1377697607,385.0
719,1377697612,384.0
719,1377697617,385.0
719,1377697622,382.0
719,1377697627,379.0
719,1377697632,381.0
719,1377697637,382.0
719,1377697642,392.0
719,1377697647,387.0
719,1377697652,389.0
719,1377697657,388.0
719,1377697662,387.0
719,1377697667,387.0
719,1377697672,396.0
719,1377697677,388.0
719,1377697682,387.0
719,1377697687,389.0
719,1377697692,387.0
719,1377697697,391.0
719,1377697702,390.0
719,1377697707,391.0
719,1377697712,391.0
719,1377697717,392.0
719,1377697722,385.0
719,1377697727,388.0
719,1377697732,393.0
719,1377697737,396.0
719,1377697742,393.0
719,1377697747,391.0
719,1377697752,390.0
719,1377697757,391.0
719,1377697762,396.0
719,1377697767,390.0
719,1377697772,391.0
719,1377697777,404.0
719,1377697782,382.0
719,1377697787,381.0
719,1377697792,381.0
719,1377697797,385.0
719,1377697802,384.0
719,1377697808,387.0
719,1377697812,382.0
719,1377697817,382.0
719,1377697822,387.0
719,1377697827,390.0
719,1377697832,390.0
719,1377697837,393.0
719,1377697842,396.0
719,1377697847,398.0
719,1377697852,391.0
719,1377697857,395.0
719,1377697862,396.0
719,1377697867,393.0
719,1377697872,392.0
719,1377697877,387.0
719,1377697882,387.0
719,1377697887,382.0
719,1377697892,392.0
719,1377697897,392.0
719,1377697902,396.0
719,1377697907,396.0
719,1377697912,393.0
719,1377697917,390.0
719,1377697922,391.0
719,1377697927,390.0
719,1377697932,395.0
719,1377697937,393.0
719,1377697942,388.0
719,1377697947,393.0
719,1377697952,391.0
719,1377697957,393.0
719,1377697962,392.0
719,1377697967,390.0
719,1377697972,393.0
719,1377697977,390.0
719,1377697982,388.0
719,1377697987,387.0
719,1377697992,385.0
719,1377697997,385.0
719,1377698002,385.0
719,1377698007,384.0
719,1377698012,385.0
719,1377698017,385.0
719,1377698022,384.0
719,1377698027,385.0
719,1377698032,379.0
719,1377698037,382.0
719,1377698042,382.0
719,1377698048,387.0
719,1377698052,393.0
719,1377698057,395.0
719,1377698062,395.0
719,1377698067,393.0
719,1377698072,396.0
719,1377698077,393.0
719,1377698082,395.0
719,1377698087,393.0
719,1377698092,395.0
719,1377698097,392.0
719,1377698102,385.0
719,1377698107,384.0
719,1377698112,384.0
719,1377698117,388.0
719,1377698122,383.0
719,1377698127,383.0
719,1377698132,385.0
719,1377698137,387.0
719,1377698142,392.0
719,1377698147,385.0
719,1377698152,396.0
719,1377698157,384.0
719,1377698162,385.0
719,1377698167,381.0
719,1377698172,383.0
719,1377698177,383.0
719,1377698182,393.0
719,1377698187,396.0
719,1377698192,398.0
719,1377698197,396.0
719,1377698202,395.0
719,1377698207,398.0
719,1377698212,397.0
719,1377698217,397.0
719,1377698222,400.0
719,1377698227,393.0
719,1377698232,395.0
719,1377698237,393.0
719,1377698242,390.0
719,1377698247,393.0
719,1377698252,391.0
719,1377698257,395.0
719,1377698262,395.0
719,1377698267,404.0
719,1377698272,395.0
719,1377698277,398.0
719,1377698282,391.0
719,1377698287,398.0
719,1377698292,396.0
719,1377698297,393.0
719,1377698302,382.0
719,1377698307,383.0
719,1377698312,385.0
719,1377698317,385.0
719,1377698322,385.0
719,1377698327,375.0
719,1377698332,381.0
719,1377698337,384.0
719,1377698342,382.0
719,1377698347,381.0
719,1377698352,384.0
719,1377698358,381.0
719,1377698362,383.0
719,1377698368,383.0
719,1377698372,382.0
719,1377698377,389.0
719,1377698382,387.0
719,1377698387,383.0
719,1377698392,387.0
719,1377698397,385.0
719,1377698402,383.0
719,1377698407,382.0
719,1377698412,388.0
719,1377698417,382.0
719,1377698422,388.0
719,1377698427,390.0
719,1377698432,396.0
719,1377698437,391.0
719,1377698442,388.0
719,1377698447,390.0
719,1377698452,396.0
719,1377698459,395.0
719,1377698462,396.0
719,1377698467,391.0
719,1377698472,387.0
719,1377698477,388.0
719,1377698482,382.0
719,1377698487,392.0
719,1377698492,397.0
719,1377698497,397.0
719,1377698502,398.0
719,1377698507,400.0
719,1377698512,391.0
719,1377698517,391.0
719,1377698522,391.0
719,1377698527,397.0
719,1377698532,396.0
719,1377698537,391.0
719,1377698542,390.0
719,1377698548,396.0
719,1377698552,388.0
719,1377698557,387.0
719,1377698562,385.0
719,1377698567,390.0
719,1377698572,395.0
719,1377698577,398.0
719,1377698582,398.0
719,1377698587,395.0
719,1377698592,389.0
719,1377698597,385.0
719,1377698602,381.0
719,1377698607,380.0
719,1377698612,384.0
719,1377698617,385.0
719,1377698622,388.0
719,1377698627,396.0
719,1377698632,395.0
719,1377698637,395.0
719,1377698642,391.0
719,1377698648,391.0
719,1377698652,390.0
719,1377698657,396.0
719,1377698662,391.0
719,1377698667,397.0
719,1377698672,408.0
719,1377698677,401.0
719,1377698682,398.0
719,1377698687,383.0
719,1377698692,385.0
719,1377698697,382.0
719,1377698702,382.0
719,1377698707,381.0
719,1377698712,381.0
719,1377698717,381.0
719,1377698722,385.0
719,1377698727,387.0
719,1377698732,393.0
719,1377698737,395.0
719,1377698742,398.0
719,1377698747,396.0
719,1377698752,393.0
719,1377698757,390.0
719,1377698762,382.0
719,1377698767,387.0
719,1377698772,382.0
719,1377698777,393.0
719,1377698782,390.0
719,1377698787,391.0
719,1377698792,385.0
719,1377698797,387.0
719,1377698802,382.0
719,1377698807,385.0
719,1377698812,381.0
719,1377698817,382.0
719,1377698822,380.0
719,1377698827,384.0
719,1377698832,382.0
719,1377698837,387.0
719,1377698842,396.0
719,1377698847,396.0
719,1377698852,401.0
719,1377698857,398.0
719,1377698862,396.0
719,1377698867,393.0
719,1377698872,385.0
719,1377698877,385.0
719,1377698882,384.0
719,1377698887,382.0
719,1377698892,382.0
719,1377698897,388.0
719,1377698902,383.0
719,1377698907,393.0
719,1377698912,401.0
719,1377698917,395.0
719,1377698922,395.0
719,1377698927,387.0
719,1377698932,392.0
719,1377698937,385.0
719,1377698942,385.0
719,1377698947,392.0
719,1377698952,390.0
719,1377698957,393.0
719,1377698962,390.0
719,1377698967,395.0
719,1377698972,396.0
719,1377698977,397.0
719,1377698982,396.0
719,1377698987,391.0
719,1377698992,387.0
719,1377698997,383.0
719,1377699002,387.0
719,1377699007,387.0
719,1377699012,380.0
719,1377699017,385.0
719,1377699022,382.0
719,1377699027,388.0
719,1377699032,388.0
719,1377699037,382.0
719,1377699042,392.0
719,1377699047,388.0
719,1377699052,382.0
719,1377699057,392.0
719,1377699062,387.0
719,1377699067,388.0
719,1377699072,382.0
719,1377699077,382.0
719,1377699082,382.0
719,1377699087,384.0
719,1377699092,379.0
719,1377699097,384.0
719,1377699102,384.0
719,1377699107,385.0
719,1377699112,388.0
719,1377699117,396.0
719,1377699122,391.0
719,1377699127,400.0
719,1377699132,398.0
719,1377699137,392.0
719,1377699142,390.0
719,1377699147,385.0
719,1377699152,385.0
719,1377699157,387.0
719,1377699162,390.0
719,1377699167,387.0
719,1377699172,396.0
719,1377699177,381.0
719,1377699182,382.0
719,1377699187,388.0
719,1377699192,387.0
719,1377699197,384.0
719,1377699202,380.0
719,1377699207,385.0
719,1377699212,383.0
719,1377699217,388.0
719,1377699222,382.0
719,1377699227,379.0
719,1377699232,384.0
719,1377699237,388.0
719,1377699242,385.0
719,1377699247,385.0
719,1377699252,388.0
719,1377699257,392.0
719,1377699262,393.0
719,1377699267,395.0
719,1377699272,390.0
719,1377699277,396.0
719,1377699282,396.0
719,1377699287,390.0
719,1377699292,395.0
719,1377699297,396.0
719,1377699302,390.0
719,1377699307,393.0
719,1377699312,385.0
719,1377699317,383.0
719,1377699322,384.0
719,1377699327,385.0
719,1377699332,388.0
719,1377699337,392.0
719,1377699342,387.0
719,1377699347,387.0
719,1377699352,387.0
719,1377699357,385.0
719,1377699362,388.0
719,1377699367,388.0
719,1377699372,388.0
719,1377699377,388.0
719,1377699382,387.0
719,1377699387,392.0
719,1377699392,392.0
719,1377699397,390.0
719,1377699402,390.0
719,1377699407,391.0
719,1377699412,401.0
719,1377699417,391.0
719,1377699422,395.0
719,1377699427,393.0
719,1377699432,393.0
719,1377699437,385.0
719,1377699442,387.0
719,1377699447,382.0
719,1377699452,384.0
719,1377699457,384.0
719,1377699462,384.0
719,1377699467,385.0
719,1377699472,385.0
719,1377699477,388.0
719,1377699482,387.0
719,1377699487,388.0
719,1377699492,388.0
719,1377699497,392.0
719,1377699502,393.0
719,1377699507,393.0
719,1377699512,396.0
719,1377699517,392.0
719,1377699522,392.0
719,1377699527,393.0
719,1377699532,393.0
719,1377699537,393.0
719,1377699542,392.0
719,1377699547,387.0
719,1377699552,382.0
719,1377699557,387.0
719,1377699562,382.0
719,1377699567,385.0
719,1377699572,382.0
719,1377699577,382.0
719,1377699582,385.0
719,1377699587,382.0
719,1377699592,385.0
719,1377699597,385.0
719,1377699602,390.0
719,1377699607,393.0
719,1377699612,396.0
719,1377699617,396.0
719,1377699622,387.0
719,1377699627,387.0
719,1377699632,382.0
719,1377699637,385.0
719,1377699642,385.0
719,1377699647,382.0
719,1377699652,388.0
719,1377699657,385.0
719,1377699662,385.0
719,1377699667,383.0
719,1377699672,382.0
719,1377699677,385.0
719,1377699682,387.0
719,1377699687,393.0
719,1377699692,397.0
719,1377699697,387.0
719,1377699702,385.0
719,1377699707,385.0
719,1377699712,388.0
719,1377699717,393.0
719,1377699722,390.0
719,1377699727,393.0
719,1377699732,397.0
719,1377699737,396.0
719,1377699742,395.0
719,1377699747,390.0
719,1377699752,396.0
719,1377699757,396.0
719,1377699762,391.0
719,1377699767,396.0
719,1377699772,390.0
719,1377699777,383.0
719,1377699782,383.0
719,1377699787,392.0
719,1377699792,393.0
719,1377699797,390.0
719,1377699802,393.0
719,1377699807,393.0
719,1377699812,387.0
719,1377699817,387.0
719,1377699822,382.0
719,1377699827,382.0
719,1377699832,382.0
719,1377699837,382.0
719,1377699842,375.0
719,1377699847,382.0
719,1377699852,384.0
719,1377699857,384.0
719,1377699862,385.0
719,1377699867,385.0
719,1377699872,384.0
719,1377699877,384.0
719,1377699882,385.0
719,1377699887,382.0
719,1377699892,384.0
719,1377699897,384.0
719,1377699902,388.0
719,1377699907,382.0
719,1377699912,382.0
719,1377699917,392.0
719,1377699922,390.0
719,1377699927,392.0
719,1377699932,390.0
719,1377699937,393.0
719,1377699942,395.0
719,1377699947,390.0
719,1377699952,390.0
719,1377699957,385.0
719,1377699962,387.0
719,1377699967,387.0
719,1377699972,392.0
719,1377699977,392.0
719,1377699982,390.0
719,1377699987,397.0
719,1377699992,390.0
719,1377699997,387.0
719,1377700002,388.0
719,1377700007,387.0
719,1377700012,382.0
719,1377700017,392.0
719,1377700022,386.0
719,1377700027,387.0
719,1377700032,382.0
719,1377700037,383.0
719,1377700042,387.0
719,1377700047,383.0
719,1377700052,388.0
719,1377700057,387.0
719,1377700062,383.0
719,1377700067,382.0
719,1377700072,382.0
719,1377700077,387.0
719,1377700082,392.0
719,1377700087,391.0
719,1377700092,395.0
719,1377700097,397.0
719,1377700102,395.0
719,1377700107,396.0
719,1377700113,398.0
719,1377700117,397.0
719,1377700122,390.0
719,1377700127,392.0
719,1377700132,392.0
719,1377700137,390.0
719,1377700142,390.0
719,1377700147,393.0
719,1377700152,388.0
719,1377700157,382.0
719,1377700162,385.0
719,1377700167,388.0
719,1377700172,389.0
719,1377700177,391.0
719,1377700182,391.0
719,1377700187,392.0
719,1377700192,390.0
719,1377700197,385.0
719,1377700202,382.0
719,1377700207,379.0
719,1377700212,382.0
719,1377700217,392.0
719,1377700222,395.0
719,1377700227,396.0
719,1377700232,395.0
719,1377700237,390.0
719,1377700242,392.0
719,1377700247,387.0
719,1377700252,384.0
719,1377700257,382.0
719,1377700262,387.0
719,1377700267,385.0
719,1377700272,388.0
719,1377700277,396.0
719,1377700282,396.0
719,1377700287,398.0
719,1377700292,398.0
719,1377700297,403.0
719,1377700302,401.0
719,1377700307,400.0
719,1377700312,395.0
719,1377700317,400.0
719,1377700322,400.0
719,1377700327,391.0
719,1377700332,391.0
719,1377700337,396.0
719,1377700342,392.0
719,1377700347,390.0
719,1377700352,393.0
719,1377700357,391.0
719,1377700362,387.0
719,1377700367,388.0
719,1377700372,387.0
719,1377700377,388.0
719,1377700382,387.0
719,1377700387,382.0
719,1377700392,393.0
719,1377700397,390.0
719,1377700402,391.0
719,1377700407,392.0
719,1377700412,393.0
719,1377700417,390.0
719,1377700422,396.0
719,1377700427,396.0
719,1377700432,397.0
719,1377700437,402.0
719,1377700442,396.0
719,1377700447,393.0
719,1377700452,392.0
719,1377700457,382.0
719,1377700462,384.0
719,1377700467,381.0
719,1377700472,382.0
719,1377700477,380.0
719,1377700482,383.0
719,1377700487,383.0
719,1377700492,387.0
719,1377700497,389.0
719,1377700502,390.0
719,1377700507,391.0
719,1377700512,391.0
719,1377700517,387.0
719,1377700522,393.0
719,1377700527,392.0
719,1377700532,387.0
719,1377700537,396.0
719,1377700542,388.0
719,1377700547,382.0
719,1377700552,388.0
719,1377700557,387.0
719,1377700562,390.0
719,1377700567,391.0
719,1377700572,393.0
719,1377700577,396.0
719,1377700582,396.0
719,1377700587,387.0
719,1377700592,382.0
719,1377700597,381.0
719,1377700602,381.0
719,1377700607,385.0
719,1377700612,388.0
719,1377700617,382.0
719,1377700622,387.0
719,1377700627,387.0
719,1377700632,392.0
719,1377700637,391.0
719,1377700642,391.0
719,1377700647,393.0
719,1377700652,397.0
719,1377700657,396.0
719,1377700662,393.0
719,1377700667,391.0
719,1377700672,395.0
719,1377700677,396.0
719,1377700682,401.0
719,1377700687,391.0
719,1377700692,391.0
719,1377700697,392.0
719,1377700702,383.0
719,1377700707,390.0
719,1377700712,393.0
719,1377700717,391.0
719,1377700722,396.0
719,1377700727,393.0
719,1377700732,390.0
719,1377700737,387.0
719,1377700742,385.0
719,1377700747,384.0
719,1377700752,382.0
719,1377700757,382.0
719,1377700762,390.0
719,1377700767,396.0
719,1377700772,396.0
719,1377700777,396.0
719,1377700782,396.0
719,1377700787,395.0
719,1377700792,392.0
719,1377700797,390.0
719,1377700802,391.0
719,1377700807,393.0
719,1377700812,395.0
719,1377700817,401.0
719,1377700822,395.0
719,1377700827,391.0
719,1377700832,397.0
719,1377700837,397.0
719,1377700842,393.0
719,1377700847,391.0
719,1377700852,390.0
719,1377700857,390.0
719,1377700862,387.0
719,1377700867,375.0
719,1377700872,375.0
719,1377700877,375.0
719,1377700883,379.0
719,1377700887,382.0
719,1377700892,382.0
719,1377700897,396.0
719,1377700902,393.0
719,1377700907,397.0
719,1377700912,401.0
719,1377700917,402.0
719,1377700922,395.0
719,1377700927,387.0
719,1377700932,388.0
719,1377700937,388.0
719,1377700942,392.0
719,1377700947,392.0
719,1377700952,393.0
719,1377700957,395.0
719,1377700962,393.0
719,1377700967,391.0
719,1377700972,392.0
719,1377700977,388.0
719,1377700982,385.0
719,1377700987,383.0
719,1377700992,385.0
719,1377700997,387.0
719,1377701002,392.0
719,1377701007,389.0
719,1377701012,392.0
719,1377701017,392.0
719,1377701022,392.0
719,1377701027,396.0
719,1377701032,388.0
719,1377701037,383.0
719,1377701042,385.0
719,1377701047,387.0
719,1377701052,382.0
719,1377701057,382.0
719,1377701062,391.0
719,1377701067,393.0
719,1377701072,390.0
719,1377701077,387.0
719,1377701082,387.0
719,1377701087,382.0
719,1377701092,382.0
719,1377701097,383.0
719,1377701102,388.0
719,1377701107,387.0
719,1377701112,383.0
719,1377701117,390.0
719,1377701122,387.0
719,1377701127,392.0
719,1377701132,392.0
719,1377701137,385.0
719,1377701142,385.0
719,1377701147,387.0
719,1377701152,382.0
719,1377701157,382.0
719,1377701162,385.0
719,1377701167,385.0
719,1377701172,392.0
719,1377701177,390.0
719,1377701182,391.0
719,1377701187,391.0
719,1377701192,383.0
719,1377701197,390.0
719,1377701202,392.0
719,1377701207,390.0
719,1377701212,391.0
719,1377701217,393.0
719,1377701222,393.0
719,1377701227,396.0
719,1377701232,387.0
719,1377701237,390.0
719,1377701242,391.0
719,1377701247,393.0
719,1377701252,395.0
719,1377701257,400.0
719,1377701262,395.0
719,1377701267,395.0
719,1377701272,395.0
719,1377701277,395.0
719,1377701282,390.0
719,1377701287,382.0
719,1377701292,383.0
719,1377701297,382.0
719,1377701302,382.0
719,1377701307,383.0
719,1377701312,380.0
719,1377701317,374.0
719,1377701322,382.0
719,1377701327,387.0
719,1377701332,390.0
719,1377701337,396.0
719,1377701342,396.0
719,1377701347,393.0
719,1377701352,392.0
719,1377701357,390.0
719,1377701362,396.0
719,1377701367,390.0
719,1377701372,387.0
719,1377701377,382.0
719,1377701382,382.0
719,1377701387,388.0
719,1377701392,396.0
719,1377701397,393.0
719,1377701402,395.0
719,1377701407,391.0
719,1377701412,387.0
719,1377701417,382.0
719,1377701422,382.0
719,1377701427,387.0
719,1377701432,393.0
719,1377701437,390.0
719,1377701442,398.0
719,1377701447,396.0
719,1377701452,396.0
719,1377701457,392.0
719,1377701462,388.0
719,1377701467,385.0
719,1377701472,380.0
719,1377701477,384.0
719,1377701482,385.0
719,1377701487,385.0
719,1377701492,393.0
719,1377701497,391.0
719,1377701502,396.0
719,1377701507,396.0
719,1377701512,396.0
719,1377701517,390.0
719,1377701522,396.0
719,1377701527,390.0
719,1377701532,392.0
719,1377701537,393.0
719,1377701542,390.0
719,1377701547,393.0
719,1377701552,391.0
719,1377701557,390.0
719,1377701562,393.0
719,1377701567,390.0
719,1377701572,396.0
719,1377701577,391.0
719,1377701582,382.0
719,1377701587,384.0
719,1377701592,382.0
719,1377701597,384.0
719,1377701602,375.0
719,1377701607,382.0
719,1377701612,382.0
719,1377701617,388.0
719,1377701622,383.0
719,1377701627,390.0
719,1377701632,391.0
719,1377701637,391.0
719,1377701642,391.0
719,1377701647,396.0
719,1377701652,393.0
719,1377701657,396.0
719,1377701662,391.0
719,1377701668,392.0
719,1377701672,390.0
719,1377701677,396.0
719,1377701682,397.0
719,1377701687,395.0
719,1377701692,391.0
719,1377701697,387.0
719,1377701702,383.0
719,1377701707,384.0
719,1377701712,381.0
719,1377701717,384.0
719,1377701722,385.0
719,1377701727,387.0
719,1377701732,395.0
719,1377701737,399.0
719,1377701742,404.0
719,1377701747,401.0
719,1377701752,400.0
719,1377701757,398.0
719,1377701762,398.0
719,1377701767,412.0
719,1377701772,409.0
719,1377701777,408.0
719,1377701782,406.0
719,1377701787,411.0
719,1377701792,407.0
719,1377701797,414.0
719,1377701802,412.0
719,1377701807,416.0
719,1377701812,406.0
719,1377701817,407.0
719,1377701822,404.0
719,1377701827,402.0
719,1377701832,391.0
719,1377701837,396.0
719,1377701842,401.0
719,1377701847,406.0
719,1377701852,418.0
719,1377701857,415.0
719,1377701862,424.0
719,1377701867,419.0
719,1377701872,413.0
719,1377701877,418.0
719,1377701882,416.0
719,1377701887,419.0
719,1377701892,415.0
719,1377701897,424.0
719,1377701902,422.0
719,1377701907,424.0
719,1377701912,422.0
719,1377701917,420.0
719,1377701922,420.0
719,1377701927,415.0
719,1377701932,415.0
719,1377701937,420.0
719,1377701942,425.0
719,1377701947,424.0
719,1377701952,425.0
719,1377701957,415.0
719,1377701962,419.0
719,1377701967,428.0
719,1377701972,424.0
719,1377701977,420.0
719,1377701982,422.0
719,1377701987,425.0
719,1377701992,425.0
719,1377701997,428.0
719,1377702002,432.0
719,1377702007,429.0
719,1377702012,428.0
719,1377702017,428.0
719,1377702022,429.0
719,1377702027,432.0
719,1377702032,433.0
719,1377702037,433.0
719,1377702042,429.0
719,1377702047,429.0
719,1377702052,432.0
719,1377702057,427.0
719,1377702062,420.0
719,1377702067,415.0
719,1377702072,416.0
719,1377702077,419.0
719,1377702082,420.0
719,1377702087,424.0
719,1377702092,428.0
719,1377702097,422.0
719,1377702102,433.0
719,1377702107,433.0
719,1377702112,433.0
719,1377702117,433.0
719,1377702122,429.0
719,1377702127,433.0
719,1377702132,434.0
719,1377702137,430.0
719,1377702142,438.0
719,1377702147,430.0
719,1377702152,430.0
719,1377702157,431.0
719,1377702162,432.0
719,1377702167,427.0
719,1377702172,433.0
719,1377702177,433.0
719,1377702182,437.0
719,1377702187,430.0
719,1377702192,441.0
719,1377702197,444.0
719,1377702202,438.0
719,1377702207,438.0
719,1377702212,438.0
719,1377702217,444.0
719,1377702222,439.0
719,1377702227,443.0
719,1377702232,452.0
719,1377702237,452.0
719,1377702242,438.0
719,1377702247,441.0
719,1377702252,438.0
719,1377702257,441.0
719,1377702262,439.0
719,1377702267,441.0
719,1377702272,435.0
719,1377702277,433.0
719,1377702282,435.0
719,1377702287,433.0
719,1377702292,435.0
719,1377702297,438.0
719,1377702302,438.0
719,1377702307,439.0
719,1377702312,443.0
719,1377702317,441.0
719,1377702322,441.0
719,1377702327,443.0
719,1377702332,446.0
719,1377702337,448.0
719,1377702342,450.0
719,1377702347,447.0
719,1377702352,452.0
719,1377702357,447.0
719,1377702362,444.0
719,1377702367,438.0
719,1377702372,439.0
719,1377702377,438.0
719,1377702382,438.0
719,1377702387,443.0
719,1377702392,448.0
719,1377702397,448.0
719,1377702402,443.0
719,1377702407,441.0
719,1377702412,439.0
719,1377702417,444.0
719,1377702422,438.0
719,1377702427,430.0
719,1377702432,444.0
719,1377702437,440.0
719,1377702442,452.0
719,1377702447,447.0
719,1377702452,460.0
719,1377702457,446.0
719,1377702462,443.0
719,1377702467,444.0
719,1377702472,441.0
719,1377702477,443.0
719,1377702482,452.0
719,1377702487,448.0
719,1377702492,447.0
719,1377702497,446.0
719,1377702502,443.0
719,1377702507,443.0
719,1377702512,446.0
719,1377702517,452.0
719,1377702522,454.0
719,1377702527,454.0
719,1377702532,465.0
719,1377702537,462.0
719,1377702542,465.0
719,1377702547,468.0
719,1377702552,455.0
719,1377702557,460.0
719,1377702562,447.0
719,1377702567,456.0
719,1377702572,447.0
719,1377702577,447.0
719,1377702582,443.0
719,1377702587,438.0
719,1377702592,452.0
719,1377702597,439.0
719,1377702602,450.0
719,1377702607,456.0
719,1377702612,451.0
719,1377702617,454.0
719,1377702622,454.0
719,1377702627,452.0
719,1377702632,447.0
719,1377702637,447.0
719,1377702642,452.0
719,1377702647,446.0
719,1377702652,446.0
719,1377702657,441.0
719,1377702662,439.0
719,1377702667,439.0
719,1377702672,446.0
719,1377702677,447.0
719,1377702682,447.0
719,1377702687,449.0
719,1377702692,456.0
719,1377702697,460.0
719,1377702702,457.0
719,1377702707,457.0
719,1377702712,454.0
719,1377702717,452.0
719,1377702722,452.0
719,1377702727,450.0
719,1377702732,452.0
719,1377702737,450.0
719,1377702742,447.0
719,1377702747,447.0
719,1377702752,460.0
719,1377702757,457.0
719,1377702762,455.0
719,1377702767,454.0
719,1377702772,451.0
719,1377702777,454.0
719,1377702782,460.0
719,1377702787,457.0
719,1377702792,457.0
719,1377702797,459.0
719,1377702802,460.0
719,1377702807,459.0
719,1377702812,462.0
719,1377702817,465.0
719,1377702822,459.0
719,1377702827,455.0
719,1377702832,447.0
719,1377702837,443.0
719,1377702842,451.0
719,1377702847,451.0
719,1377702852,454.0
719,1377702857,455.0
719,1377702862,447.0
719,1377702867,446.0
719,1377702872,444.0
719,1377702877,441.0
719,1377702883,448.0
719,1377702887,452.0
719,1377702892,447.0
719,1377702897,456.0
719,1377702902,454.0
719,1377702907,454.0
719,1377702912,447.0
719,1377702917,460.0
719,1377702922,451.0
719,1377702927,461.0
719,1377702932,467.0
719,1377702937,467.0
719,1377702942,462.0
719,1377702947,462.0
719,1377702952,455.0
719,1377702957,454.0
719,1377702962,454.0
719,1377702967,455.0
719,1377702972,467.0
719,1377702977,476.0
719,1377702982,467.0
719,1377702987,473.0
719,1377702992,461.0
719,1377702997,465.0
719,1377703002,455.0
719,1377703007,451.0
719,1377703012,454.0
719,1377703017,451.0
719,1377703022,447.0
719,1377703027,449.0
719,1377703032,447.0
719,1377703037,454.0
719,1377703042,447.0
719,1377703047,455.0
719,1377703052,457.0
719,1377703057,456.0
719,1377703062,460.0
719,1377703067,455.0
719,1377703072,455.0
719,1377703077,454.0
719,1377703083,447.0
719,1377703087,447.0
719,1377703092,446.0
719,1377703097,452.0
719,1377703102,447.0
719,1377703107,451.0
719,1377703112,454.0
719,1377703117,460.0
719,1377703122,451.0
719,1377703127,454.0
719,1377703132,462.0
719,1377703137,462.0
719,1377703142,464.0
719,1377703147,465.0
719,1377703152,465.0
719,1377703157,462.0
719,1377703162,466.0
719,1377703167,465.0
719,1377703172,469.0
719,1377703177,464.0
719,1377703182,461.0
719,1377703187,460.0
719,1377703192,456.0
719,1377703197,456.0
719,1377703202,451.0
719,1377703207,457.0
719,1377703212,457.0
719,1377703217,465.0
719,1377703222,465.0
719,1377703227,467.0
719,1377703232,467.0
719,1377703237,461.0
719,1377703242,462.0
719,1377703247,460.0
719,1377703252,454.0
719,1377703257,465.0
719,1377703262,467.0
719,1377703267,465.0
719,1377703272,462.0
719,1377703277,465.0
719,1377703282,457.0
719,1377703287,460.0
719,1377703292,460.0
719,1377703297,466.0
719,1377703302,468.0
719,1377703307,471.0
719,1377703312,467.0
719,1377703317,470.0
719,1377703322,470.0
719,1377703327,472.0
719,1377703332,459.0
719,1377703337,459.0
719,1377703342,462.0
719,1377703347,455.0
719,1377703352,454.0
719,1377703357,461.0
719,1377703362,462.0
719,1377703367,467.0
719,1377703372,471.0
719,1377703377,478.0
719,1377703382,475.0
719,1377703387,471.0
719,1377703392,470.0
719,1377703397,461.0
719,1377703402,466.0
719,1377703407,461.0
719,1377703412,462.0
719,1377703417,467.0
719,1377703422,467.0
719,1377703427,472.0
719,1377703432,468.0
719,1377703437,466.0
719,1377703442,465.0
719,1377703447,457.0
719,1377703452,457.0
719,1377703457,449.0
719,1377703462,450.0
719,1377703467,449.0
719,1377703472,443.0
719,1377703477,452.0
719,1377703482,441.0
719,1377703487,439.0
719,1377703492,446.0
719,1377703497,443.0
719,1377703502,455.0
719,1377703507,457.0
719,1377703512,462.0
719,1377703517,454.0
719,1377703522,443.0
719,1377703527,443.0
719,1377703532,439.0
719,1377703537,443.0
719,1377703542,450.0
719,1377703547,452.0
719,1377703552,456.0
719,1377703557,459.0
719,1377703562,455.0
719,1377703567,457.0
719,1377703572,450.0
719,1377703577,443.0
719,1377703582,446.0
719,1377703587,457.0
719,1377703592,447.0
719,1377703597,452.0
719,1377703602,452.0
719,1377703607,447.0
719,1377703612,454.0
719,1377703617,453.0
719,1377703622,454.0
719,1377703627,447.0
719,1377703632,454.0
719,1377703637,447.0
719,1377703642,449.0
719,1377703647,448.0
719,1377703652,441.0
719,1377703657,440.0
719,1377703662,438.0
719,1377703667,446.0
719,1377703672,446.0
719,1377703677,460.0
719,1377703682,465.0
719,1377703687,462.0
719,1377703692,454.0
719,1377703697,457.0
719,1377703702,460.0
719,1377703707,455.0
719,1377703712,459.0
719,1377703717,460.0
719,1377703722,464.0
719,1377703727,459.0
719,1377703732,461.0
719,1377703737,456.0
719,1377703742,447.0
719,1377703747,444.0
719,1377703752,433.0
719,1377703757,429.0
719,1377703762,435.0
719,1377703767,429.0
719,1377703772,435.0
719,1377703777,435.0
719,1377703782,438.0
719,1377703787,444.0
719,1377703792,452.0
719,1377703797,448.0
719,1377703802,439.0
719,1377703807,438.0
719,1377703812,440.0
719,1377703817,436.0
719,1377703822,436.0
719,1377703827,430.0
719,1377703832,429.0
719,1377703837,435.0
719,1377703842,433.0
719,1377703847,430.0
719,1377703852,430.0
719,1377703857,433.0
719,1377703862,435.0
719,1377703867,433.0
719,1377703872,440.0
719,1377703877,435.0
719,1377703882,440.0
719,1377703887,436.0
719,1377703892,435.0
719,1377703897,438.0
719,1377703902,438.0
719,1377703907,438.0
719,1377703912,437.0
719,1377703917,430.0
719,1377703922,433.0
719,1377703927,425.0
719,1377703932,423.0
719,1377703937,422.0
719,1377703942,423.0
719,1377703947,435.0
719,1377703952,438.0
719,1377703957,446.0
719,1377703962,443.0
719,1377703967,438.0
719,1377703972,439.0
719,1377703977,440.0
719,1377703982,431.0
719,1377703987,430.0
719,1377703992,434.0
719,1377703997,428.0
719,1377704002,433.0
719,1377704007,435.0
719,1377704012,435.0
719,1377704017,438.0
719,1377704022,438.0
719,1377704027,438.0
719,1377704032,438.0
719,1377704037,438.0
719,1377704042,441.0
719,1377704047,438.0
719,1377704052,444.0
719,1377704057,441.0
719,1377704062,438.0
719,1377704067,440.0
719,1377704072,430.0
719,1377704077,432.0
719,1377704082,428.0
719,1377704087,438.0
719,1377704092,430.0
719,1377704097,433.0
719,1377704102,428.0
719,1377704107,427.0
719,1377704112,427.0
719,1377704117,427.0
719,1377704122,430.0
719,1377704127,431.0
719,1377704132,433.0
719,1377704137,433.0
719,1377704142,432.0
719,1377704147,423.0
719,1377704152,432.0
719,1377704157,429.0
719,1377704162,433.0
719,1377704167,430.0
719,1377704172,433.0
719,1377704177,428.0
719,1377704182,425.0
719,1377704187,423.0
719,1377704192,428.0
719,1377704197,425.0
719,1377704202,430.0
719,1377704207,425.0
719,1377704212,422.0
719,1377704217,417.0
719,1377704222,419.0
719,1377704227,428.0
719,1377704232,431.0
719,1377704237,435.0
719,1377704242,438.0
719,1377704247,435.0
719,1377704252,433.0
719,1377704257,429.0
719,1377704262,434.0
719,1377704267,433.0
719,1377704272,430.0
719,1377704277,429.0
719,1377704282,438.0
719,1377704287,429.0
719,1377704292,428.0
719,1377704297,427.0
719,1377704302,430.0
719,1377704307,433.0
719,1377704312,430.0
719,1377704317,433.0
719,1377704322,428.0
719,1377704327,428.0
719,1377704332,413.0
719,1377704337,428.0
719,1377704342,411.0
719,1377704347,413.0
719,1377704352,419.0
719,1377704357,415.0
719,1377704362,427.0
719,1377704367,435.0
719,1377704372,441.0
719,1377704377,440.0
719,1377704382,438.0
719,1377704387,429.0
719,1377704392,430.0
719,1377704397,429.0
719,1377704402,435.0
719,1377704407,433.0
719,1377704412,423.0
719,1377704417,425.0
719,1377704422,428.0
719,1377704427,423.0
719,1377704432,428.0
719,1377704437,425.0
719,1377704442,428.0
719,1377704447,433.0
719,1377704452,433.0
719,1377704457,435.0
719,1377704462,435.0
719,1377704467,429.0
719,1377704472,427.0
719,1377704477,425.0
719,1377704482,424.0
719,1377704487,422.0
719,1377704492,425.0
719,1377704497,425.0
719,1377704502,422.0
719,1377704507,419.0
719,1377704513,419.0
719,1377704517,418.0
719,1377704522,420.0
719,1377704527,411.0
719,1377704532,413.0
719,1377704537,424.0
719,1377704542,428.0
719,1377704547,425.0
719,1377704552,411.0
719,1377704557,428.0
719,1377704562,418.0
719,1377704567,420.0
719,1377704572,413.0
719,1377704577,413.0
719,1377704582,422.0
719,1377704587,415.0
719,1377704592,422.0
719,1377704597,424.0
719,1377704602,425.0
719,1377704607,424.0
719,1377704612,422.0
719,1377704617,418.0
719,1377704622,422.0
719,1377704627,411.0
719,1377704632,422.0
719,1377704637,415.0
719,1377704642,418.0
719,1377704647,411.0
719,1377704652,406.0
719,1377704657,398.0
719,1377704662,406.0
719,1377704667,412.0
719,1377704672,428.0
719,1377704677,425.0
719,1377704682,433.0
719,1377704687,429.0
719,1377704692,438.0
719,1377704697,433.0
719,1377704702,436.0
719,1377704707,429.0
719,1377704712,430.0
719,1377704717,424.0
719,1377704722,418.0
719,1377704727,419.0
719,1377704732,419.0
719,1377704737,419.0
719,1377704742,428.0
719,1377704747,413.0
719,1377704752,411.0
719,1377704757,412.0
719,1377704762,407.0
719,1377704767,407.0
719,1377704772,408.0
719,1377704777,412.0
719,1377704782,406.0
719,1377704787,407.0
719,1377704792,413.0
719,1377704797,418.0
719,1377704802,416.0
719,1377704807,411.0
719,1377704812,412.0
719,1377704817,406.0
719,1377704822,407.0
719,1377704827,409.0
719,1377704832,412.0
719,1377704837,406.0
719,1377704842,406.0
719,1377704847,407.0
719,1377704852,416.0
719,1377704857,407.0
719,1377704862,409.0
719,1377704867,412.0
719,1377704872,412.0
719,1377704877,409.0
719,1377704882,408.0
719,1377704887,412.0
719,1377704892,406.0
719,1377704897,403.0
719,1377704902,408.0
719,1377704907,403.0
719,1377704912,403.0
719,1377704917,408.0
719,1377704922,416.0
719,1377704927,416.0
719,1377704932,418.0
719,1377704937,422.0
719,1377704942,425.0
719,1377704947,428.0
719,1377704952,428.0
719,1377704957,428.0
719,1377704962,427.0
719,1377704967,423.0
719,1377704972,428.0
719,1377704977,422.0
719,1377704982,422.0
719,1377704987,419.0
719,1377704992,407.0
719,1377704997,407.0
719,1377705002,409.0
719,1377705007,408.0
719,1377705012,408.0
719,1377705017,406.0
719,1377705022,418.0
719,1377705027,422.0
719,1377705032,411.0
719,1377705037,412.0
719,1377705042,401.0
719,1377705047,401.0
719,1377705052,398.0
719,1377705057,398.0
719,1377705062,411.0
719,1377705067,419.0
719,1377705072,424.0
719,1377705077,428.0
719,1377705082,423.0
719,1377705087,422.0
719,1377705092,415.0
719,1377705097,416.0
719,1377705102,403.0
719,1377705107,403.0
719,1377705112,403.0
719,1377705117,407.0
719,1377705122,406.0
719,1377705127,411.0
719,1377705132,418.0
719,1377705137,409.0
719,1377705142,407.0
719,1377705147,408.0
719,1377705152,399.0
719,1377705157,401.0
719,1377705162,406.0
719,1377705167,418.0
719,1377705172,418.0
719,1377705177,422.0
719,1377705182,411.0
719,1377705187,411.0
719,1377705192,416.0
719,1377705197,409.0
719,1377705202,414.0
719,1377705207,412.0
719,1377705212,419.0
719,1377705217,411.0
719,1377705222,413.0
719,1377705227,413.0
719,1377705232,422.0
719,1377705237,411.0
719,1377705243,407.0
719,1377705247,412.0
719,1377705252,412.0
719,1377705257,411.0
719,1377705262,419.0
719,1377705267,419.0
719,1377705272,417.0
719,1377705277,420.0
719,1377705282,414.0
719,1377705287,407.0
719,1377705292,406.0
719,1377705297,409.0
719,1377705302,406.0
719,1377705307,409.0
719,1377705312,406.0
719,1377705317,409.0
719,1377705322,403.0
719,1377705327,399.0
719,1377705332,396.0
719,1377705337,412.0
719,1377705342,403.0
719,1377705347,407.0
719,1377705352,407.0
719,1377705357,411.0
719,1377705362,418.0
719,1377705367,418.0
719,1377705372,418.0
719,1377705377,411.0
719,1377705382,411.0
719,1377705387,416.0
719,1377705392,409.0
719,1377705397,416.0
719,1377705402,420.0
719,1377705407,409.0
719,1377705412,412.0
719,1377705417,408.0
719,1377705422,408.0
719,1377705427,401.0
719,1377705432,406.0
719,1377705437,410.0
719,1377705442,412.0
719,1377705447,412.0
719,1377705452,407.0
719,1377705457,411.0
719,1377705462,420.0
719,1377705467,413.0
719,1377705472,422.0
719,1377705477,413.0
719,1377705482,409.0
719,1377705487,409.0
719,1377705492,398.0
719,1377705497,406.0
719,1377705502,407.0
719,1377705507,412.0
719,1377705512,406.0
719,1377705517,406.0
719,1377705522,409.0
719,1377705527,406.0
719,1377705532,407.0
719,1377705537,413.0
719,1377705542,413.0
719,1377705547,419.0
719,1377705552,409.0
719,1377705557,406.0
719,1377705562,403.0
719,1377705567,397.0
719,1377705572,397.0
719,1377705577,401.0
719,1377705582,404.0
719,1377705587,406.0
719,1377705592,407.0
719,1377705597,409.0
719,1377705602,406.0
719,1377705607,407.0
719,1377705612,406.0
719,1377705617,406.0
719,1377705622,403.0
719,1377705627,409.0
719,1377705632,409.0
719,1377705637,409.0
719,1377705642,407.0
719,1377705647,398.0
719,1377705652,401.0
719,1377705657,391.0
719,1377705662,393.0
719,1377705667,401.0
719,1377705672,403.0
719,1377705677,409.0
719,1377705682,412.0
719,1377705687,409.0
719,1377705692,412.0
719,1377705697,403.0
719,1377705702,408.0
719,1377705707,407.0
719,1377705712,412.0
719,1377705717,409.0
719,1377705722,406.0
719,1377705727,412.0
719,1377705732,407.0
719,1377705737,416.0
719,1377705742,413.0
719,1377705747,407.0
719,1377705752,407.0
719,1377705757,407.0
719,1377705762,412.0
719,1377705767,409.0
719,1377705772,411.0
719,1377705777,415.0
719,1377705782,424.0
719,1377705787,424.0
719,1377705792,427.0
719,1377705797,427.0
719,1377705802,429.0
719,1377705807,431.0
719,1377705812,427.0
719,1377705817,432.0
719,1377705822,425.0
719,1377705827,428.0
719,1377705832,428.0
719,1377705837,430.0
719,1377705842,430.0
719,1377705847,433.0
719,1377705852,425.0
719,1377705857,420.0
719,1377705862,413.0
719,1377705867,420.0
719,1377705872,425.0
719,1377705877,427.0
719,1377705882,434.0
719,1377705887,435.0
719,1377705892,444.0
719,1377705897,439.0
719,1377705902,443.0
719,1377705907,444.0
719,1377705912,444.0
719,1377705917,435.0
719,1377705922,429.0
719,1377705927,429.0
719,1377705932,430.0
719,1377705937,425.0
719,1377705942,430.0
719,1377705947,430.0
719,1377705952,435.0
719,1377705957,433.0
719,1377705962,440.0
719,1377705967,430.0
719,1377705972,430.0
719,1377705977,431.0
719,1377705982,433.0
719,1377705987,433.0
719,1377705992,446.0
719,1377705997,435.0
719,1377706002,440.0
719,1377706007,440.0
719,1377706012,441.0
719,1377706017,443.0
719,1377706022,448.0
719,1377706027,448.0
719,1377706032,441.0
719,1377706037,439.0
719,1377706042,441.0
719,1377706047,440.0
719,1377706052,435.0
719,1377706057,433.0
719,1377706062,428.0
719,1377706067,422.0
719,1377706072,430.0
719,1377706077,435.0
719,1377706082,435.0
719,1377706087,446.0
719,1377706092,435.0
719,1377706097,430.0
719,1377706102,438.0
719,1377706107,440.0
719,1377706112,440.0
719,1377706117,438.0
719,1377706122,439.0
719,1377706127,435.0
719,1377706132,433.0
719,1377706137,440.0
719,1377706142,444.0
719,1377706147,446.0
719,1377706152,443.0
719,1377706157,441.0
719,1377706162,438.0
719,1377706167,441.0
719,1377706172,443.0
719,1377706177,450.0
719,1377706182,443.0
719,1377706187,439.0
719,1377706192,440.0
719,1377706197,431.0
719,1377706202,439.0
719,1377706207,441.0
719,1377706212,438.0
719,1377706217,429.0
719,1377706222,433.0
719,1377706227,429.0
719,1377706232,433.0
719,1377706237,440.0
719,1377706242,440.0
719,1377706247,443.0
719,1377706252,443.0
719,1377706257,446.0
719,1377706262,444.0
719,1377706267,443.0
719,1377706272,454.0
719,1377706277,454.0
719,1377706282,447.0
719,1377706287,454.0
719,1377706292,448.0
719,1377706297,439.0
719,1377706302,443.0
719,1377706307,448.0
719,1377706312,448.0
719,1377706317,454.0
719,1377706322,452.0
719,1377706327,452.0
719,1377706332,452.0
719,1377706337,447.0
719,1377706342,452.0
719,1377706347,454.0
719,1377706352,450.0
719,1377706357,448.0
719,1377706362,439.0
719,1377706367,448.0
719,1377706372,439.0
719,1377706377,441.0
719,1377706382,448.0
719,1377706387,448.0
719,1377706392,447.0
719,1377706397,462.0
719,1377706402,460.0
719,1377706407,457.0
719,1377706412,450.0
719,1377706417,448.0
719,1377706422,444.0
719,1377706427,438.0
719,1377706432,441.0
719,1377706437,439.0
719,1377706442,443.0
719,1377706447,443.0
719,1377706452,447.0
719,1377706457,446.0
719,1377706462,448.0
719,1377706467,444.0
719,1377706472,439.0
719,1377706477,448.0
719,1377706482,439.0
719,1377706487,439.0
719,1377706492,446.0
719,1377706497,441.0
719,1377706502,444.0
719,1377706507,443.0
719,1377706512,448.0
719,1377706517,452.0
719,1377706522,454.0
719,1377706527,454.0
719,1377706532,456.0
719,1377706537,451.0
719,1377706542,456.0
719,1377706547,451.0
719,1377706552,454.0
719,1377706557,451.0
719,1377706562,450.0
719,1377706567,447.0
719,1377706572,455.0
719,1377706577,457.0
719,1377706582,455.0
719,1377706587,454.0
719,1377706592,452.0
719,1377706597,452.0
719,1377706602,441.0
719,1377706607,448.0
719,1377706612,450.0
719,1377706617,443.0
719,1377706622,450.0
719,1377706627,452.0
719,1377706632,455.0
719,1377706637,462.0
719,1377706642,460.0
719,1377706647,465.0
719,1377706652,460.0
719,1377706657,462.0
719,1377706662,460.0
719,1377706667,452.0
719,1377706672,454.0
719,1377706677,447.0
719,1377706682,454.0
719,1377706687,443.0
719,1377706692,452.0
719,1377706697,450.0
719,1377706702,448.0
719,1377706707,451.0
719,1377706712,460.0
719,1377706717,462.0
719,1377706722,455.0
719,1377706727,456.0
719,1377706732,452.0
719,1377706737,443.0
719,1377706742,454.0
719,1377706747,447.0
719,1377706752,451.0
719,1377706757,456.0
719,1377706762,454.0
719,1377706767,460.0
719,1377706772,457.0
719,1377706777,460.0
719,1377706782,460.0
719,1377706787,459.0
719,1377706792,462.0
719,1377706797,461.0
719,1377706802,464.0
719,1377706807,455.0
719,1377706812,460.0
719,1377706817,455.0
719,1377706822,447.0
719,1377706827,452.0
719,1377706832,452.0
719,1377706837,460.0
719,1377706842,454.0
719,1377706847,465.0
719,1377706852,462.0
719,1377706857,470.0
719,1377706862,468.0
719,1377706867,462.0
719,1377706872,455.0
719,1377706877,455.0
719,1377706882,455.0
719,1377706887,455.0
719,1377706892,457.0
719,1377706897,455.0
719,1377706902,454.0
719,1377706907,455.0
719,1377706912,454.0
719,1377706917,451.0
719,1377706922,443.0
719,1377706927,451.0
719,1377706932,455.0
719,1377706937,460.0
719,1377706942,460.0
719,1377706947,455.0
719,1377706952,455.0
719,1377706957,460.0
719,1377706962,455.0
719,1377706967,454.0
719,1377706972,447.0
719,1377706977,452.0
719,1377706982,450.0
719,1377706987,447.0
719,1377706992,451.0
719,1377706997,451.0
719,1377707002,455.0
719,1377707007,456.0
719,1377707012,462.0
719,1377707017,462.0
719,1377707022,462.0
719,1377707027,465.0
719,1377707032,467.0
719,1377707037,467.0
719,1377707042,471.0
719,1377707047,476.0
719,1377707052,471.0
719,1377707057,482.0
719,1377707062,462.0
719,1377707067,467.0
719,1377707072,472.0
719,1377707077,467.0
719,1377707082,467.0
719,1377707087,468.0
719,1377707092,462.0
719,1377707097,470.0
719,1377707102,461.0
719,1377707107,462.0
719,1377707112,471.0
719,1377707117,470.0
719,1377707122,476.0
719,1377707127,476.0
719,1377707132,472.0
719,1377707137,462.0
719,1377707142,455.0
719,1377707147,457.0
719,1377707152,460.0
719,1377707157,454.0
719,1377707162,457.0
719,1377707167,461.0
719,1377707172,464.0
719,1377707177,462.0
719,1377707182,462.0
719,1377707187,465.0
719,1377707192,467.0
719,1377707197,461.0
719,1377707202,465.0
719,1377707207,457.0
719,1377707212,465.0
719,1377707217,465.0
719,1377707222,467.0
719,1377707227,472.0
719,1377707232,473.0
719,1377707237,471.0
719,1377707242,473.0
719,1377707247,467.0
719,1377707252,457.0
719,1377707257,462.0
719,1377707262,457.0
719,1377707267,457.0
719,1377707272,464.0
719,1377707277,462.0
719,1377707282,457.0
719,1377707287,459.0
719,1377707292,462.0
719,1377707297,464.0
719,1377707302,461.0
719,1377707307,465.0
719,1377707312,462.0
719,1377707317,468.0
719,1377707322,463.0
719,1377707327,480.0
719,1377707332,468.0
719,1377707337,470.0
719,1377707342,462.0
719,1377707347,462.0
719,1377707352,464.0
719,1377707357,462.0
719,1377707362,467.0
719,1377707367,472.0
719,1377707372,470.0
719,1377707377,470.0
719,1377707382,473.0
719,1377707387,471.0
719,1377707392,476.0
719,1377707397,476.0
719,1377707402,486.0
719,1377707407,482.0
719,1377707412,476.0
719,1377707417,475.0
719,1377707422,476.0
719,1377707427,488.0
719,1377707432,491.0
719,1377707437,492.0
719,1377707442,497.0
719,1377707447,499.0
719,1377707452,499.0
719,1377707457,504.0
719,1377707462,504.0
719,1377707467,496.0
719,1377707472,497.0
719,1377707477,489.0
719,1377707482,486.0
719,1377707487,492.0
719,1377707492,494.0
719,1377707497,492.0
719,1377707502,500.0
719,1377707507,500.0
719,1377707512,504.0
719,1377707517,504.0
719,1377707522,502.0
719,1377707527,503.0
719,1377707532,500.0
719,1377707537,504.0
719,1377707542,503.0
719,1377707547,505.0
719,1377707552,503.0
719,1377707557,505.0
719,1377707562,512.0
719,1377707567,507.0
719,1377707572,505.0
719,1377707577,504.0
719,1377707582,502.0
719,1377707587,503.0
719,1377707592,508.0
719,1377707597,515.0
719,1377707602,519.0
719,1377707607,524.0
719,1377707612,521.0
719,1377707617,520.0
719,1377707622,515.0
719,1377707627,519.0
719,1377707632,519.0
719,1377707637,529.0
719,1377707642,525.0
719,1377707647,526.0
719,1377707652,529.0
719,1377707657,515.0
719,1377707662,518.0
719,1377707667,503.0
719,1377707672,507.0
719,1377707677,518.0
719,1377707682,523.0
719,1377707687,526.0
719,1377707692,531.0
719,1377707697,536.0
719,1377707702,529.0
719,1377707707,525.0
719,1377707712,526.0
719,1377707717,524.0
719,1377707722,521.0
719,1377707727,526.0
719,1377707732,527.0
719,1377707737,537.0
719,1377707742,547.0
719,1377707747,541.0
719,1377707752,537.0
719,1377707757,527.0
719,1377707762,535.0
719,1377707767,546.0
719,1377707772,553.0
719,1377707777,561.0
719,1377707782,558.0
719,1377707787,556.0
719,1377707792,541.0
719,1377707797,547.0
719,1377707802,541.0
719,1377707807,550.0
719,1377707812,547.0
719,1377707817,553.0
719,1377707822,547.0
719,1377707827,550.0
719,1377707832,548.0
719,1377707837,550.0
719,1377707842,553.0
719,1377707847,556.0
719,1377707852,562.0
719,1377707857,563.0
719,1377707862,568.0
719,1377707867,572.0
719,1377707872,574.0
719,1377707877,568.0
719,1377707882,568.0
719,1377707887,561.0
719,1377707892,557.0
719,1377707897,562.0
719,1377707902,568.0
719,1377707907,571.0
719,1377707912,576.0
719,1377707917,571.0
719,1377707922,580.0
719,1377707927,580.0
719,1377707932,571.0
719,1377707937,569.0
719,1377707942,569.0
719,1377707947,578.0
719,1377707952,569.0
719,1377707957,572.0
719,1377707962,571.0
719,1377707967,574.0
719,1377707972,567.0
719,1377707977,563.0
719,1377707982,572.0
719,1377707987,569.0
719,1377707992,569.0
719,1377707997,569.0
719,1377708002,572.0
719,1377708007,572.0
719,1377708012,569.0
719,1377708017,568.0
719,1377708022,558.0
719,1377708027,559.0
719,1377708032,576.0
719,1377708037,578.0
719,1377708042,571.0
719,1377708047,577.0
719,1377708052,567.0
719,1377708057,571.0
719,1377708062,582.0
719,1377708067,583.0
719,1377708072,575.0
719,1377708077,583.0
719,1377708082,575.0
719,1377708087,588.0
719,1377708092,587.0
719,1377708097,593.0
719,1377708102,593.0
719,1377708107,604.0
719,1377708112,598.0
719,1377708117,599.0
719,1377708122,601.0
719,1377708127,596.0
719,1377708132,595.0
719,1377708137,600.0
719,1377708142,590.0
719,1377708147,590.0
719,1377708152,588.0
719,1377708157,583.0
719,1377708162,588.0
719,1377708167,582.0
719,1377708172,588.0
719,1377708177,588.0
719,1377708182,584.0
719,1377708187,583.0
719,1377708192,595.0
719,1377708197,591.0
719,1377708202,603.0
719,1377708207,605.0
719,1377708212,611.0
719,1377708217,614.0
719,1377708222,611.0
719,1377708227,604.0
719,1377708232,605.0
719,1377708237,601.0
719,1377708242,604.0
719,1377708247,599.0
719,1377708252,614.0
719,1377708257,599.0
719,1377708262,601.0
719,1377708267,604.0
719,1377708272,604.0
719,1377708277,598.0
719,1377708282,595.0
719,1377708288,595.0
719,1377708292,601.0
719,1377708297,610.0
719,1377708302,622.0
719,1377708307,622.0
719,1377708312,625.0
719,1377708317,625.0
719,1377708322,617.0
719,1377708327,617.0
719,1377708332,617.0
719,1377708337,617.0
719,1377708342,603.0
719,1377708347,603.0
719,1377708352,610.0
719,1377708357,605.0
719,1377708362,620.0
719,1377708367,622.0
719,1377708372,628.0
719,1377708377,632.0
719,1377708382,625.0
719,1377708387,615.0
719,1377708392,607.0
719,1377708397,607.0
719,1377708402,616.0
719,1377708407,616.0
719,1377708412,611.0
719,1377708417,611.0
719,1377708422,605.0
719,1377708427,609.0
719,1377708432,605.0
719,1377708437,609.0
719,1377708442,605.0
719,1377708447,607.0
719,1377708452,620.0
719,1377708457,625.0
719,1377708462,621.0
719,1377708467,627.0
719,1377708472,627.0
719,1377708477,622.0
719,1377708482,627.0
719,1377708487,627.0
719,1377708492,622.0
719,1377708497,626.0
719,1377708502,621.0
719,1377708507,627.0
719,1377708512,625.0
719,1377708517,627.0
719,1377708522,625.0
719,1377708527,625.0
719,1377708532,627.0
719,1377708537,625.0
719,1377708542,625.0
719,1377708547,626.0
719,1377708552,622.0
719,1377708557,620.0
719,1377708562,621.0
719,1377708567,632.0
719,1377708572,633.0
719,1377708577,636.0
719,1377708582,633.0
719,1377708587,633.0
719,1377708592,633.0
719,1377708597,638.0
719,1377708602,625.0
719,1377708607,621.0
719,1377708612,614.0
719,1377708617,612.0
719,1377708622,620.0
719,1377708627,620.0
719,1377708632,620.0
719,1377708637,625.0
719,1377708642,627.0
719,1377708647,625.0
719,1377708652,622.0
719,1377708657,621.0
719,1377708662,625.0
719,1377708667,622.0
719,1377708672,622.0
719,1377708677,632.0
719,1377708682,622.0
719,1377708687,621.0
719,1377708692,624.0
719,1377708697,605.0
719,1377708702,605.0
719,1377708707,612.0
719,1377708712,616.0
719,1377708717,614.0
719,1377708722,614.0
719,1377708727,612.0
719,1377708732,622.0
719,1377708737,616.0
719,1377708742,611.0
719,1377708747,612.0
719,1377708752,605.0
719,1377708757,605.0
719,1377708762,611.0
719,1377708767,614.0
719,1377708772,616.0
719,1377708777,605.0
719,1377708782,609.0
719,1377708787,605.0
719,1377708792,609.0
719,1377708797,611.0
719,1377708802,605.0
719,1377708807,617.0
719,1377708812,617.0
719,1377708817,620.0
719,1377708822,621.0
719,1377708827,620.0
719,1377708832,621.0
719,1377708837,615.0
719,1377708842,617.0
719,1377708847,611.0
719,1377708852,611.0
719,1377708857,616.0
719,1377708862,605.0
719,1377708867,614.0
719,1377708872,603.0
719,1377708877,604.0
719,1377708882,595.0
719,1377708887,600.0
719,1377708892,591.0
719,1377708897,591.0
719,1377708902,596.0
719,1377708907,600.0
719,1377708912,604.0
719,1377708917,603.0
719,1377708922,603.0
719,1377708927,603.0
719,1377708932,603.0
719,1377708937,601.0
719,1377708942,601.0
719,1377708947,599.0
719,1377708952,611.0
719,1377708957,599.0
719,1377708962,608.0
719,1377708967,588.0
719,1377708972,594.0
719,1377708977,593.0
719,1377708982,595.0
719,1377708987,598.0
719,1377708992,590.0
719,1377708997,596.0
719,1377709002,589.0
719,1377709007,590.0
719,1377709012,579.0
719,1377709017,580.0
719,1377709022,580.0
719,1377709027,571.0
719,1377709032,583.0
719,1377709037,590.0
719,1377709042,588.0
719,1377709047,593.0
719,1377709052,588.0
719,1377709057,592.0
719,1377709062,583.0
719,1377709067,585.0
719,1377709072,585.0
719,1377709077,588.0
719,1377709082,588.0
719,1377709087,595.0
719,1377709092,590.0
719,1377709097,590.0
719,1377709102,588.0
719,1377709107,590.0
719,1377709112,580.0
719,1377709117,580.0
719,1377709122,582.0
719,1377709127,584.0
719,1377709132,584.0
719,1377709137,583.0
719,1377709142,584.0
719,1377709147,575.0
719,1377709152,579.0
719,1377709157,585.0
719,1377709162,593.0
719,1377709167,590.0
719,1377709172,585.0
719,1377709177,579.0
719,1377709182,575.0
719,1377709187,569.0
719,1377709192,578.0
719,1377709197,572.0
719,1377709202,572.0
719,1377709207,576.0
719,1377709212,569.0
719,1377709217,576.0
719,1377709222,567.0
719,1377709227,572.0
719,1377709232,572.0
719,1377709237,563.0
719,1377709242,558.0
719,1377709247,553.0
719,1377709252,561.0
719,1377709257,561.0
719,1377709262,564.0
719,1377709267,567.0
719,1377709272,569.0
719,1377709277,567.0
719,1377709282,576.0
719,1377709287,576.0
719,1377709292,563.0
719,1377709297,569.0
719,1377709302,561.0
719,1377709307,561.0
719,1377709312,558.0
719,1377709317,561.0
719,1377709322,551.0
719,1377709327,551.0
719,1377709332,553.0
719,1377709337,558.0
719,1377709342,566.0
719,1377709347,568.0
719,1377709352,564.0
719,1377709357,561.0
719,1377709362,556.0
719,1377709367,551.0
719,1377709372,547.0
719,1377709377,552.0
719,1377709382,540.0
719,1377709387,540.0
719,1377709392,526.0
719,1377709397,525.0
719,1377709402,529.0
719,1377709407,535.0
719,1377709412,539.0
719,1377709417,547.0
719,1377709422,543.0
719,1377709427,553.0
719,1377709432,551.0
719,1377709437,547.0
719,1377709442,541.0
719,1377709447,539.0
719,1377709452,540.0
719,1377709457,537.0
719,1377709462,542.0
719,1377709467,546.0
719,1377709472,541.0
719,1377709477,546.0
719,1377709482,539.0
719,1377709487,539.0
719,1377709492,537.0
719,1377709497,527.0
719,1377709502,534.0
719,1377709507,531.0
719,1377709512,531.0
719,1377709517,535.0
719,1377709522,544.0
719,1377709527,540.0
719,1377709532,539.0
719,1377709537,545.0
719,1377709542,541.0
719,1377709547,539.0
719,1377709552,534.0
719,1377709557,531.0
719,1377709562,526.0
719,1377709567,529.0
719,1377709572,526.0
719,1377709577,526.0
719,1377709582,521.0
719,1377709587,524.0
719,1377709592,526.0
719,1377709597,529.0
719,1377709602,531.0
719,1377709607,532.0
719,1377709612,529.0
719,1377709617,519.0
719,1377709622,519.0
719,1377709627,519.0
719,1377709632,523.0
719,1377709637,526.0
719,1377709642,534.0
719,1377709647,529.0
719,1377709652,532.0
719,1377709657,527.0
719,1377709662,536.0
719,1377709667,529.0
719,1377709672,529.0
719,1377709677,526.0
719,1377709682,526.0
719,1377709687,528.0
719,1377709692,526.0
719,1377709697,526.0
719,1377709702,529.0
719,1377709707,529.0
719,1377709712,524.0
719,1377709717,519.0
719,1377709722,526.0
719,1377709727,526.0
719,1377709732,519.0
719,1377709737,519.0
719,1377709742,518.0
719,1377709747,509.0
719,1377709752,513.0
719,1377709757,514.0
719,1377709762,503.0
719,1377709767,502.0
719,1377709772,499.0
719,1377709777,494.0
719,1377709782,502.0
719,1377709787,503.0
719,1377709792,508.0
719,1377709797,512.0
719,1377709802,518.0
719,1377709807,509.0
719,1377709812,509.0
719,1377709817,513.0
719,1377709822,512.0
719,1377709827,513.0
719,1377709832,508.0
719,1377709837,513.0
719,1377709842,512.0
719,1377709847,516.0
719,1377709852,507.0
719,1377709857,511.0
719,1377709862,516.0
719,1377709867,507.0
719,1377709872,512.0
719,1377709877,514.0
719,1377709882,512.0
719,1377709887,515.0
719,1377709892,507.0
719,1377709897,513.0
719,1377709902,514.0
719,1377709907,508.0
719,1377709912,507.0
719,1377709917,507.0
719,1377709922,507.0
719,1377709927,514.0
719,1377709932,514.0
719,1377709937,509.0
719,1377709942,514.0
719,1377709947,508.0
719,1377709952,504.0
719,1377709957,499.0
719,1377709962,502.0
719,1377709967,503.0
719,1377709972,503.0
719,1377709977,510.0
719,1377709982,503.0
719,1377709987,505.0
719,1377709992,499.0
719,1377709997,504.0
719,1377710002,495.0
719,1377710007,494.0
719,1377710012,500.0
719,1377710017,504.0
719,1377710022,502.0
719,1377710027,505.0
719,1377710032,510.0
719,1377710037,508.0
719,1377710042,510.0
719,1377710047,503.0
719,1377710052,508.0
719,1377710057,503.0
719,1377710062,504.0
719,1377710067,502.0
719,1377710072,499.0
719,1377710077,508.0
719,1377710082,505.0
719,1377710087,507.0
719,1377710092,516.0
719,1377710097,520.0
719,1377710102,519.0
719,1377710107,526.0
719,1377710112,521.0
719,1377710117,524.0
719,1377710122,514.0
719,1377710127,508.0
719,1377710132,508.0
719,1377710137,514.0
719,1377710142,509.0
719,1377710147,507.0
719,1377710152,514.0
719,1377710157,507.0
719,1377710162,512.0
719,1377710167,512.0
719,1377710172,508.0
719,1377710177,503.0
719,1377710182,513.0
719,1377710187,507.0
719,1377710192,507.0
719,1377710197,508.0
719,1377710202,515.0
719,1377710207,509.0
719,1377710212,518.0
719,1377710217,508.0
719,1377710222,514.0
719,1377710227,508.0
719,1377710232,508.0
719,1377710237,512.0
719,1377710242,507.0
719,1377710247,512.0
719,1377710252,512.0
719,1377710257,512.0
719,1377710262,507.0
719,1377710267,515.0
719,1377710272,509.0
719,1377710277,516.0
719,1377710282,507.0
719,1377710287,516.0
719,1377710292,503.0
719,1377710297,508.0
719,1377710302,505.0
719,1377710307,510.0
719,1377710312,503.0
719,1377710317,514.0
719,1377710322,520.0
719,1377710327,520.0
719,1377710332,509.0
719,1377710337,514.0
719,1377710342,514.0
719,1377710347,512.0
719,1377710352,509.0
719,1377710357,515.0
719,1377710362,515.0
719,1377710367,519.0
719,1377710372,515.0
719,1377710377,516.0
719,1377710382,507.0
719,1377710387,509.0
719,1377710392,507.0
719,1377710397,512.0
719,1377710402,507.0
719,1377710407,516.0
719,1377710412,509.0
719,1377710417,507.0
719,1377710422,512.0
719,1377710427,497.0
719,1377710432,499.0
719,1377710437,499.0
719,1377710442,502.0
719,1377710447,508.0
719,1377710452,514.0
719,1377710457,515.0
719,1377710462,509.0
719,1377710467,503.0
719,1377710472,507.0
719,1377710477,503.0
719,1377710482,503.0
719,1377710487,507.0
719,1377710492,513.0
719,1377710497,503.0
719,1377710502,507.0
719,1377710507,503.0
719,1377710512,515.0
719,1377710517,515.0
719,1377710522,518.0
719,1377710527,516.0
719,1377710532,512.0
719,1377710537,503.0
719,1377710542,503.0
719,1377710547,514.0
719,1377710552,515.0
719,1377710557,515.0
719,1377710562,515.0
719,1377710567,518.0
719,1377710572,520.0
719,1377710577,518.0
719,1377710582,521.0
719,1377710587,519.0
719,1377710592,524.0
719,1377710597,521.0
719,1377710602,518.0
719,1377710607,514.0
719,1377710612,509.0
719,1377710617,516.0
719,1377710622,518.0
719,1377710627,516.0
719,1377710632,518.0
719,1377710637,521.0
719,1377710642,515.0
719,1377710647,515.0
719,1377710652,507.0
719,1377710657,507.0
719,1377710662,508.0
719,1377710667,508.0
719,1377710672,508.0
719,1377710677,507.0
719,1377710682,508.0
719,1377710687,507.0
719,1377710692,508.0
719,1377710697,503.0
719,1377710702,503.0
719,1377710707,499.0
719,1377710712,502.0
719,1377710717,502.0
719,1377710722,499.0
719,1377710727,492.0
719,1377710732,486.0
719,1377710737,492.0
719,1377710742,494.0
719,1377710747,489.0
719,1377710752,492.0
719,1377710757,489.0
719,1377710762,496.0
719,1377710767,487.0
719,1377710772,483.0
719,1377710777,483.0
719,1377710782,483.0
719,1377710787,483.0
719,1377710792,486.0
719,1377710797,486.0
719,1377710802,481.0
719,1377710807,476.0
719,1377710812,472.0
719,1377710817,472.0
719,1377710822,470.0
719,1377710827,472.0
719,1377710832,473.0
719,1377710837,471.0
719,1377710842,480.0
719,1377710847,483.0
719,1377710852,486.0
719,1377710857,488.0
719,1377710862,475.0
719,1377710867,483.0
719,1377710872,484.0
719,1377710877,488.0
719,1377710882,486.0
719,1377710887,487.0
719,1377710892,483.0
719,1377710897,482.0
719,1377710902,482.0
719,1377710907,482.0
719,1377710912,486.0
719,1377710917,489.0
719,1377710922,488.0
719,1377710927,486.0
719,1377710932,477.0
719,1377710937,481.0
719,1377710942,483.0
719,1377710947,491.0
719,1377710952,497.0
719,1377710957,494.0
719,1377710962,495.0
719,1377710967,494.0
719,1377710972,498.0
719,1377710977,500.0
719,1377710982,504.0
719,1377710987,504.0
719,1377710992,508.0
719,1377710997,504.0
719,1377711002,499.0
719,1377711007,502.0
719,1377711012,505.0
719,1377711017,505.0
719,1377711022,508.0
719,1377711027,505.0
719,1377711032,503.0
719,1377711037,505.0
719,1377711042,503.0
719,1377711047,505.0
719,1377711052,503.0
719,1377711057,494.0
719,1377711062,494.0
719,1377711067,494.0
719,1377711072,494.0
719,1377711077,502.0
719,1377711082,500.0
719,1377711087,505.0
719,1377711092,504.0
719,1377711097,503.0
719,1377711102,497.0
719,1377711107,504.0
719,1377711112,499.0
719,1377711117,502.0
719,1377711122,497.0
719,1377711127,493.0
719,1377711132,494.0
719,1377711138,489.0
719,1377711142,492.0
719,1377711147,489.0
719,1377711152,483.0
719,1377711157,488.0
719,1377711162,487.0
719,1377711167,489.0
719,1377711172,497.0
719,1377711177,497.0
719,1377711182,494.0
719,1377711187,505.0
719,1377711192,508.0
719,1377711197,503.0
719,1377711202,518.0
719,1377711207,512.0
719,1377711212,505.0
719,1377711217,504.0
719,1377711222,504.0
719,1377711227,505.0
719,1377711232,502.0
719,1377711237,502.0
719,1377711242,507.0
719,1377711247,504.0
719,1377711252,505.0
719,1377711257,507.0
719,1377711262,515.0
719,1377711267,520.0
719,1377711272,516.0
719,1377711277,515.0
719,1377711282,507.0
719,1377711287,508.0
719,1377711292,514.0
719,1377711297,514.0
719,1377711302,507.0
719,1377711307,508.0
719,1377711312,512.0
719,1377711317,515.0
719,1377711322,526.0
719,1377711327,525.0
719,1377711332,519.0
719,1377711337,521.0
719,1377711342,524.0
719,1377711347,529.0
719,1377711352,526.0
719,1377711357,537.0
719,1377711362,536.0
719,1377711367,535.0
719,1377711372,531.0
719,1377711377,526.0
719,1377711382,518.0
719,1377711387,509.0
719,1377711392,518.0
719,1377711397,516.0
719,1377711402,518.0
719,1377711407,524.0
719,1377711412,515.0
719,1377711417,528.0
719,1377711422,526.0
719,1377711427,529.0
719,1377711432,526.0
719,1377711437,527.0
719,1377711442,525.0
719,1377711447,531.0
719,1377711452,536.0
719,1377711457,532.0
719,1377711462,531.0
719,1377711467,529.0
719,1377711472,536.0
719,1377711477,536.0
719,1377711482,534.0
719,1377711487,532.0
719,1377711492,536.0
719,1377711497,531.0
719,1377711502,537.0
719,1377711507,534.0
719,1377711512,536.0
719,1377711517,536.0
719,1377711522,540.0
719,1377711527,537.0
719,1377711532,548.0
719,1377711537,552.0
719,1377711542,553.0
719,1377711547,547.0
719,1377711552,550.0
719,1377711557,539.0
719,1377711562,540.0
719,1377711567,544.0
719,1377711572,540.0
719,1377711577,536.0
719,1377711582,526.0
719,1377711587,537.0
719,1377711592,544.0
719,1377711597,547.0
719,1377711602,552.0
719,1377711607,552.0
719,1377711612,548.0
719,1377711617,550.0
719,1377711622,550.0
719,1377711627,545.0
719,1377711632,548.0
719,1377711637,541.0
719,1377711642,550.0
719,1377711647,550.0
719,1377711652,547.0
719,1377711657,550.0
719,1377711662,539.0
719,1377711667,540.0
719,1377711672,540.0
719,1377711677,539.0
719,1377711682,546.0
719,1377711687,539.0
719,1377711692,547.0
719,1377711697,539.0
719,1377711702,540.0
719,1377711707,535.0
719,1377711712,539.0
719,1377711717,540.0
719,1377711722,552.0
719,1377711727,552.0
719,1377711732,551.0
719,1377711737,541.0
719,1377711742,541.0
719,1377711747,535.0
719,1377711752,537.0
719,1377711757,536.0
719,1377711762,536.0
719,1377711767,536.0
719,1377711772,544.0
719,1377711777,550.0
719,1377711782,540.0
719,1377711787,547.0
719,1377711792,548.0
719,1377711797,550.0
719,1377711802,547.0
719,1377711807,547.0
719,1377711812,547.0
719,1377711817,550.0
719,1377711822,550.0
719,1377711827,555.0
719,1377711832,550.0
719,1377711837,556.0
719,1377711842,550.0
719,1377711847,560.0
719,1377711852,561.0
719,1377711857,568.0
719,1377711862,563.0
719,1377711867,558.0
719,1377711872,552.0
719,1377711877,543.0
719,1377711882,547.0
719,1377711887,541.0
719,1377711892,546.0
719,1377711897,531.0
719,1377711902,531.0
719,1377711907,536.0
719,1377711912,542.0
719,1377711917,539.0
719,1377711922,548.0
719,1377711927,539.0
719,1377711932,546.0
719,1377711937,534.0
719,1377711942,534.0
719,1377711947,532.0
719,1377711952,531.0
719,1377711957,536.0
719,1377711962,535.0
719,1377711967,535.0
719,1377711972,539.0
719,1377711977,535.0
719,1377711982,541.0
719,1377711987,545.0
719,1377711992,553.0
719,1377711997,553.0
719,1377712002,558.0
719,1377712007,556.0
719,1377712012,558.0
719,1377712017,558.0
719,1377712022,551.0
719,1377712027,552.0
719,1377712032,547.0
719,1377712037,539.0
719,1377712042,537.0
719,1377712047,537.0
719,1377712052,544.0
719,1377712057,540.0
719,1377712062,539.0
719,1377712067,541.0
719,1377712072,550.0
719,1377712077,550.0
719,1377712082,547.0
719,1377712087,550.0
719,1377712092,527.0
719,1377712097,540.0
719,1377712102,534.0
719,1377712107,535.0
719,1377712112,534.0
719,1377712117,534.0
719,1377712122,529.0
719,1377712127,532.0
719,1377712132,531.0
719,1377712137,540.0
719,1377712142,550.0
719,1377712147,552.0
719,1377712152,547.0
719,1377712157,550.0
719,1377712162,546.0
719,1377712167,537.0
719,1377712172,534.0
719,1377712177,535.0
719,1377712182,535.0
719,1377712187,539.0
719,1377712192,547.0
719,1377712197,553.0
719,1377712202,547.0
719,1377712207,546.0
719,1377712212,543.0
719,1377712217,553.0
719,1377712222,561.0
719,1377712227,556.0
719,1377712232,563.0
719,1377712237,558.0
719,1377712242,563.0
719,1377712247,556.0
719,1377712252,561.0
719,1377712257,555.0
719,1377712262,543.0
719,1377712267,550.0
719,1377712272,547.0
719,1377712277,547.0
719,1377712282,550.0
719,1377712287,547.0
719,1377712292,553.0
719,1377712297,561.0
719,1377712302,561.0
719,1377712307,558.0
719,1377712312,541.0
719,1377712317,550.0
719,1377712322,545.0
719,1377712327,541.0
719,1377712332,556.0
719,1377712337,563.0
719,1377712342,556.0
719,1377712347,553.0
719,1377712352,539.0
719,1377712357,540.0
719,1377712362,540.0
719,1377712367,539.0
719,1377712372,537.0
719,1377712377,539.0
719,1377712382,535.0
719,1377712387,539.0
719,1377712392,544.0
719,1377712397,539.0
719,1377712402,540.0
719,1377712407,540.0
719,1377712412,540.0
719,1377712417,536.0
719,1377712422,536.0
719,1377712427,536.0
719,1377712432,537.0
719,1377712437,537.0
719,1377712442,532.0
719,1377712447,531.0
719,1377712452,525.0
719,1377712457,527.0
719,1377712462,535.0
719,1377712467,540.0
719,1377712472,548.0
719,1377712477,546.0
719,1377712482,537.0
719,1377712487,535.0
719,1377712492,531.0
719,1377712497,530.0
719,1377712502,531.0
719,1377712507,534.0
719,1377712512,535.0
719,1377712517,546.0
719,1377712522,539.0
719,1377712527,539.0
719,1377712532,546.0
719,1377712537,540.0
719,1377712542,536.0
719,1377712547,536.0
719,1377712552,529.0
719,1377712557,529.0
719,1377712562,529.0
719,1377712567,529.0
719,1377712572,521.0
719,1377712577,511.0
719,1377712582,520.0
719,1377712587,518.0
719,1377712592,515.0
719,1377712597,519.0
719,1377712602,521.0
719,1377712607,529.0
719,1377712612,525.0
719,1377712617,527.0
719,1377712622,526.0
719,1377712627,530.0
719,1377712632,521.0
719,1377712637,521.0
719,1377712642,521.0
719,1377712647,521.0
719,1377712652,519.0
719,1377712657,525.0
719,1377712662,531.0
719,1377712667,528.0
719,1377712672,526.0
719,1377712677,526.0
719,1377712682,524.0
719,1377712687,526.0
719,1377712692,529.0
719,1377712697,526.0
719,1377712702,526.0
719,1377712707,515.0
719,1377712712,509.0
719,1377712717,512.0
719,1377712722,507.0
719,1377712727,516.0
719,1377712732,518.0
719,1377712737,515.0
719,1377712742,515.0
719,1377712747,507.0
719,1377712752,507.0
719,1377712757,513.0
719,1377712762,507.0
719,1377712767,518.0
719,1377712772,521.0
719,1377712777,518.0
719,1377712782,521.0
719,1377712787,520.0
719,1377712792,515.0
719,1377712797,520.0
719,1377712802,519.0
719,1377712807,531.0
719,1377712812,534.0
719,1377712817,531.0
719,1377712822,529.0
719,1377712827,524.0
719,1377712832,515.0
719,1377712837,503.0
719,1377712842,499.0
719,1377712847,497.0
719,1377712852,502.0
719,1377712857,499.0
719,1377712862,497.0
719,1377712867,502.0
719,1377712872,502.0
719,1377712877,503.0
719,1377712882,503.0
719,1377712887,512.0
719,1377712892,514.0
719,1377712897,509.0
719,1377712902,507.0
719,1377712907,509.0
719,1377712912,507.0
719,1377712917,516.0
719,1377712922,518.0
719,1377712927,509.0
719,1377712932,508.0
719,1377712937,508.0
719,1377712942,508.0
719,1377712947,505.0
719,1377712952,505.0
719,1377712957,502.0
719,1377712962,514.0
719,1377712967,507.0
719,1377712972,508.0
719,1377712977,507.0
719,1377712982,507.0
719,1377712987,512.0
719,1377712992,514.0
719,1377712997,518.0
719,1377713002,524.0
719,1377713007,518.0
719,1377713012,512.0
719,1377713017,508.0
719,1377713022,500.0
719,1377713027,500.0
719,1377713032,499.0
719,1377713037,503.0
719,1377713042,512.0
719,1377713047,507.0
719,1377713052,512.0
719,1377713057,505.0
719,1377713062,512.0
719,1377713067,502.0
719,1377713072,502.0
719,1377713077,504.0
719,1377713082,508.0
719,1377713087,508.0
719,1377713092,503.0
719,1377713097,509.0
719,1377713102,508.0
719,1377713107,507.0
719,1377713112,503.0
719,1377713117,512.0
719,1377713122,497.0
719,1377713127,487.0
719,1377713132,487.0
719,1377713137,492.0
719,1377713142,497.0
719,1377713147,504.0
719,1377713152,514.0
719,1377713157,507.0
719,1377713162,507.0
719,1377713167,509.0
719,1377713172,512.0
719,1377713177,514.0
719,1377713182,503.0
719,1377713187,505.0
719,1377713192,502.0
719,1377713197,497.0
719,1377713202,499.0
719,1377713207,504.0
719,1377713212,502.0
719,1377713217,505.0
719,1377713222,512.0
719,1377713227,499.0
719,1377713232,498.0
719,1377713237,505.0
719,1377713242,512.0
719,1377713247,507.0
719,1377713252,507.0
719,1377713257,503.0
719,1377713262,500.0
719,1377713267,494.0
719,1377713272,491.0
719,1377713277,487.0
719,1377713282,489.0
719,1377713287,492.0
719,1377713292,492.0
719,1377713297,486.0
719,1377713302,494.0
719,1377713307,489.0
719,1377713312,494.0
719,1377713317,489.0
719,1377713322,494.0
719,1377713327,497.0
719,1377713332,497.0
719,1377713337,494.0
719,1377713342,494.0
719,1377713347,510.0
719,1377713352,512.0
719,1377713357,508.0
719,1377713362,505.0
719,1377713367,512.0
719,1377713372,514.0
719,1377713377,513.0
719,1377713382,513.0
719,1377713387,508.0
719,1377713392,500.0
719,1377713397,493.0
719,1377713402,493.0
719,1377713407,493.0
719,1377713412,502.0
719,1377713417,497.0
719,1377713422,493.0
719,1377713427,489.0
719,1377713432,497.0
719,1377713437,496.0
719,1377713442,499.0
719,1377713447,494.0
719,1377713452,502.0
719,1377713457,508.0
719,1377713462,503.0
719,1377713467,494.0
719,1377713472,497.0
719,1377713477,489.0
719,1377713482,486.0
719,1377713487,479.0
719,1377713492,479.0
719,1377713497,481.0
719,1377713502,477.0
719,1377713507,476.0
719,1377713512,475.0
719,1377713517,479.0
719,1377713522,494.0
719,1377713527,494.0
719,1377713532,489.0
719,1377713537,488.0
719,1377713542,494.0
719,1377713547,492.0
719,1377713552,494.0
719,1377713557,500.0
719,1377713562,497.0
719,1377713567,494.0
719,1377713572,498.0
719,1377713577,492.0
719,1377713582,497.0
719,1377713587,493.0
719,1377713592,494.0
719,1377713597,498.0
719,1377713602,494.0
719,1377713607,494.0
719,1377713612,493.0
719,1377713617,498.0
719,1377713622,498.0
719,1377713627,493.0
719,1377713632,497.0
719,1377713637,492.0
719,1377713642,494.0
719,1377713647,497.0
719,1377713652,497.0
719,1377713657,499.0
719,1377713662,493.0
719,1377713667,497.0
719,1377713672,494.0
719,1377713677,494.0
719,1377713682,493.0
719,1377713687,494.0
719,1377713692,493.0
719,1377713697,494.0
719,1377713702,497.0
719,1377713707,496.0
719,1377713712,489.0
719,1377713717,492.0
719,1377713722,492.0
719,1377713727,497.0
719,1377713732,497.0
719,1377713737,492.0
719,1377713742,487.0
719,1377713747,488.0
719,1377713752,489.0
719,1377713757,486.0
719,1377713762,486.0
719,1377713767,484.0
719,1377713772,486.0
719,1377713777,483.0
719,1377713782,475.0
719,1377713787,482.0
719,1377713792,477.0
719,1377713797,483.0
719,1377713802,486.0
719,1377713807,484.0
719,1377713812,487.0
719,1377713817,483.0
719,1377713822,487.0
719,1377713827,491.0
719,1377713832,494.0
719,1377713837,492.0
719,1377713842,492.0
719,1377713847,483.0
719,1377713852,483.0
719,1377713857,483.0
719,1377713862,483.0
719,1377713867,487.0
719,1377713872,488.0
719,1377713877,486.0
719,1377713882,477.0
719,1377713887,480.0
719,1377713892,475.0
719,1377713897,477.0
719,1377713902,482.0
719,1377713907,483.0
719,1377713912,484.0
719,1377713917,477.0
719,1377713922,475.0
719,1377713927,483.0
719,1377713932,488.0
719,1377713937,494.0
719,1377713942,491.0
719,1377713947,492.0
719,1377713952,487.0
719,1377713957,497.0
719,1377713962,492.0
719,1377713967,487.0
719,1377713972,492.0
719,1377713977,492.0
719,1377713982,494.0
719,1377713987,492.0
719,1377713992,486.0
719,1377713997,483.0
719,1377714002,479.0
719,1377714007,481.0
719,1377714012,483.0
719,1377714017,475.0
719,1377714022,483.0
719,1377714027,481.0
719,1377714032,484.0
719,1377714037,483.0
719,1377714042,483.0
719,1377714048,477.0
719,1377714052,486.0
719,1377714057,475.0
719,1377714062,477.0
719,1377714067,481.0
719,1377714072,477.0
719,1377714077,489.0
719,1377714082,494.0
719,1377714087,496.0
719,1377714092,494.0
719,1377714097,497.0
719,1377714102,496.0
719,1377714107,492.0
719,1377714112,483.0
719,1377714117,482.0
719,1377714122,477.0
719,1377714127,486.0
719,1377714132,487.0
719,1377714137,488.0
719,1377714142,488.0
719,1377714147,479.0
719,1377714152,483.0
719,1377714157,477.0
719,1377714162,486.0
719,1377714167,483.0
719,1377714172,484.0
719,1377714177,486.0
719,1377714182,479.0
719,1377714187,486.0
719,1377714192,489.0
719,1377714197,483.0
719,1377714202,479.0
719,1377714207,486.0
719,1377714212,486.0
719,1377714217,488.0
719,1377714222,492.0
719,1377714227,489.0
719,1377714232,496.0
719,1377714237,489.0
719,1377714242,489.0
719,1377714247,486.0
719,1377714252,475.0
719,1377714257,476.0
719,1377714262,475.0
719,1377714267,486.0
719,1377714272,482.0
719,1377714277,482.0
719,1377714282,482.0
719,1377714287,477.0
719,1377714292,481.0
719,1377714297,477.0
719,1377714302,479.0
719,1377714307,483.0
719,1377714312,489.0
719,1377714317,486.0
719,1377714322,484.0
719,1377714327,475.0
719,1377714332,486.0
719,1377714337,484.0
719,1377714342,492.0
719,1377714347,489.0
719,1377714352,486.0
719,1377714357,488.0
719,1377714362,479.0
719,1377714367,486.0
719,1377714372,486.0
719,1377714377,492.0
719,1377714382,489.0
719,1377714387,492.0
719,1377714392,492.0
719,1377714397,497.0
719,1377714402,494.0
719,1377714407,483.0
719,1377714412,481.0
719,1377714417,477.0
719,1377714422,483.0
719,1377714427,492.0
719,1377714432,498.0
719,1377714437,493.0
719,1377714442,489.0
719,1377714447,486.0
719,1377714452,486.0
719,1377714457,476.0
719,1377714462,476.0
719,1377714467,471.0
719,1377714472,486.0
719,1377714477,492.0
719,1377714482,491.0
719,1377714487,489.0
719,1377714492,486.0
719,1377714497,482.0
719,1377714502,481.0
719,1377714507,479.0
719,1377714512,479.0
719,1377714517,479.0
719,1377714522,483.0
719,1377714527,489.0
719,1377714532,489.0
719,1377714537,488.0
719,1377714542,477.0
719,1377714547,477.0
719,1377714552,488.0
719,1377714557,486.0
719,1377714562,489.0
719,1377714567,488.0
719,1377714572,483.0
719,1377714577,486.0
719,1377714582,487.0
719,1377714587,489.0
719,1377714592,483.0
719,1377714597,487.0
719,1377714602,475.0
719,1377714607,486.0
719,1377714612,477.0
719,1377714617,494.0
719,1377714622,494.0
719,1377714627,493.0
719,1377714632,493.0
719,1377714637,505.0
719,1377714642,497.0
719,1377714647,494.0
719,1377714652,488.0
719,1377714657,486.0
719,1377714662,486.0
719,1377714667,481.0
719,1377714672,482.0
719,1377714677,486.0
719,1377714682,484.0
719,1377714687,486.0
719,1377714692,482.0
719,1377714697,481.0
719,1377714702,475.0
719,1377714707,472.0
719,1377714712,473.0
719,1377714717,472.0
719,1377714722,471.0
719,1377714727,472.0
719,1377714732,476.0
719,1377714737,473.0
719,1377714742,476.0
719,1377714747,476.0
719,1377714752,476.0
719,1377714757,480.0
719,1377714762,481.0
719,1377714767,472.0
719,1377714772,470.0
719,1377714777,470.0
719,1377714782,471.0
719,1377714787,476.0
719,1377714792,482.0
719,1377714797,479.0
719,1377714802,484.0
719,1377714807,479.0
719,1377714812,486.0
719,1377714817,489.0
719,1377714822,488.0
719,1377714827,486.0
719,1377714832,486.0
719,1377714837,480.0
719,1377714842,476.0
719,1377714847,476.0
719,1377714852,472.0
719,1377714857,474.0
719,1377714862,478.0
719,1377714867,484.0
719,1377714872,486.0
719,1377714877,496.0
719,1377714882,493.0
719,1377714887,494.0
719,1377714892,489.0
719,1377714897,494.0
719,1377714902,483.0
719,1377714907,483.0
719,1377714912,486.0
719,1377714917,486.0
719,1377714922,483.0
719,1377714927,488.0
719,1377714932,484.0
719,1377714937,483.0
719,1377714942,477.0
719,1377714947,477.0
719,1377714952,486.0
719,1377714957,475.0
719,1377714962,480.0
719,1377714967,476.0
719,1377714972,476.0
719,1377714977,471.0
719,1377714982,481.0
719,1377714987,477.0
719,1377714992,484.0
719,1377714997,477.0
719,1377715002,477.0
719,1377715007,472.0
719,1377715012,471.0
719,1377715017,476.0
719,1377715022,486.0
719,1377715027,477.0
719,1377715032,484.0
719,1377715037,484.0
719,1377715042,486.0
719,1377715047,488.0
719,1377715052,488.0
719,1377715057,486.0
719,1377715062,492.0
719,1377715067,492.0
719,1377715072,486.0
719,1377715077,486.0
719,1377715082,487.0
719,1377715087,492.0
719,1377715092,492.0
719,1377715097,492.0
719,1377715102,489.0
719,1377715107,486.0
719,1377715112,487.0
719,1377715117,487.0
719,1377715122,484.0
719,1377715127,484.0
719,1377715132,483.0
719,1377715137,492.0
719,1377715142,479.0
719,1377715147,488.0
719,1377715152,477.0
719,1377715157,486.0
719,1377715162,482.0
719,1377715167,471.0
719,1377715172,477.0
719,1377715177,484.0
719,1377715182,489.0
719,1377715187,491.0
719,1377715192,487.0
719,1377715197,494.0
719,1377715202,497.0
719,1377715207,493.0
719,1377715212,493.0
719,1377715217,492.0
719,1377715222,491.0
719,1377715227,491.0
719,1377715232,497.0
719,1377715237,493.0
719,1377715242,497.0
719,1377715247,493.0
719,1377715252,499.0
719,1377715257,499.0
719,1377715262,500.0
719,1377715267,499.0
719,1377715272,494.0
719,1377715277,487.0
719,1377715282,483.0
719,1377715287,489.0
719,1377715292,497.0
719,1377715297,494.0
719,1377715302,493.0
719,1377715307,492.0
719,1377715312,496.0
719,1377715317,497.0
719,1377715322,494.0
719,1377715327,499.0
719,1377715332,497.0
719,1377715337,494.0
719,1377715342,497.0
719,1377715347,499.0
719,1377715352,494.0
719,1377715357,500.0
719,1377715362,502.0
719,1377715367,508.0
719,1377715372,504.0
719,1377715377,514.0
719,1377715382,508.0
719,1377715387,516.0
719,1377715392,514.0
719,1377715397,512.0
719,1377715402,500.0
719,1377715407,499.0
719,1377715412,495.0
719,1377715417,512.0
719,1377715422,514.0
719,1377715427,508.0
719,1377715432,508.0
719,1377715437,503.0
719,1377715442,514.0
719,1377715447,518.0
719,1377715452,509.0
719,1377715457,513.0
719,1377715462,516.0
719,1377715467,511.0
719,1377715472,515.0
719,1377715477,508.0
719,1377715482,508.0
719,1377715487,504.0
719,1377715492,505.0
719,1377715497,504.0
719,1377715502,505.0
719,1377715507,505.0
719,1377715512,503.0
719,1377715517,505.0
719,1377715522,505.0
719,1377715527,512.0
719,1377715532,503.0
719,1377715537,508.0
719,1377715542,503.0
719,1377715547,503.0
719,1377715552,504.0
719,1377715557,502.0
719,1377715562,494.0
719,1377715567,494.0
719,1377715572,499.0
719,1377715577,499.0
719,1377715582,499.0
719,1377715587,499.0
719,1377715592,499.0
719,1377715597,504.0
719,1377715602,499.0
719,1377715607,505.0
719,1377715612,509.0
719,1377715617,521.0
719,1377715622,532.0
719,1377715627,534.0
719,1377715632,529.0
719,1377715637,526.0
719,1377715642,519.0
719,1377715647,518.0
719,1377715652,513.0
719,1377715657,516.0
719,1377715662,519.0
719,1377715667,521.0
719,1377715672,526.0
719,1377715677,523.0
719,1377715682,518.0
719,1377715687,508.0
719,1377715692,508.0
719,1377715697,512.0
719,1377715702,507.0
719,1377715707,518.0
719,1377715712,521.0
719,1377715717,521.0
719,1377715722,515.0
719,1377715727,509.0
719,1377715732,518.0
719,1377715737,515.0
719,1377715742,524.0
719,1377715747,526.0
719,1377715752,525.0
719,1377715757,528.0
719,1377715762,526.0
719,1377715767,530.0
719,1377715772,531.0
719,1377715777,542.0
719,1377715782,537.0
719,1377715787,534.0
719,1377715792,534.0
719,1377715797,526.0
719,1377715802,530.0
719,1377715807,521.0
719,1377715812,509.0
719,1377715817,503.0
719,1377715822,494.0
719,1377715827,500.0
719,1377715832,497.0
719,1377715837,504.0
719,1377715842,513.0
719,1377715847,507.0
719,1377715852,509.0
719,1377715857,507.0
719,1377715862,502.0
719,1377715867,505.0
719,1377715872,508.0
719,1377715877,509.0
719,1377715882,521.0
719,1377715887,528.0
719,1377715892,526.0
719,1377715897,531.0
719,1377715902,529.0
719,1377715907,525.0
719,1377715912,526.0
719,1377715917,519.0
719,1377715922,525.0
719,1377715927,529.0
719,1377715932,529.0
719,1377715937,531.0
719,1377715942,531.0
719,1377715947,525.0
719,1377715952,536.0
719,1377715957,540.0
719,1377715962,547.0
719,1377715967,553.0
719,1377715972,556.0
719,1377715977,550.0
719,1377715982,553.0
719,1377715987,546.0
719,1377715992,546.0
719,1377715998,534.0
719,1377716004,537.0
719,1377716007,540.0
719,1377716012,550.0
719,1377716017,539.0
719,1377716022,542.0
719,1377716027,526.0
719,1377716032,521.0
719,1377716037,507.0
719,1377716042,518.0
719,1377716047,518.0
719,1377716052,515.0
719,1377716057,521.0
719,1377716062,525.0
719,1377716067,536.0
719,1377716072,539.0
719,1377716077,546.0
719,1377716082,547.0
719,1377716087,556.0
719,1377716092,550.0
719,1377716097,541.0
719,1377716102,544.0
719,1377716107,550.0
719,1377716112,540.0
719,1377716117,542.0
719,1377716122,535.0
719,1377716127,541.0
719,1377716132,547.0
719,1377716137,548.0
719,1377716142,543.0
719,1377716147,543.0
719,1377716152,551.0
719,1377716157,552.0
719,1377716162,553.0
719,1377716167,550.0
719,1377716172,551.0
719,1377716177,553.0
719,1377716182,558.0
719,1377716187,551.0
719,1377716192,553.0
719,1377716197,552.0
719,1377716202,552.0
719,1377716207,550.0
719,1377716212,550.0
719,1377716217,558.0
719,1377716222,550.0
719,1377716227,560.0
719,1377716232,555.0
719,1377716237,558.0
719,1377716242,561.0
719,1377716247,562.0
719,1377716252,574.0
719,1377716257,558.0
719,1377716262,561.0
719,1377716267,556.0
719,1377716272,551.0
719,1377716277,553.0
719,1377716282,558.0
719,1377716287,556.0
719,1377716292,551.0
719,1377716297,558.0
719,1377716302,563.0
719,1377716307,568.0
719,1377716312,569.0
719,1377716317,558.0
719,1377716322,563.0
719,1377716327,563.0
719,1377716332,567.0
719,1377716337,580.0
719,1377716342,582.0
719,1377716347,585.0
719,1377716352,582.0
719,1377716357,583.0
719,1377716362,580.0
719,1377716367,580.0
719,1377716372,578.0
719,1377716377,580.0
719,1377716382,578.0
719,1377716387,567.0
719,1377716392,571.0
719,1377716397,572.0
719,1377716402,569.0
719,1377716407,566.0
719,1377716412,557.0
719,1377716417,564.0
719,1377716422,568.0
719,1377716427,572.0
719,1377716432,567.0
719,1377716437,582.0
719,1377716442,575.0
719,1377716447,571.0
719,1377716452,576.0
719,1377716457,572.0
719,1377716462,572.0
719,1377716467,567.0
719,1377716472,574.0
719,1377716477,563.0
719,1377716482,561.0
719,1377716487,550.0
719,1377716492,553.0
719,1377716497,556.0
719,1377716502,566.0
719,1377716507,559.0
719,1377716512,567.0
719,1377716517,567.0
719,1377716522,569.0
719,1377716527,574.0
719,1377716532,567.0
719,1377716537,563.0
719,1377716542,568.0
719,1377716547,561.0
719,1377716552,561.0
719,1377716557,563.0
719,1377716562,572.0
719,1377716567,576.0
719,1377716572,575.0
719,1377716577,582.0
719,1377716582,588.0
719,1377716587,583.0
719,1377716592,585.0
719,1377716597,583.0
719,1377716602,590.0
719,1377716607,582.0
719,1377716612,580.0
719,1377716617,571.0
719,1377716622,583.0
719,1377716627,583.0
719,1377716632,588.0
719,1377716637,589.0
719,1377716642,600.0
719,1377716647,601.0
719,1377716652,601.0
719,1377716657,601.0
719,1377716662,590.0
719,1377716667,585.0
719,1377716672,571.0
719,1377716677,571.0
719,1377716682,567.0
719,1377716687,567.0
719,1377716692,576.0
719,1377716697,569.0
719,1377716702,576.0
719,1377716707,576.0
719,1377716712,567.0
719,1377716717,572.0
719,1377716722,576.0
719,1377716727,576.0
719,1377716732,571.0
719,1377716737,580.0
719,1377716742,582.0
719,1377716747,588.0
719,1377716752,598.0
719,1377716757,608.0
719,1377716762,605.0
719,1377716767,603.0
719,1377716772,595.0
719,1377716777,593.0
719,1377716782,588.0
719,1377716787,585.0
719,1377716792,579.0
719,1377716797,583.0
719,1377716802,582.0
719,1377716807,582.0
719,1377716812,576.0
719,1377716817,578.0
719,1377716822,578.0
719,1377716827,567.0
719,1377716832,571.0
719,1377716837,580.0
719,1377716842,582.0
719,1377716847,571.0
719,1377716852,567.0
719,1377716857,582.0
719,1377716862,575.0
719,1377716867,575.0
719,1377716872,571.0
719,1377716877,580.0
719,1377716882,582.0
719,1377716887,584.0
719,1377716892,575.0
719,1377716897,583.0
719,1377716902,579.0
719,1377716907,584.0
719,1377716912,582.0
719,1377716917,575.0
719,1377716922,588.0
719,1377716927,575.0
719,1377716932,585.0
719,1377716937,575.0
719,1377716942,584.0
719,1377716947,580.0
719,1377716952,576.0
719,1377716957,577.0
719,1377716962,575.0
719,1377716967,590.0
719,1377716972,593.0
719,1377716977,592.0
719,1377716982,589.0
719,1377716987,593.0
719,1377716992,592.0
719,1377716997,583.0
719,1377717002,590.0
719,1377717007,580.0
719,1377717012,571.0
719,1377717017,569.0
719,1377717022,578.0
719,1377717027,567.0
719,1377717032,569.0
719,1377717037,576.0
719,1377717042,574.0
719,1377717047,578.0
719,1377717052,575.0
719,1377717057,571.0
719,1377717062,575.0
719,1377717067,571.0
719,1377717072,580.0
719,1377717077,579.0
719,1377717082,571.0
719,1377717087,582.0
719,1377717092,571.0
719,1377717097,576.0
719,1377717102,575.0
719,1377717107,585.0
719,1377717112,595.0
719,1377717117,600.0
719,1377717122,589.0
719,1377717127,596.0
719,1377717132,588.0
719,1377717137,571.0
719,1377717142,576.0
719,1377717147,571.0
719,1377717152,567.0
719,1377717157,575.0
719,1377717162,582.0
719,1377717167,580.0
719,1377717172,567.0
719,1377717177,569.0
719,1377717182,572.0
719,1377717187,568.0
719,1377717192,569.0
719,1377717197,566.0
719,1377717202,572.0
719,1377717207,578.0
719,1377717212,576.0
719,1377717217,582.0
719,1377717222,571.0
719,1377717227,582.0
719,1377717232,575.0
719,1377717237,571.0
719,1377717242,569.0
719,1377717247,571.0
719,1377717252,571.0
719,1377717257,567.0
719,1377717262,572.0
719,1377717267,569.0
719,1377717272,576.0
719,1377717277,576.0
719,1377717282,571.0
719,1377717287,576.0
719,1377717292,572.0
719,1377717297,572.0
719,1377717302,572.0
719,1377717307,567.0
719,1377717312,574.0
719,1377717317,568.0
719,1377717322,558.0
719,1377717327,563.0
719,1377717332,566.0
719,1377717337,567.0
719,1377717342,558.0
719,1377717347,558.0
719,1377717352,563.0
719,1377717357,563.0
719,1377717362,568.0
719,1377717367,572.0
719,1377717372,559.0
719,1377717377,563.0
719,1377717382,569.0
719,1377717387,576.0
719,1377717392,571.0
719,1377717397,582.0
719,1377717402,571.0
719,1377717407,571.0
719,1377717412,572.0
719,1377717417,563.0
719,1377717422,563.0
719,1377717427,563.0
719,1377717432,564.0
719,1377717437,563.0
719,1377717442,568.0
719,1377717447,564.0
719,1377717452,563.0
719,1377717457,556.0
719,1377717462,561.0
719,1377717467,557.0
719,1377717472,558.0
719,1377717477,561.0
719,1377717482,564.0
719,1377717487,563.0
719,1377717492,568.0
719,1377717497,558.0
719,1377717502,563.0
719,1377717507,560.0
719,1377717512,558.0
719,1377717517,550.0
719,1377717522,550.0
719,1377717527,550.0
719,1377717532,556.0
719,1377717537,561.0
719,1377717542,561.0
719,1377717547,558.0
719,1377717552,558.0
719,1377717557,556.0
719,1377717562,551.0
719,1377717567,550.0
719,1377717572,551.0
719,1377717577,556.0
719,1377717582,556.0
719,1377717587,563.0
719,1377717592,558.0
719,1377717597,567.0
719,1377717602,569.0
719,1377717607,569.0
719,1377717612,558.0
719,1377717617,561.0
719,1377717622,553.0
719,1377717627,556.0
719,1377717632,564.0
719,1377717637,571.0
719,1377717643,576.0
719,1377717647,569.0
719,1377717652,563.0
719,1377717657,561.0
719,1377717662,556.0
719,1377717667,551.0
719,1377717672,555.0
719,1377717677,556.0
719,1377717682,556.0
719,1377717687,556.0
719,1377717692,563.0
719,1377717697,560.0
719,1377717702,553.0
719,1377717707,550.0
719,1377717712,551.0
719,1377717717,550.0
719,1377717722,550.0
719,1377717727,556.0
719,1377717732,547.0
719,1377717737,543.0
719,1377717742,552.0
719,1377717747,558.0
719,1377717752,553.0
719,1377717757,556.0
719,1377717762,562.0
719,1377717767,553.0
719,1377717772,551.0
719,1377717777,553.0
719,1377717782,553.0
719,1377717787,553.0
719,1377717792,556.0
719,1377717797,550.0
719,1377717802,553.0
719,1377717807,550.0
719,1377717812,539.0
719,1377717817,539.0
719,1377717822,546.0
719,1377717827,547.0
719,1377717832,550.0
719,1377717837,553.0
719,1377717842,550.0
719,1377717847,539.0
719,1377717852,537.0
719,1377717857,540.0
719,1377717862,531.0
719,1377717867,534.0
719,1377717872,539.0
719,1377717877,547.0
719,1377717882,540.0
719,1377717887,547.0
719,1377717892,543.0
719,1377717897,553.0
719,1377717902,552.0
719,1377717907,551.0
719,1377717912,552.0
719,1377717917,547.0
719,1377717922,539.0
719,1377717927,544.0
719,1377717932,535.0
719,1377717937,540.0
719,1377717942,550.0
719,1377717947,540.0
719,1377717952,544.0
719,1377717957,537.0
719,1377717962,531.0
719,1377717967,539.0
719,1377717972,540.0
719,1377717977,541.0
719,1377717982,553.0
719,1377717987,543.0
719,1377717992,558.0
719,1377717997,551.0
719,1377718002,558.0
719,1377718007,558.0
719,1377718012,551.0
719,1377718017,551.0
719,1377718022,559.0
719,1377718027,563.0
719,1377718032,558.0
719,1377718037,561.0
719,1377718042,553.0
719,1377718047,556.0
719,1377718052,556.0
719,1377718057,553.0
719,1377718062,553.0
719,1377718067,551.0
719,1377718072,558.0
719,1377718077,561.0
719,1377718082,558.0
719,1377718087,561.0
719,1377718092,561.0
719,1377718097,551.0
719,1377718102,550.0
719,1377718107,552.0
719,1377718112,550.0
719,1377718117,553.0
719,1377718122,555.0
719,1377718127,558.0
719,1377718132,553.0
719,1377718137,550.0
719,1377718142,547.0
719,1377718147,550.0
719,1377718152,553.0
719,1377718157,551.0
719,1377718162,553.0
719,1377718167,556.0
719,1377718172,553.0
719,1377718177,561.0
719,1377718182,561.0
719,1377718187,553.0
719,1377718192,556.0
719,1377718197,547.0
719,1377718202,547.0
719,1377718207,541.0
719,1377718212,541.0
719,1377718217,547.0
719,1377718222,556.0
719,1377718227,556.0
719,1377718232,558.0
719,1377718237,553.0
719,1377718242,553.0
719,1377718247,556.0
719,1377718252,557.0
719,1377718257,561.0
719,1377718262,558.0
719,1377718267,563.0
719,1377718272,561.0
719,1377718277,543.0
719,1377718282,539.0
719,1377718287,536.0
719,1377718292,526.0
719,1377718297,529.0
719,1377718302,525.0
719,1377718307,531.0
719,1377718312,534.0
719,1377718317,535.0
719,1377718323,550.0
719,1377718327,535.0
719,1377718332,537.0
719,1377718337,544.0
719,1377718342,547.0
719,1377718347,551.0
719,1377718352,560.0
719,1377718357,558.0
719,1377718362,558.0
719,1377718367,561.0
719,1377718372,558.0
719,1377718377,562.0
719,1377718382,553.0
719,1377718387,558.0
719,1377718392,556.0
719,1377718397,560.0
719,1377718402,556.0
719,1377718407,551.0
719,1377718412,546.0
719,1377718417,541.0
719,1377718422,540.0
719,1377718427,546.0
719,1377718432,541.0
719,1377718437,541.0
719,1377718442,547.0
719,1377718447,553.0
719,1377718452,541.0
719,1377718457,540.0
719,1377718462,535.0
719,1377718467,540.0
719,1377718472,539.0
719,1377718477,546.0
719,1377718482,541.0
719,1377718487,535.0
719,1377718492,539.0
719,1377718497,544.0
719,1377718502,531.0
719,1377718507,532.0
719,1377718512,531.0
719,1377718517,536.0
719,1377718522,537.0
719,1377718527,537.0
719,1377718532,540.0
719,1377718537,535.0
719,1377718542,534.0
719,1377718547,540.0
719,1377718552,531.0
719,1377718557,532.0
719,1377718562,526.0
719,1377718567,536.0
719,1377718572,535.0
719,1377718577,535.0
719,1377718582,535.0
719,1377718587,540.0
719,1377718592,540.0
719,1377718597,531.0
719,1377718602,532.0
719,1377718607,540.0
719,1377718612,537.0
719,1377718617,547.0
719,1377718622,541.0
719,1377718627,541.0
719,1377718632,535.0
719,1377718637,540.0
719,1377718642,531.0
719,1377718647,536.0
719,1377718652,540.0
719,1377718657,540.0
719,1377718662,547.0
719,1377718667,546.0
719,1377718672,534.0
719,1377718677,530.0
719,1377718682,524.0
719,1377718687,524.0
719,1377718692,521.0
719,1377718697,529.0
719,1377718702,537.0
719,1377718707,552.0
719,1377718712,550.0
719,1377718717,548.0
719,1377718722,546.0
719,1377718727,546.0
719,1377718732,539.0
719,1377718737,539.0
719,1377718742,539.0
719,1377718747,537.0
719,1377718752,536.0
719,1377718757,531.0
719,1377718762,529.0
719,1377718767,530.0
719,1377718772,527.0
719,1377718777,540.0
719,1377718782,544.0
719,1377718787,546.0
719,1377718792,546.0
719,1377718797,539.0
719,1377718802,539.0
719,1377718807,547.0
719,1377718812,541.0
719,1377718817,548.0
719,1377718822,541.0
719,1377718827,541.0
719,1377718832,535.0
719,1377718837,537.0
719,1377718842,546.0
719,1377718847,539.0
719,1377718852,543.0
719,1377718857,550.0
719,1377718862,547.0
719,1377718867,545.0
719,1377718872,546.0
719,1377718877,540.0
719,1377718882,539.0
719,1377718887,547.0
719,1377718892,543.0
719,1377718897,550.0
719,1377718902,542.0
719,1377718907,536.0
719,1377718912,537.0
719,1377718917,531.0
719,1377718922,536.0
719,1377718927,531.0
719,1377718932,536.0
719,1377718937,536.0
719,1377718942,531.0
719,1377718947,527.0
719,1377718952,530.0
719,1377718957,529.0
719,1377718962,529.0
719,1377718967,531.0
719,1377718972,528.0
719,1377718977,526.0
719,1377718982,521.0
719,1377718987,519.0
719,1377718992,524.0
719,1377718997,531.0
719,1377719002,526.0
719,1377719008,534.0
719,1377719012,537.0
719,1377719017,540.0
719,1377719022,550.0
719,1377719027,531.0
719,1377719032,546.0
719,1377719037,524.0
719,1377719042,519.0
719,1377719047,524.0
719,1377719052,526.0
719,1377719057,526.0
719,1377719062,526.0
719,1377719067,524.0
719,1377719072,519.0
719,1377719077,526.0
719,1377719082,535.0
719,1377719087,537.0
719,1377719092,544.0
719,1377719097,535.0
719,1377719102,544.0
719,1377719107,537.0
719,1377719112,537.0
719,1377719117,540.0
719,1377719122,529.0
719,1377719127,526.0
719,1377719132,526.0
719,1377719137,519.0
719,1377719142,529.0
719,1377719147,537.0
719,1377719152,537.0
719,1377719157,539.0
719,1377719162,535.0
719,1377719167,540.0
719,1377719172,537.0
719,1377719177,531.0
719,1377719182,536.0
719,1377719187,537.0
719,1377719192,535.0
719,1377719197,537.0
719,1377719202,545.0
719,1377719207,539.0
719,1377719212,540.0
719,1377719217,540.0
719,1377719222,535.0
719,1377719227,536.0
719,1377719232,534.0
719,1377719237,537.0
719,1377719242,536.0
719,1377719247,544.0
719,1377719252,537.0
719,1377719257,545.0
719,1377719262,541.0
719,1377719267,537.0
719,1377719272,535.0
719,1377719277,540.0
719,1377719282,537.0
719,1377719287,534.0
719,1377719292,526.0
719,1377719297,529.0
719,1377719302,529.0
719,1377719307,531.0
719,1377719312,540.0
719,1377719317,540.0
719,1377719322,546.0
719,1377719327,550.0
719,1377719332,548.0
719,1377719337,552.0
719,1377719342,548.0
719,1377719347,539.0
719,1377719352,540.0
719,1377719357,544.0
719,1377719362,540.0
719,1377719367,539.0
719,1377719372,546.0
719,1377719377,541.0
719,1377719382,539.0
719,1377719387,550.0
719,1377719392,539.0
719,1377719397,539.0
719,1377719402,540.0
719,1377719407,550.0
719,1377719412,541.0
719,1377719417,539.0
719,1377719422,539.0
719,1377719427,540.0
719,1377719432,536.0
719,1377719437,532.0
719,1377719442,527.0
719,1377719447,526.0
719,1377719452,527.0
719,1377719457,536.0
719,1377719462,542.0
719,1377719467,539.0
719,1377719472,550.0
719,1377719477,539.0
719,1377719482,546.0
719,1377719487,535.0
719,1377719492,536.0
719,1377719497,525.0
719,1377719502,525.0
719,1377719507,536.0
719,1377719512,531.0
719,1377719517,531.0
719,1377719522,535.0
719,1377719527,530.0
719,1377719532,534.0
719,1377719537,537.0
719,1377719542,536.0
719,1377719547,537.0
719,1377719552,540.0
719,1377719557,535.0
719,1377719562,540.0
719,1377719567,540.0
719,1377719572,540.0
719,1377719577,535.0
719,1377719582,537.0
719,1377719587,535.0
719,1377719592,546.0
719,1377719597,539.0
719,1377719602,540.0
719,1377719607,537.0
719,1377719612,536.0
719,1377719617,531.0
719,1377719622,530.0
719,1377719627,529.0
719,1377719632,525.0
719,1377719637,531.0
719,1377719642,536.0
719,1377719647,535.0
719,1377719652,545.0
719,1377719657,543.0
719,1377719662,546.0
719,1377719667,541.0
719,1377719672,540.0
719,1377719677,537.0
719,1377719682,535.0
719,1377719687,540.0
719,1377719692,537.0
719,1377719697,535.0
719,1377719702,531.0
719,1377719707,529.0
719,1377719712,529.0
719,1377719717,537.0
719,1377719723,540.0
719,1377719727,539.0
719,1377719732,535.0
719,1377719737,529.0
719,1377719742,529.0
719,1377719747,519.0
719,1377719752,530.0
719,1377719757,536.0
719,1377719762,537.0
719,1377719767,535.0
719,1377719772,536.0
719,1377719777,524.0
719,1377719782,521.0
719,1377719787,524.0
719,1377719792,529.0
719,1377719797,526.0
719,1377719802,534.0
719,1377719807,524.0
719,1377719812,526.0
719,1377719817,529.0
719,1377719822,544.0
719,1377719827,539.0
719,1377719832,550.0
719,1377719837,551.0
719,1377719842,550.0
719,1377719847,552.0
719,1377719852,548.0
719,1377719857,544.0
719,1377719862,531.0
719,1377719867,531.0
719,1377719872,537.0
719,1377719877,539.0
719,1377719882,547.0
719,1377719887,543.0
719,1377719892,547.0
719,1377719897,539.0
719,1377719902,531.0
719,1377719907,535.0
719,1377719912,540.0
719,1377719917,540.0
719,1377719922,544.0
719,1377719927,540.0
719,1377719932,540.0
719,1377719937,540.0
719,1377719942,537.0
719,1377719947,537.0
719,1377719952,539.0
719,1377719957,546.0
719,1377719962,552.0
719,1377719967,558.0
719,1377719972,558.0
719,1377719977,553.0
719,1377719982,541.0
719,1377719987,547.0
719,1377719992,546.0
719,1377719997,535.0
719,1377720002,540.0
719,1377720007,537.0
719,1377720012,545.0
719,1377720017,539.0
719,1377720022,541.0
719,1377720027,540.0
719,1377720032,539.0
719,1377720037,536.0
719,1377720042,535.0
719,1377720047,531.0
719,1377720052,531.0
719,1377720057,537.0
719,1377720062,541.0
719,1377720067,552.0
719,1377720072,552.0
719,1377720077,548.0
719,1377720082,531.0
719,1377720087,531.0
719,1377720092,529.0
719,1377720097,530.0
719,1377720102,531.0
719,1377720107,540.0
719,1377720112,544.0
719,1377720117,547.0
719,1377720122,534.0
719,1377720127,536.0
719,1377720132,529.0
719,1377720137,530.0
719,1377720142,537.0
719,1377720147,535.0
719,1377720152,539.0
719,1377720157,539.0
719,1377720162,537.0
719,1377720167,537.0
719,1377720172,527.0
719,1377720177,526.0
719,1377720182,529.0
719,1377720187,532.0
719,1377720192,540.0
719,1377720197,544.0
719,1377720202,537.0
719,1377720207,532.0
719,1377720212,525.0
719,1377720217,529.0
719,1377720222,531.0
719,1377720227,540.0
719,1377720232,540.0
719,1377720237,540.0
719,1377720242,537.0
719,1377720247,536.0
719,1377720252,540.0
719,1377720257,550.0
719,1377720262,547.0
719,1377720267,551.0
719,1377720272,561.0
719,1377720277,556.0
719,1377720282,561.0
719,1377720287,561.0
719,1377720292,558.0
719,1377720297,560.0
719,1377720302,556.0
719,1377720307,556.0
719,1377720312,553.0
719,1377720317,551.0
719,1377720322,547.0
719,1377720327,539.0
719,1377720332,547.0
719,1377720337,547.0
719,1377720342,550.0
719,1377720347,551.0
719,1377720352,561.0
719,1377720357,558.0
719,1377720362,563.0
719,1377720367,558.0
719,1377720372,561.0
719,1377720377,561.0
719,1377720382,556.0
719,1377720387,558.0
719,1377720392,557.0
719,1377720397,563.0
719,1377720402,572.0
719,1377720407,576.0
719,1377720412,571.0
719,1377720417,567.0
719,1377720422,567.0
719,1377720427,574.0
719,1377720432,567.0
719,1377720437,578.0
719,1377720442,567.0
719,1377720447,568.0
719,1377720452,563.0
719,1377720458,559.0
719,1377720462,569.0
719,1377720467,576.0
719,1377720472,571.0
719,1377720477,576.0
719,1377720482,576.0
719,1377720487,578.0
719,1377720492,582.0
719,1377720497,569.0
719,1377720502,567.0
719,1377720507,576.0
719,1377720512,580.0
719,1377720517,580.0
719,1377720522,585.0
719,1377720527,583.0
719,1377720532,582.0
719,1377720537,584.0
719,1377720542,579.0
719,1377720547,583.0
719,1377720552,588.0
719,1377720557,588.0
719,1377720562,585.0
719,1377720567,588.0
719,1377720572,590.0
719,1377720577,593.0
719,1377720582,590.0
719,1377720587,595.0
719,1377720592,592.0
719,1377720597,588.0
719,1377720602,593.0
719,1377720607,595.0
719,1377720612,598.0
719,1377720617,599.0
719,1377720622,605.0
719,1377720627,605.0
719,1377720632,620.0
719,1377720637,615.0
719,1377720642,617.0
719,1377720647,612.0
719,1377720652,598.0
719,1377720657,601.0
719,1377720662,601.0
719,1377720667,598.0
719,1377720672,604.0
719,1377720677,611.0
719,1377720682,617.0
719,1377720687,616.0
719,1377720692,614.0
719,1377720697,603.0
719,1377720702,610.0
719,1377720707,608.0
719,1377720712,611.0
719,1377720717,603.0
719,1377720722,611.0
719,1377720727,611.0
719,1377720732,603.0
719,1377720737,604.0
719,1377720742,605.0
719,1377720747,614.0
719,1377720752,617.0
719,1377720757,619.0
719,1377720762,625.0
719,1377720767,624.0
719,1377720772,615.0
719,1377720777,614.0
719,1377720782,622.0
719,1377720787,620.0
719,1377720792,620.0
719,1377720797,621.0
719,1377720802,621.0
719,1377720807,626.0
719,1377720812,621.0
719,1377720817,621.0
719,1377720822,625.0
719,1377720827,622.0
719,1377720832,627.0
719,1377720837,632.0
719,1377720842,636.0
719,1377720847,633.0
719,1377720852,631.0
719,1377720857,633.0
719,1377720862,640.0
719,1377720867,631.0
719,1377720872,636.0
719,1377720877,633.0
719,1377720882,621.0
719,1377720887,622.0
719,1377720892,625.0
719,1377720897,620.0
719,1377720902,625.0
719,1377720907,627.0
719,1377720912,622.0
719,1377720917,617.0
719,1377720922,622.0
719,1377720927,622.0
719,1377720932,627.0
719,1377720937,630.0
719,1377720942,633.0
719,1377720947,633.0
719,1377720952,631.0
719,1377720957,636.0
719,1377720962,644.0
719,1377720967,638.0
719,1377720972,646.0
719,1377720977,641.0
719,1377720982,631.0
719,1377720987,627.0
719,1377720992,632.0
719,1377720997,631.0
719,1377721002,636.0
719,1377721007,628.0
719,1377721012,632.0
719,1377721017,627.0
719,1377721022,627.0
719,1377721027,627.0
719,1377721032,638.0
719,1377721037,633.0
719,1377721042,630.0
719,1377721047,638.0
719,1377721052,631.0
719,1377721057,638.0
719,1377721062,641.0
719,1377721067,644.0
719,1377721072,631.0
719,1377721077,641.0
719,1377721082,631.0
719,1377721087,631.0
719,1377721092,631.0
719,1377721097,623.0
719,1377721102,625.0
719,1377721107,621.0
719,1377721112,622.0
719,1377721117,633.0
719,1377721122,631.0
719,1377721127,644.0
719,1377721132,644.0
719,1377721137,644.0
719,1377721142,639.0
719,1377721147,644.0
719,1377721152,640.0
719,1377721157,635.0
719,1377721162,638.0
719,1377721167,644.0
719,1377721172,646.0
719,1377721177,638.0
719,1377721182,641.0
719,1377721187,638.0
719,1377721192,636.0
719,1377721197,631.0
719,1377721202,638.0
719,1377721207,641.0
719,1377721212,644.0
719,1377721217,644.0
719,1377721222,644.0
719,1377721227,639.0
719,1377721232,649.0
719,1377721237,657.0
719,1377721242,652.0
719,1377721247,659.0
719,1377721252,664.0
719,1377721257,649.0
719,1377721262,652.0
719,1377721267,641.0
719,1377721272,631.0
719,1377721277,641.0
719,1377721282,644.0
719,1377721287,636.0
719,1377721292,641.0
719,1377721297,641.0
719,1377721302,638.0
719,1377721307,647.0
719,1377721312,646.0
719,1377721317,648.0
719,1377721322,635.0
719,1377721327,640.0
719,1377721332,641.0
719,1377721337,644.0
719,1377721342,648.0
719,1377721347,646.0
719,1377721352,644.0
719,1377721357,643.0
719,1377721362,641.0
719,1377721367,631.0
719,1377721372,641.0
719,1377721377,639.0
719,1377721382,635.0
719,1377721387,644.0
719,1377721392,638.0
719,1377721397,638.0
719,1377721402,644.0
719,1377721407,638.0
719,1377721412,640.0
719,1377721417,638.0
719,1377721422,644.0
719,1377721427,638.0
719,1377721432,646.0
719,1377721437,648.0
719,1377721442,646.0
719,1377721447,651.0
719,1377721452,654.0
719,1377721457,657.0
719,1377721462,652.0
719,1377721467,649.0
719,1377721472,654.0
719,1377721477,659.0
719,1377721482,654.0
719,1377721487,663.0
719,1377721492,655.0
719,1377721497,654.0
719,1377721502,658.0
719,1377721507,657.0
719,1377721512,659.0
719,1377721517,657.0
719,1377721522,654.0
719,1377721527,657.0
719,1377721532,659.0
719,1377721537,654.0
719,1377721542,659.0
719,1377721547,659.0
719,1377721552,659.0
719,1377721557,653.0
719,1377721562,657.0
719,1377721567,657.0
719,1377721572,657.0
719,1377721577,649.0
719,1377721582,647.0
719,1377721587,654.0
719,1377721592,660.0
719,1377721597,664.0
719,1377721602,659.0
719,1377721607,653.0
719,1377721612,660.0
719,1377721617,659.0
719,1377721622,659.0
719,1377721627,665.0
719,1377721632,659.0
719,1377721637,665.0
719,1377721642,658.0
719,1377721647,649.0
719,1377721652,648.0
719,1377721657,646.0
719,1377721662,639.0
719,1377721667,657.0
719,1377721672,647.0
719,1377721677,654.0
719,1377721682,657.0
719,1377721687,659.0
719,1377721692,663.0
719,1377721697,665.0
719,1377721702,664.0
719,1377721707,652.0
719,1377721712,652.0
719,1377721717,639.0
719,1377721722,646.0
719,1377721727,656.0
719,1377721732,657.0
719,1377721737,665.0
719,1377721742,672.0
719,1377721747,676.0
719,1377721752,675.0
719,1377721757,667.0
719,1377721762,668.0
719,1377721767,654.0
719,1377721772,653.0
719,1377721777,652.0
719,1377721782,654.0
719,1377721787,654.0
719,1377721792,659.0
719,1377721797,659.0
719,1377721802,652.0
719,1377721807,657.0
719,1377721812,659.0
719,1377721817,657.0
719,1377721822,653.0
719,1377721827,657.0
719,1377721832,659.0
719,1377721837,664.0
719,1377721842,664.0
719,1377721847,659.0
719,1377721852,654.0
719,1377721857,659.0
719,1377721862,653.0
719,1377721867,659.0
719,1377721872,659.0
719,1377721877,659.0
719,1377721882,655.0
719,1377721887,665.0
719,1377721892,663.0
719,1377721897,674.0
719,1377721902,665.0
719,1377721907,664.0
719,1377721912,659.0
719,1377721917,659.0
719,1377721922,659.0
719,1377721927,674.0
719,1377721932,672.0
719,1377721937,678.0
719,1377721942,678.0
719,1377721947,679.0
719,1377721952,671.0
719,1377721957,675.0
719,1377721962,669.0
719,1377721967,674.0
719,1377721972,669.0
719,1377721977,667.0
719,1377721982,678.0
719,1377721987,679.0
719,1377721992,685.0
719,1377721997,681.0
719,1377722002,684.0
719,1377722007,684.0
719,1377722012,681.0
719,1377722017,673.0
719,1377722022,674.0
719,1377722027,667.0
719,1377722032,668.0
719,1377722037,674.0
719,1377722042,669.0
719,1377722047,676.0
719,1377722052,675.0
719,1377722057,675.0
719,1377722062,675.0
719,1377722067,665.0
719,1377722072,662.0
719,1377722077,654.0
719,1377722082,649.0
719,1377722087,647.0
719,1377722092,646.0
719,1377722097,651.0
719,1377722102,658.0
719,1377722107,664.0
719,1377722112,678.0
719,1377722117,675.0
719,1377722122,688.0
719,1377722127,692.0
719,1377722132,683.0
719,1377722137,681.0
719,1377722142,668.0
719,1377722147,668.0
719,1377722152,668.0
719,1377722157,678.0
719,1377722162,668.0
719,1377722167,669.0
719,1377722172,678.0
719,1377722177,678.0
719,1377722182,671.0
719,1377722187,684.0
719,1377722192,686.0
719,1377722197,689.0
719,1377722202,686.0
719,1377722207,691.0
719,1377722212,700.0
719,1377722217,695.0
719,1377722222,704.0
719,1377722227,695.0
719,1377722232,694.0
719,1377722237,697.0
719,1377722242,686.0
719,1377722247,679.0
719,1377722252,684.0
719,1377722257,669.0
719,1377722262,678.0
719,1377722267,679.0
719,1377722272,686.0
719,1377722277,687.0
719,1377722282,699.0
719,1377722287,695.0
719,1377722292,708.0
719,1377722297,700.0
719,1377722302,694.0
719,1377722307,704.0
719,1377722312,699.0
719,1377722317,704.0
719,1377722322,708.0
719,1377722327,704.0
719,1377722332,704.0
719,1377722337,697.0
719,1377722342,710.0
719,1377722347,708.0
719,1377722352,697.0
719,1377722357,704.0
719,1377722362,685.0
719,1377722367,681.0
719,1377722372,679.0
719,1377722377,689.0
719,1377722382,684.0
719,1377722387,684.0
719,1377722392,686.0
719,1377722397,689.0
719,1377722402,689.0
719,1377722407,686.0
719,1377722412,684.0
719,1377722417,684.0
719,1377722422,681.0
719,1377722427,679.0
719,1377722432,689.0
719,1377722437,689.0
719,1377722442,684.0
719,1377722447,684.0
719,1377722452,697.0
719,1377722457,695.0
719,1377722462,704.0
719,1377722467,706.0
719,1377722472,704.0
719,1377722477,697.0
719,1377722482,694.0
719,1377722487,691.0
719,1377722492,689.0
719,1377722497,689.0
719,1377722502,689.0
719,1377722507,686.0
719,1377722512,684.0
719,1377722517,671.0
719,1377722522,679.0
719,1377722527,686.0
719,1377722532,686.0
719,1377722537,684.0
719,1377722542,686.0
719,1377722547,678.0
719,1377722552,669.0
719,1377722557,681.0
719,1377722562,679.0
719,1377722567,678.0
719,1377722572,678.0
719,1377722577,675.0
719,1377722582,676.0
719,1377722587,671.0
719,1377722592,686.0
719,1377722597,685.0
719,1377722602,695.0
719,1377722607,697.0
719,1377722612,686.0
719,1377722617,686.0
719,1377722622,684.0
719,1377722627,685.0
719,1377722632,691.0
719,1377722637,691.0
719,1377722643,691.0
719,1377722647,685.0
719,1377722652,686.0
719,1377722657,700.0
719,1377722662,704.0
719,1377722667,704.0
719,1377722672,694.0
719,1377722677,685.0
719,1377722682,691.0
719,1377722687,689.0
719,1377722692,696.0
719,1377722697,697.0
719,1377722702,697.0
719,1377722707,685.0
719,1377722712,689.0
719,1377722717,676.0
719,1377722722,667.0
719,1377722727,676.0
719,1377722732,667.0
719,1377722737,669.0
719,1377722742,676.0
719,1377722747,681.0
719,1377722752,684.0
719,1377722757,686.0
719,1377722762,694.0
719,1377722767,696.0
719,1377722772,691.0
719,1377722777,691.0
719,1377722782,691.0
719,1377722787,694.0
719,1377722792,700.0
719,1377722797,699.0
719,1377722802,691.0
719,1377722807,691.0
719,1377722812,689.0
719,1377722817,669.0
719,1377722822,674.0
719,1377722827,674.0
719,1377722832,668.0
719,1377722837,672.0
719,1377722842,675.0
719,1377722847,681.0
719,1377722852,684.0
719,1377722857,691.0
719,1377722862,681.0
719,1377722867,689.0
719,1377722872,681.0
719,1377722877,684.0
719,1377722882,684.0
719,1377722887,685.0
719,1377722892,689.0
719,1377722897,691.0
719,1377722902,684.0
719,1377722907,684.0
719,1377722912,684.0
719,1377722917,684.0
719,1377722922,678.0
719,1377722927,669.0
719,1377722932,669.0
719,1377722937,678.0
719,1377722942,676.0
719,1377722947,684.0
719,1377722952,684.0
719,1377722957,689.0
719,1377722962,691.0
719,1377722967,687.0
719,1377722972,686.0
719,1377722977,688.0
719,1377722982,681.0
719,1377722987,675.0
719,1377722992,679.0
719,1377722997,679.0
719,1377723002,685.0
719,1377723007,675.0
719,1377723012,678.0
719,1377723017,675.0
719,1377723022,663.0
719,1377723027,665.0
719,1377723032,665.0
719,1377723037,668.0
719,1377723042,681.0
719,1377723047,684.0
719,1377723052,689.0
719,1377723057,684.0
719,1377723062,686.0
719,1377723067,696.0
719,1377723072,691.0
719,1377723077,691.0
719,1377723082,686.0
719,1377723087,686.0
719,1377723092,694.0
719,1377723097,696.0
719,1377723102,692.0
719,1377723107,684.0
719,1377723112,681.0
719,1377723117,686.0
719,1377723122,691.0
719,1377723127,700.0
719,1377723132,695.0
719,1377723137,708.0
719,1377723142,708.0
719,1377723147,712.0
719,1377723152,703.0
719,1377723157,713.0
719,1377723162,716.0
719,1377723167,716.0
719,1377723172,710.0
719,1377723177,703.0
719,1377723182,708.0
719,1377723187,695.0
719,1377723192,695.0
719,1377723197,704.0
719,1377723202,695.0
719,1377723207,695.0
719,1377723212,695.0
719,1377723217,704.0
719,1377723222,700.0
719,1377723227,686.0
719,1377723232,691.0
719,1377723237,691.0
719,1377723242,697.0
719,1377723247,695.0
719,1377723252,708.0
719,1377723257,708.0
719,1377723262,704.0
719,1377723267,696.0
719,1377723272,685.0
719,1377723277,686.0
719,1377723282,691.0
719,1377723287,697.0
719,1377723292,691.0
719,1377723297,697.0
719,1377723302,699.0
719,1377723307,695.0
719,1377723312,697.0
719,1377723317,706.0
719,1377723322,696.0
719,1377723327,685.0
719,1377723332,691.0
719,1377723337,686.0
719,1377723342,689.0
719,1377723347,679.0
719,1377723352,684.0
719,1377723357,689.0
719,1377723362,686.0
719,1377723367,691.0
719,1377723373,697.0
719,1377723377,697.0
719,1377723382,696.0
719,1377723387,700.0
719,1377723392,697.0
719,1377723397,702.0
719,1377723402,691.0
719,1377723407,691.0
719,1377723412,686.0
719,1377723417,697.0
719,1377723422,697.0
719,1377723427,704.0
719,1377723432,691.0
719,1377723437,688.0
719,1377723442,669.0
719,1377723447,674.0
719,1377723452,668.0
719,1377723457,674.0
719,1377723462,663.0
719,1377723467,667.0
719,1377723472,668.0
719,1377723477,676.0
719,1377723482,676.0
719,1377723487,671.0
719,1377723492,684.0
719,1377723497,681.0
719,1377723502,678.0
719,1377723507,675.0
719,1377723512,669.0
719,1377723517,684.0
719,1377723522,678.0
719,1377723527,686.0
719,1377723532,689.0
719,1377723537,686.0
719,1377723542,696.0
719,1377723547,696.0
719,1377723552,691.0
719,1377723557,688.0
719,1377723562,681.0
719,1377723567,671.0
719,1377723572,681.0
719,1377723577,681.0
719,1377723582,678.0
719,1377723587,676.0
719,1377723592,678.0
719,1377723597,669.0
719,1377723602,675.0
719,1377723607,681.0
719,1377723612,678.0
719,1377723617,679.0
719,1377723622,678.0
719,1377723627,669.0
719,1377723632,669.0
719,1377723637,676.0
719,1377723642,667.0
719,1377723647,678.0
719,1377723652,681.0
719,1377723657,691.0
719,1377723662,691.0
719,1377723667,691.0
719,1377723672,689.0
719,1377723677,686.0
719,1377723682,675.0
719,1377723687,678.0
719,1377723692,671.0
719,1377723697,679.0
719,1377723705,678.0
719,1377723707,689.0
719,1377723712,686.0
719,1377723717,679.0
719,1377723722,681.0
719,1377723727,676.0
719,1377723732,667.0
719,1377723737,678.0
719,1377723742,669.0
719,1377723747,678.0
719,1377723752,667.0
719,1377723757,686.0
719,1377723762,686.0
719,1377723767,679.0
719,1377723772,689.0
719,1377723777,690.0
719,1377723782,684.0
719,1377723787,684.0
719,1377723792,675.0
719,1377723797,668.0
719,1377723802,668.0
719,1377723807,663.0
719,1377723812,668.0
719,1377723817,669.0
719,1377723822,665.0
719,1377723827,665.0
719,1377723832,663.0
719,1377723837,673.0
719,1377723842,678.0
719,1377723847,689.0
719,1377723852,691.0
719,1377723857,695.0
719,1377723862,696.0
719,1377723867,691.0
719,1377723872,686.0
719,1377723877,692.0
719,1377723882,691.0
719,1377723887,694.0
719,1377723892,700.0
719,1377723897,704.0
719,1377723902,695.0
719,1377723907,694.0
719,1377723912,691.0
719,1377723917,696.0
719,1377723922,687.0
719,1377723927,695.0
719,1377723932,686.0
719,1377723937,694.0
719,1377723942,685.0
719,1377723947,696.0
719,1377723952,695.0
719,1377723957,695.0
719,1377723962,694.0
719,1377723967,685.0
719,1377723972,689.0
719,1377723977,686.0
719,1377723982,691.0
719,1377723987,686.0
719,1377723992,686.0
719,1377723997,697.0
719,1377724002,697.0
719,1377724007,694.0
719,1377724012,694.0
719,1377724017,685.0
719,1377724022,684.0
719,1377724027,686.0
719,1377724032,695.0
719,1377724037,700.0
719,1377724042,697.0
719,1377724047,679.0
719,1377724052,678.0
719,1377724057,674.0
719,1377724062,667.0
719,1377724067,675.0
719,1377724072,667.0
719,1377724077,668.0
719,1377724082,672.0
719,1377724087,668.0
719,1377724092,672.0
719,1377724097,669.0
719,1377724102,667.0
719,1377724107,663.0
719,1377724112,668.0
719,1377724117,668.0
719,1377724122,663.0
719,1377724127,663.0
719,1377724132,678.0
719,1377724137,686.0
719,1377724142,691.0
719,1377724147,702.0
719,1377724152,704.0
719,1377724157,710.0
719,1377724162,704.0
719,1377724167,710.0
719,1377724172,687.0
719,1377724177,694.0
719,1377724182,689.0
719,1377724187,685.0
719,1377724192,689.0
719,1377724197,691.0
719,1377724202,689.0
719,1377724207,689.0
719,1377724212,684.0
719,1377724217,684.0
719,1377724222,681.0
719,1377724227,684.0
719,1377724232,675.0
719,1377724237,674.0
719,1377724242,679.0
719,1377724247,692.0
719,1377724252,700.0
719,1377724257,694.0
719,1377724262,694.0
719,1377724267,684.0
719,1377724272,681.0
719,1377724277,684.0
719,1377724282,678.0
719,1377724287,686.0
719,1377724292,689.0
719,1377724297,689.0
719,1377724302,694.0
719,1377724307,686.0
719,1377724312,700.0
719,1377724317,695.0
719,1377724322,704.0
719,1377724327,691.0
719,1377724332,697.0
719,1377724337,686.0
719,1377724342,694.0
719,1377724347,686.0
719,1377724352,684.0
719,1377724357,679.0
719,1377724362,671.0
719,1377724367,681.0
719,1377724372,686.0
719,1377724377,686.0
719,1377724382,684.0
719,1377724387,671.0
719,1377724392,675.0
719,1377724397,674.0
719,1377724402,667.0
719,1377724407,667.0
719,1377724412,667.0
719,1377724417,681.0
719,1377724422,680.0
719,1377724427,675.0
719,1377724432,669.0
719,1377724437,674.0
719,1377724442,674.0
719,1377724447,665.0
719,1377724452,664.0
719,1377724457,662.0
719,1377724462,668.0
719,1377724467,668.0
719,1377724472,663.0
719,1377724477,663.0
719,1377724482,668.0
719,1377724487,668.0
719,1377724492,664.0
719,1377724497,667.0
719,1377724502,667.0
719,1377724507,678.0
719,1377724512,686.0
719,1377724517,684.0
719,1377724522,684.0
719,1377724527,679.0
719,1377724532,675.0
719,1377724537,679.0
719,1377724542,686.0
719,1377724547,684.0
719,1377724552,690.0
719,1377724557,686.0
719,1377724562,678.0
719,1377724567,678.0
719,1377724572,675.0
719,1377724577,680.0
719,1377724582,676.0
719,1377724587,673.0
719,1377724592,668.0
719,1377724597,663.0
719,1377724602,670.0
719,1377724607,668.0
719,1377724612,673.0
719,1377724617,668.0
719,1377724622,663.0
719,1377724627,659.0
719,1377724632,647.0
719,1377724637,647.0
719,1377724642,643.0
719,1377724647,643.0
719,1377724652,644.0
719,1377724657,652.0
719,1377724662,649.0
719,1377724667,652.0
719,1377724672,657.0
719,1377724677,649.0
719,1377724682,639.0
719,1377724687,638.0
719,1377724692,638.0
719,1377724697,644.0
719,1377724702,648.0
719,1377724707,646.0
719,1377724712,656.0
719,1377724717,653.0
719,1377724722,649.0
719,1377724727,644.0
719,1377724732,631.0
719,1377724737,636.0
719,1377724742,631.0
719,1377724747,631.0
719,1377724752,640.0
719,1377724757,644.0
719,1377724762,654.0
719,1377724767,659.0
719,1377724772,659.0
719,1377724777,665.0
719,1377724782,659.0
719,1377724787,652.0
719,1377724792,648.0
719,1377724797,640.0
719,1377724802,646.0
719,1377724807,641.0
719,1377724812,641.0
719,1377724817,631.0
719,1377724822,640.0
719,1377724827,640.0
719,1377724832,640.0
719,1377724837,638.0
719,1377724842,631.0
719,1377724847,639.0
719,1377724852,644.0
719,1377724858,639.0
719,1377724862,641.0
719,1377724867,641.0
719,1377724872,639.0
719,1377724877,643.0
719,1377724882,639.0
719,1377724887,639.0
719,1377724892,638.0
719,1377724897,644.0
719,1377724902,638.0
719,1377724907,630.0
719,1377724912,636.0
719,1377724917,633.0
719,1377724922,633.0
719,1377724927,633.0
719,1377724932,622.0
719,1377724937,632.0
719,1377724942,625.0
719,1377724947,632.0
719,1377724952,627.0
719,1377724957,638.0
719,1377724962,633.0
719,1377724967,632.0
719,1377724972,627.0
719,1377724977,632.0
719,1377724982,627.0
719,1377724987,627.0
719,1377724992,632.0
719,1377724997,633.0
719,1377725002,627.0
719,1377725007,622.0
719,1377725012,622.0
719,1377725017,615.0
719,1377725022,622.0
719,1377725027,620.0
719,1377725032,617.0
719,1377725037,620.0
719,1377725042,624.0
719,1377725047,627.0
719,1377725052,627.0
719,1377725057,622.0
719,1377725062,625.0
719,1377725067,624.0
719,1377725072,622.0
719,1377725077,614.0
719,1377725082,611.0
719,1377725087,611.0
719,1377725092,612.0
719,1377725097,617.0
719,1377725102,614.0
719,1377725107,615.0
719,1377725112,617.0
719,1377725117,615.0
719,1377725122,607.0
719,1377725127,622.0
719,1377725132,614.0
719,1377725137,617.0
719,1377725142,620.0
719,1377725147,617.0
719,1377725152,625.0
719,1377725157,621.0
719,1377725162,617.0
719,1377725167,622.0
719,1377725172,620.0
719,1377725177,611.0
719,1377725182,601.0
719,1377725187,600.0
719,1377725192,600.0
719,1377725197,599.0
719,1377725202,600.0
719,1377725207,604.0
719,1377725212,601.0
719,1377725217,608.0
719,1377725222,595.0
719,1377725227,598.0
719,1377725232,599.0
719,1377725237,601.0
719,1377725242,609.0
719,1377725247,599.0
719,1377725252,603.0
719,1377725257,604.0
719,1377725262,601.0
719,1377725267,600.0
719,1377725272,600.0
719,1377725277,598.0
719,1377725282,601.0
719,1377725287,614.0
719,1377725292,605.0
719,1377725297,614.0
719,1377725302,605.0
719,1377725307,599.0
719,1377725312,604.0
719,1377725317,604.0
719,1377725322,604.0
719,1377725327,604.0
719,1377725332,610.0
719,1377725337,610.0
719,1377725342,616.0
719,1377725347,614.0
719,1377725352,619.0
719,1377725357,622.0
719,1377725362,617.0
719,1377725367,619.0
719,1377725372,615.0
719,1377725377,607.0
719,1377725382,616.0
719,1377725387,611.0
719,1377725392,620.0
719,1377725397,615.0
719,1377725402,620.0
719,1377725407,622.0
719,1377725412,615.0
719,1377725417,620.0
719,1377725422,610.0
719,1377725427,601.0
719,1377725432,595.0
719,1377725437,590.0
719,1377725442,596.0
719,1377725447,595.0
719,1377725452,608.0
719,1377725457,604.0
719,1377725462,611.0
719,1377725467,615.0
719,1377725472,622.0
719,1377725477,619.0
719,1377725482,620.0
719,1377725487,603.0
719,1377725492,601.0
719,1377725497,599.0
719,1377725502,601.0
719,1377725507,601.0
719,1377725512,599.0
719,1377725517,599.0
719,1377725522,604.0
719,1377725527,603.0
719,1377725532,604.0
719,1377725537,603.0
719,1377725542,604.0
719,1377725547,604.0
719,1377725552,603.0
719,1377725557,604.0
719,1377725562,612.0
719,1377725567,599.0
719,1377725572,601.0
719,1377725577,599.0
719,1377725582,603.0
719,1377725587,605.0
719,1377725592,605.0
719,1377725597,614.0
719,1377725602,614.0
719,1377725607,603.0
719,1377725612,599.0
719,1377725617,591.0
719,1377725622,590.0
719,1377725627,575.0
719,1377725632,582.0
719,1377725637,585.0
719,1377725642,590.0
719,1377725647,595.0
719,1377725652,596.0
719,1377725657,595.0
719,1377725662,595.0
719,1377725667,600.0
719,1377725672,600.0
719,1377725677,601.0
719,1377725682,599.0
719,1377725687,604.0
719,1377725692,595.0
719,1377725697,599.0
719,1377725702,590.0
719,1377725707,596.0
719,1377725712,589.0
719,1377725717,588.0
719,1377725722,592.0
719,1377725727,588.0
719,1377725732,593.0
719,1377725737,595.0
719,1377725742,604.0
719,1377725747,604.0
719,1377725752,604.0
719,1377725757,600.0
719,1377725762,600.0
719,1377725767,589.0
719,1377725772,598.0
719,1377725777,588.0
719,1377725782,590.0
719,1377725787,583.0
719,1377725792,582.0
719,1377725797,575.0
719,1377725802,575.0
719,1377725807,584.0
719,1377725812,585.0
719,1377725817,587.0
719,1377725822,593.0
719,1377725827,592.0
719,1377725832,588.0
719,1377725837,584.0
719,1377725842,584.0
719,1377725847,582.0
719,1377725852,583.0
719,1377725857,585.0
719,1377725862,590.0
719,1377725867,588.0
719,1377725872,585.0
719,1377725877,590.0
719,1377725882,593.0
719,1377725887,593.0
719,1377725892,585.0
719,1377725897,589.0
719,1377725902,593.0
719,1377725907,594.0
719,1377725912,593.0
719,1377725917,595.0
719,1377725922,596.0
719,1377725927,604.0
719,1377725932,599.0
719,1377725937,599.0
719,1377725942,598.0
719,1377725947,595.0
719,1377725952,595.0
719,1377725957,589.0
719,1377725962,593.0
719,1377725967,588.0
719,1377725972,583.0
719,1377725977,575.0
719,1377725982,582.0
719,1377725987,583.0
719,1377725992,590.0
719,1377725997,579.0
719,1377726002,584.0
719,1377726007,582.0
719,1377726012,582.0
719,1377726017,585.0
719,1377726022,590.0
719,1377726027,592.0
719,1377726032,589.0
719,1377726037,590.0
719,1377726042,588.0
719,1377726047,575.0
719,1377726052,575.0
719,1377726057,571.0
719,1377726062,580.0
719,1377726067,574.0
719,1377726072,572.0
719,1377726077,561.0
719,1377726082,561.0
719,1377726087,558.0
719,1377726092,557.0
719,1377726097,563.0
719,1377726102,564.0
719,1377726107,563.0
719,1377726112,564.0
719,1377726117,559.0
719,1377726122,568.0
719,1377726127,568.0
719,1377726132,569.0
719,1377726137,569.0
719,1377726142,569.0
719,1377726147,574.0
719,1377726152,563.0
719,1377726157,572.0
719,1377726162,567.0
719,1377726167,567.0
719,1377726172,576.0
719,1377726177,569.0
719,1377726182,567.0
719,1377726187,567.0
719,1377726192,569.0
719,1377726197,563.0
719,1377726202,568.0
719,1377726207,564.0
719,1377726212,561.0
719,1377726217,566.0
719,1377726222,559.0
719,1377726227,572.0
719,1377726232,578.0
719,1377726237,567.0
719,1377726242,567.0
719,1377726247,571.0
719,1377726252,578.0
719,1377726257,567.0
719,1377726262,572.0
719,1377726267,569.0
719,1377726272,573.0
719,1377726277,566.0
719,1377726282,563.0
719,1377726287,568.0
719,1377726292,568.0
719,1377726297,561.0
719,1377726302,563.0
719,1377726307,562.0
719,1377726312,568.0
719,1377726317,558.0
719,1377726322,563.0
719,1377726327,568.0
719,1377726332,563.0
719,1377726337,558.0
719,1377726342,561.0
719,1377726347,561.0
719,1377726352,567.0
719,1377726357,567.0
719,1377726362,567.0
719,1377726367,572.0
719,1377726372,571.0
719,1377726377,569.0
719,1377726382,571.0
719,1377726387,571.0
719,1377726392,571.0
719,1377726397,569.0
719,1377726402,572.0
719,1377726407,567.0
719,1377726412,572.0
719,1377726417,572.0
719,1377726422,572.0
719,1377726427,576.0
719,1377726432,569.0
719,1377726437,567.0
719,1377726442,569.0
719,1377726447,563.0
719,1377726452,557.0
719,1377726457,562.0
719,1377726462,556.0
719,1377726467,558.0
719,1377726472,561.0
719,1377726477,561.0
719,1377726482,556.0
719,1377726487,556.0
719,1377726492,547.0
719,1377726497,543.0
719,1377726502,551.0
719,1377726507,547.0
719,1377726512,556.0
719,1377726517,551.0
719,1377726522,553.0
719,1377726527,550.0
719,1377726532,553.0
719,1377726537,557.0
719,1377726542,568.0
719,1377726547,569.0
719,1377726552,578.0
719,1377726557,572.0
719,1377726562,571.0
719,1377726567,572.0
719,1377726572,569.0
719,1377726577,558.0
719,1377726582,566.0
719,1377726587,563.0
719,1377726592,561.0
719,1377726597,556.0
719,1377726602,553.0
719,1377726607,556.0
719,1377726612,551.0
719,1377726617,553.0
719,1377726622,550.0
719,1377726627,551.0
719,1377726632,553.0
719,1377726637,558.0
719,1377726642,562.0
719,1377726647,563.0
719,1377726652,561.0
719,1377726657,556.0
719,1377726662,556.0
719,1377726667,555.0
719,1377726672,560.0
719,1377726677,556.0
719,1377726682,551.0
719,1377726687,561.0
719,1377726692,556.0
719,1377726697,558.0
719,1377726702,556.0
719,1377726707,553.0
719,1377726712,551.0
719,1377726717,553.0
719,1377726722,539.0
719,1377726727,550.0
719,1377726732,540.0
719,1377726737,540.0
719,1377726742,550.0
719,1377726747,547.0
719,1377726752,547.0
719,1377726757,547.0
719,1377726762,550.0
719,1377726767,541.0
719,1377726772,543.0
719,1377726777,553.0
719,1377726782,547.0
719,1377726787,553.0
719,1377726792,553.0
719,1377726797,550.0
719,1377726802,547.0
719,1377726807,547.0
719,1377726812,556.0
719,1377726817,539.0
719,1377726822,550.0
719,1377726827,541.0
719,1377726832,547.0
719,1377726837,547.0
719,1377726842,547.0
719,1377726847,540.0
719,1377726852,546.0
719,1377726857,540.0
719,1377726862,544.0
719,1377726867,546.0
719,1377726872,539.0
719,1377726877,539.0
719,1377726882,541.0
719,1377726887,545.0
719,1377726892,553.0
719,1377726897,550.0
719,1377726902,558.0
719,1377726907,563.0
719,1377726912,559.0
719,1377726917,556.0
719,1377726922,558.0
719,1377726927,556.0
719,1377726932,551.0
719,1377726937,551.0
719,1377726942,558.0
719,1377726947,556.0
719,1377726952,558.0
719,1377726957,551.0
719,1377726962,550.0
719,1377726967,547.0
719,1377726972,547.0
719,1377726977,545.0
719,1377726982,550.0
719,1377726987,556.0
719,1377726992,556.0
719,1377726997,550.0
719,1377727002,552.0
719,1377727007,541.0
719,1377727012,539.0
719,1377727017,539.0
719,1377727022,547.0
719,1377727027,547.0
719,1377727032,550.0
719,1377727037,537.0
719,1377727042,540.0
719,1377727047,525.0
719,1377727052,519.0
719,1377727057,524.0
719,1377727062,532.0
719,1377727067,527.0
719,1377727072,537.0
719,1377727077,539.0
719,1377727082,545.0
719,1377727087,541.0
719,1377727092,547.0
719,1377727097,547.0
719,1377727102,550.0
719,1377727107,548.0
719,1377727112,546.0
719,1377727117,540.0
719,1377727122,534.0
719,1377727127,529.0
719,1377727132,529.0
719,1377727137,525.0
719,1377727142,525.0
719,1377727147,536.0
719,1377727152,537.0
719,1377727157,541.0
719,1377727162,548.0
719,1377727167,556.0
719,1377727172,547.0
719,1377727177,541.0
719,1377727182,539.0
719,1377727187,537.0
719,1377727192,536.0
719,1377727197,534.0
719,1377727202,537.0
719,1377727207,542.0
719,1377727212,537.0
719,1377727217,541.0
719,1377727222,550.0
719,1377727227,541.0
719,1377727232,550.0
719,1377727237,547.0
719,1377727242,540.0
719,1377727247,537.0
719,1377727252,536.0
719,1377727257,535.0
719,1377727262,546.0
719,1377727267,550.0
719,1377727273,541.0
719,1377727277,531.0
719,1377727282,534.0
719,1377727287,537.0
719,1377727292,545.0
719,1377727297,547.0
719,1377727302,552.0
719,1377727307,553.0
719,1377727312,547.0
719,1377727317,553.0
719,1377727322,553.0
719,1377727327,553.0
719,1377727332,553.0
719,1377727337,547.0
719,1377727342,545.0
719,1377727347,537.0
719,1377727352,531.0
719,1377727357,532.0
719,1377727362,531.0
719,1377727367,540.0
719,1377727372,545.0
719,1377727377,546.0
719,1377727382,539.0
719,1377727387,531.0
719,1377727392,526.0
719,1377727397,535.0
719,1377727402,535.0
719,1377727407,550.0
719,1377727412,558.0
719,1377727417,561.0
719,1377727422,558.0
719,1377727427,556.0
719,1377727432,541.0
719,1377727437,547.0
719,1377727442,540.0
719,1377727447,541.0
719,1377727452,539.0
719,1377727457,547.0
719,1377727462,547.0
719,1377727467,550.0
719,1377727472,546.0
719,1377727477,535.0
719,1377727482,540.0
719,1377727487,535.0
719,1377727492,537.0
719,1377727497,541.0
719,1377727502,550.0
719,1377727507,553.0
719,1377727512,553.0
719,1377727517,539.0
719,1377727522,548.0
719,1377727527,535.0
719,1377727532,540.0
719,1377727537,535.0
719,1377727542,536.0
719,1377727547,534.0
719,1377727552,537.0
719,1377727557,545.0
719,1377727562,556.0
719,1377727567,553.0
719,1377727572,550.0
719,1377727577,546.0
719,1377727582,540.0
719,1377727587,537.0
719,1377727592,535.0
719,1377727597,545.0
719,1377727602,539.0
719,1377727607,550.0
719,1377727612,545.0
719,1377727617,539.0
719,1377727622,540.0
719,1377727627,536.0
719,1377727632,537.0
719,1377727637,537.0
719,1377727642,546.0
719,1377727647,546.0
719,1377727652,550.0
719,1377727657,546.0
719,1377727662,535.0
719,1377727667,539.0
719,1377727672,537.0
719,1377727677,535.0
719,1377727682,536.0
719,1377727687,540.0
719,1377727692,535.0
719,1377727697,540.0
719,1377727702,537.0
719,1377727707,536.0
719,1377727712,531.0
719,1377727717,531.0
719,1377727722,531.0
719,1377727727,536.0
719,1377727732,537.0
719,1377727737,534.0
719,1377727742,531.0
719,1377727747,525.0
719,1377727752,521.0
719,1377727757,518.0
719,1377727762,524.0
719,1377727767,524.0
719,1377727772,521.0
719,1377727777,524.0
719,1377727782,532.0
719,1377727787,529.0
719,1377727792,526.0
719,1377727797,521.0
719,1377727802,526.0
719,1377727807,515.0
719,1377727812,521.0
719,1377727817,524.0
719,1377727822,526.0
719,1377727827,523.0
719,1377727832,524.0
719,1377727837,524.0
719,1377727842,524.0
719,1377727847,529.0
719,1377727852,531.0
719,1377727857,526.0
719,1377727862,531.0
719,1377727867,531.0
719,1377727872,526.0
719,1377727877,531.0
719,1377727882,531.0
719,1377727887,534.0
719,1377727892,524.0
719,1377727897,523.0
719,1377727902,524.0
719,1377727907,524.0
719,1377727912,534.0
719,1377727917,531.0
719,1377727922,531.0
719,1377727927,531.0
719,1377727932,536.0
719,1377727937,540.0
719,1377727942,535.0
719,1377727947,544.0
719,1377727952,540.0
719,1377727957,544.0
719,1377727962,535.0
719,1377727967,537.0
719,1377727972,531.0
719,1377727977,531.0
719,1377727982,536.0
719,1377727987,537.0
719,1377727992,545.0
719,1377727997,550.0
719,1377728002,553.0
719,1377728007,547.0
719,1377728012,550.0
719,1377728017,544.0
719,1377728022,535.0
719,1377728027,527.0
719,1377728032,531.0
719,1377728037,540.0
719,1377728042,540.0
719,1377728047,535.0
719,1377728052,531.0
719,1377728057,527.0
719,1377728062,534.0
719,1377728067,535.0
719,1377728072,550.0
719,1377728077,550.0
719,1377728082,547.0
719,1377728087,545.0
719,1377728092,531.0
719,1377728097,524.0
719,1377728102,520.0
719,1377728107,515.0
719,1377728112,526.0
719,1377728117,532.0
719,1377728122,540.0
719,1377728127,537.0
719,1377728132,526.0
719,1377728137,531.0
719,1377728142,525.0
719,1377728147,529.0
719,1377728152,526.0
719,1377728157,532.0
719,1377728162,531.0
719,1377728167,526.0
719,1377728172,524.0
719,1377728177,534.0
719,1377728182,531.0
719,1377728187,531.0
719,1377728192,531.0
719,1377728197,526.0
719,1377728202,526.0
719,1377728207,518.0
719,1377728212,518.0
719,1377728217,515.0
719,1377728222,519.0
719,1377728227,528.0
719,1377728232,532.0
719,1377728237,527.0
719,1377728242,535.0
719,1377728247,536.0
719,1377728252,531.0
719,1377728257,526.0
719,1377728262,524.0
719,1377728267,524.0
719,1377728272,519.0
719,1377728277,519.0
719,1377728282,524.0
719,1377728287,524.0
719,1377728292,526.0
719,1377728297,529.0
719,1377728302,531.0
719,1377728307,525.0
719,1377728312,526.0
719,1377728317,529.0
719,1377728322,528.0
719,1377728327,528.0
719,1377728332,524.0
719,1377728337,519.0
719,1377728342,521.0
719,1377728347,526.0
719,1377728352,529.0
719,1377728357,526.0
719,1377728362,529.0
719,1377728367,526.0
719,1377728372,526.0
719,1377728377,528.0
719,1377728382,526.0
719,1377728387,526.0
719,1377728392,526.0
719,1377728397,528.0
719,1377728402,524.0
719,1377728407,519.0
719,1377728412,524.0
719,1377728417,532.0
719,1377728422,532.0
719,1377728427,534.0
719,1377728432,531.0
719,1377728437,536.0
719,1377728442,534.0
719,1377728447,534.0
719,1377728452,526.0
719,1377728457,526.0
719,1377728462,526.0
719,1377728467,526.0
719,1377728472,523.0
719,1377728477,524.0
719,1377728482,531.0
719,1377728487,534.0
719,1377728492,536.0
719,1377728497,536.0
719,1377728502,536.0
719,1377728507,537.0
719,1377728512,540.0
719,1377728517,537.0
719,1377728522,540.0
719,1377728527,540.0
719,1377728532,539.0
719,1377728537,539.0
719,1377728542,541.0
719,1377728547,544.0
719,1377728552,546.0
719,1377728557,529.0
719,1377728562,524.0
719,1377728567,521.0
719,1377728572,531.0
719,1377728577,536.0
719,1377728582,535.0
719,1377728587,537.0
719,1377728592,527.0
719,1377728597,525.0
719,1377728602,524.0
719,1377728607,526.0
719,1377728612,524.0
719,1377728617,524.0
719,1377728622,525.0
719,1377728627,526.0
719,1377728632,526.0
719,1377728637,527.0
719,1377728642,540.0
719,1377728647,535.0
719,1377728652,540.0
719,1377728657,536.0
719,1377728662,529.0
719,1377728667,536.0
719,1377728672,536.0
719,1377728677,536.0
719,1377728682,534.0
719,1377728687,546.0
719,1377728692,534.0
719,1377728697,534.0
719,1377728702,532.0
719,1377728707,529.0
719,1377728712,529.0
719,1377728717,526.0
719,1377728722,524.0
719,1377728727,528.0
719,1377728732,526.0
719,1377728737,531.0
719,1377728742,530.0
719,1377728747,526.0
719,1377728752,519.0
719,1377728757,529.0
719,1377728762,531.0
719,1377728767,537.0
719,1377728772,539.0
719,1377728777,539.0
719,1377728782,544.0
719,1377728787,527.0
719,1377728792,529.0
719,1377728797,524.0
719,1377728802,526.0
719,1377728807,518.0
719,1377728812,526.0
719,1377728817,521.0
719,1377728822,529.0
719,1377728827,531.0
719,1377728832,540.0
719,1377728837,532.0
719,1377728842,537.0
719,1377728847,536.0
719,1377728852,529.0
719,1377728857,524.0
719,1377728862,521.0
719,1377728867,519.0
719,1377728872,521.0
719,1377728877,528.0
719,1377728882,521.0
719,1377728887,524.0
719,1377728892,520.0
719,1377728897,509.0
719,1377728902,513.0
719,1377728907,518.0
719,1377728912,519.0
719,1377728917,526.0
719,1377728922,529.0
719,1377728927,531.0
719,1377728932,526.0
719,1377728937,529.0
719,1377728942,524.0
719,1377728947,524.0
719,1377728952,524.0
719,1377728957,528.0
719,1377728962,521.0
719,1377728967,524.0
719,1377728972,521.0
719,1377728977,525.0
719,1377728982,532.0
719,1377728987,531.0
719,1377728992,532.0
719,1377728997,544.0
719,1377729002,535.0
719,1377729007,535.0
719,1377729012,536.0
719,1377729017,531.0
719,1377729022,525.0
719,1377729027,529.0
719,1377729032,524.0
719,1377729037,526.0
719,1377729042,526.0
719,1377729047,531.0
719,1377729052,536.0
719,1377729057,527.0
719,1377729062,536.0
719,1377729067,537.0
719,1377729072,539.0
719,1377729077,537.0
719,1377729082,540.0
719,1377729087,535.0
719,1377729092,532.0
719,1377729097,529.0
719,1377729102,526.0
719,1377729107,521.0
719,1377729112,515.0
719,1377729117,511.0
719,1377729122,515.0
719,1377729127,529.0
719,1377729132,531.0
719,1377729137,527.0
719,1377729142,526.0
719,1377729147,531.0
719,1377729152,519.0
719,1377729157,524.0
719,1377729162,529.0
719,1377729167,534.0
719,1377729172,536.0
719,1377729177,536.0
719,1377729182,531.0
719,1377729187,532.0
719,1377729192,531.0
719,1377729197,536.0
719,1377729202,530.0
719,1377729207,526.0
719,1377729212,526.0
719,1377729217,529.0
719,1377729222,529.0
719,1377729227,531.0
719,1377729232,534.0
719,1377729237,529.0
719,1377729242,524.0
719,1377729247,524.0
719,1377729252,520.0
719,1377729257,524.0
719,1377729262,526.0
719,1377729267,525.0
719,1377729272,529.0
719,1377729277,523.0
719,1377729282,529.0
719,1377729287,531.0
719,1377729292,531.0
719,1377729297,535.0
719,1377729302,537.0
719,1377729307,526.0
719,1377729312,529.0
719,1377729317,526.0
719,1377729322,529.0
719,1377729327,531.0
719,1377729332,531.0
719,1377729337,526.0
719,1377729342,529.0
719,1377729347,526.0
719,1377729352,523.0
719,1377729357,526.0
719,1377729362,534.0
719,1377729367,531.0
719,1377729372,531.0
719,1377729377,532.0
719,1377729382,529.0
719,1377729387,529.0
719,1377729392,532.0
719,1377729397,526.0
719,1377729402,531.0
719,1377729407,531.0
719,1377729412,526.0
719,1377729417,526.0
719,1377729422,526.0
719,1377729427,531.0
719,1377729432,526.0
719,1377729437,526.0
719,1377729442,523.0
719,1377729447,525.0
719,1377729452,526.0
719,1377729457,531.0
719,1377729462,540.0
719,1377729467,539.0
719,1377729472,531.0
719,1377729477,529.0
719,1377729482,524.0
719,1377729487,524.0
719,1377729492,515.0
719,1377729497,521.0
719,1377729502,524.0
719,1377729507,528.0
719,1377729512,526.0
719,1377729517,529.0
719,1377729522,525.0
719,1377729527,528.0
719,1377729532,526.0
719,1377729537,526.0
719,1377729542,528.0
719,1377729547,531.0
719,1377729552,526.0
719,1377729557,524.0
719,1377729562,518.0
719,1377729567,520.0
719,1377729572,521.0
719,1377729577,525.0
719,1377729582,536.0
719,1377729587,535.0
719,1377729592,537.0
719,1377729597,537.0
719,1377729602,531.0
719,1377729607,521.0
719,1377729612,523.0
719,1377729617,523.0
719,1377729622,529.0
719,1377729627,531.0
719,1377729632,531.0
719,1377729637,531.0
719,1377729642,529.0
719,1377729647,526.0
719,1377729652,526.0
719,1377729657,525.0
719,1377729662,531.0
719,1377729667,528.0
719,1377729672,515.0
719,1377729677,509.0
719,1377729682,507.0
719,1377729687,518.0
719,1377729692,518.0
719,1377729697,534.0
719,1377729702,532.0
719,1377729707,531.0
719,1377729712,535.0
719,1377729717,534.0
719,1377729722,536.0
719,1377729727,537.0
719,1377729732,534.0
719,1377729737,540.0
719,1377729742,537.0
719,1377729747,526.0
719,1377729752,524.0
719,1377729757,515.0
719,1377729762,515.0
719,1377729767,518.0
719,1377729772,515.0
719,1377729777,518.0
719,1377729782,511.0
719,1377729787,519.0
719,1377729792,526.0
719,1377729797,528.0
719,1377729802,526.0
719,1377729807,526.0
719,1377729812,529.0
719,1377729817,526.0
719,1377729822,524.0
719,1377729827,528.0
719,1377729832,524.0
719,1377729837,529.0
719,1377729842,528.0
719,1377729847,518.0
719,1377729852,515.0
719,1377729857,515.0
719,1377729862,511.0
719,1377729867,518.0
719,1377729872,528.0
719,1377729877,524.0
719,1377729882,526.0
719,1377729887,529.0
719,1377729892,525.0
719,1377729897,529.0
719,1377729902,521.0
719,1377729907,521.0
719,1377729912,518.0
719,1377729917,509.0
719,1377729922,515.0
719,1377729927,515.0
719,1377729932,513.0
719,1377729937,519.0
719,1377729942,524.0
719,1377729947,526.0
719,1377729952,521.0
719,1377729957,529.0
719,1377729962,530.0
719,1377729967,526.0
719,1377729972,525.0
719,1377729977,526.0
719,1377729982,526.0
719,1377729987,529.0
719,1377729992,529.0
719,1377729997,521.0
719,1377730002,516.0
719,1377730007,509.0
719,1377730012,508.0
719,1377730017,508.0
719,1377730022,515.0
719,1377730027,518.0
719,1377730032,507.0
719,1377730037,508.0
719,1377730042,518.0
719,1377730047,515.0
719,1377730052,521.0
719,1377730057,529.0
719,1377730062,529.0
719,1377730067,526.0
719,1377730072,523.0
719,1377730077,524.0
719,1377730082,528.0
719,1377730087,520.0
719,1377730092,515.0
719,1377730097,518.0
719,1377730102,511.0
719,1377730107,515.0
719,1377730112,521.0
719,1377730117,524.0
719,1377730122,530.0
719,1377730127,526.0
719,1377730132,521.0
719,1377730137,518.0
719,1377730142,509.0
719,1377730147,520.0
719,1377730152,520.0
719,1377730157,521.0
719,1377730162,521.0
719,1377730167,526.0
719,1377730172,518.0
719,1377730177,519.0
719,1377730182,520.0
719,1377730187,519.0
719,1377730192,519.0
719,1377730197,523.0
719,1377730202,521.0
719,1377730207,534.0
719,1377730212,529.0
719,1377730217,529.0
719,1377730222,519.0
719,1377730227,515.0
719,1377730232,516.0
719,1377730237,518.0
719,1377730242,513.0
719,1377730247,509.0
719,1377730252,507.0
719,1377730257,507.0
719,1377730262,518.0
719,1377730267,509.0
719,1377730272,515.0
719,1377730277,521.0
719,1377730282,515.0
719,1377730287,520.0
719,1377730292,515.0
719,1377730297,518.0
719,1377730302,521.0
719,1377730307,523.0
719,1377730312,531.0
719,1377730317,531.0
719,1377730322,532.0
719,1377730327,529.0
719,1377730332,525.0
719,1377730337,521.0
719,1377730342,526.0
719,1377730347,524.0
719,1377730352,526.0
719,1377730357,524.0
719,1377730362,524.0
719,1377730367,519.0
719,1377730372,526.0
719,1377730377,526.0
719,1377730382,509.0
719,1377730387,512.0
719,1377730392,515.0
719,1377730397,518.0
719,1377730402,511.0
719,1377730407,519.0
719,1377730412,526.0
719,1377730417,525.0
719,1377730422,524.0
719,1377730427,518.0
719,1377730432,509.0
719,1377730437,514.0
719,1377730442,505.0
719,1377730447,508.0
719,1377730452,509.0
719,1377730457,519.0
719,1377730462,521.0
719,1377730467,515.0
719,1377730472,515.0
719,1377730477,508.0
719,1377730482,514.0
719,1377730487,514.0
719,1377730492,507.0
719,1377730497,518.0
719,1377730502,524.0
719,1377730507,524.0
719,1377730512,531.0
719,1377730517,524.0
719,1377730522,521.0
719,1377730527,520.0
719,1377730532,511.0
719,1377730537,515.0
719,1377730542,524.0
719,1377730548,524.0
719,1377730552,519.0
719,1377730557,519.0
719,1377730562,521.0
719,1377730567,518.0
719,1377730572,518.0
719,1377730577,509.0
719,1377730582,507.0
719,1377730587,507.0
719,1377730592,507.0
719,1377730597,507.0
719,1377730602,509.0
719,1377730607,518.0
719,1377730612,509.0
719,1377730617,503.0
719,1377730622,512.0
719,1377730627,508.0
719,1377730632,505.0
719,1377730637,508.0
719,1377730642,515.0
719,1377730647,507.0
719,1377730652,503.0
719,1377730657,503.0
719,1377730662,505.0
719,1377730667,508.0
719,1377730672,503.0
719,1377730677,507.0
719,1377730682,509.0
719,1377730687,520.0
719,1377730692,511.0
719,1377730697,520.0
719,1377730702,515.0
719,1377730707,519.0
719,1377730712,516.0
719,1377730717,513.0
719,1377730722,516.0
719,1377730727,514.0
719,1377730732,509.0
719,1377730737,511.0
719,1377730742,519.0
719,1377730747,521.0
719,1377730752,519.0
719,1377730757,516.0
719,1377730762,516.0
719,1377730767,509.0
719,1377730772,516.0
719,1377730777,520.0
719,1377730782,521.0
719,1377730787,511.0
719,1377730792,515.0
719,1377730797,515.0
719,1377730802,515.0
719,1377730807,507.0
719,1377730812,515.0
719,1377730817,513.0
719,1377730822,518.0
719,1377730827,518.0
719,1377730832,516.0
719,1377730837,518.0
719,1377730842,508.0
719,1377730847,514.0
719,1377730852,515.0
719,1377730857,511.0
719,1377730862,518.0
719,1377730867,520.0
719,1377730872,507.0
719,1377730877,507.0
719,1377730882,509.0
719,1377730887,515.0
719,1377730892,518.0
719,1377730897,526.0
719,1377730902,521.0
719,1377730907,524.0
719,1377730912,520.0
719,1377730917,524.0
719,1377730922,526.0
719,1377730927,532.0
719,1377730932,526.0
719,1377730937,526.0
719,1377730942,515.0
719,1377730947,507.0
719,1377730952,503.0
719,1377730957,508.0
719,1377730962,505.0
719,1377730967,505.0
719,1377730972,512.0
719,1377730977,508.0
719,1377730982,507.0
719,1377730987,508.0
719,1377730992,507.0
719,1377730997,507.0
719,1377731002,511.0
719,1377731007,518.0
719,1377731012,524.0
719,1377731017,519.0
719,1377731022,525.0
719,1377731027,528.0
719,1377731032,521.0
719,1377731037,511.0
719,1377731042,520.0
719,1377731047,521.0
719,1377731052,521.0
719,1377731057,521.0
719,1377731062,519.0
719,1377731067,519.0
719,1377731072,524.0
719,1377731077,526.0
719,1377731082,530.0
719,1377731087,521.0
719,1377731092,518.0
719,1377731097,514.0
719,1377731102,508.0
719,1377731107,508.0
719,1377731112,514.0
719,1377731117,509.0
719,1377731122,508.0
719,1377731127,505.0
719,1377731132,508.0
719,1377731137,507.0
719,1377731142,519.0
719,1377731147,518.0
719,1377731152,518.0
719,1377731157,511.0
719,1377731162,515.0
719,1377731167,518.0
719,1377731172,516.0
719,1377731177,509.0
719,1377731182,505.0
719,1377731187,512.0
719,1377731192,514.0
719,1377731197,513.0
719,1377731202,515.0
719,1377731207,521.0
719,1377731212,515.0
719,1377731217,518.0
719,1377731222,518.0
719,1377731227,518.0
719,1377731232,507.0
719,1377731237,505.0
719,1377731242,508.0
719,1377731247,503.0
719,1377731252,505.0
719,1377731257,512.0
719,1377731262,513.0
719,1377731267,516.0
719,1377731272,509.0
719,1377731277,507.0
719,1377731282,508.0
719,1377731287,509.0
719,1377731292,515.0
719,1377731297,515.0
719,1377731302,509.0
719,1377731307,514.0
719,1377731312,518.0
719,1377731317,503.0
719,1377731322,507.0
719,1377731327,508.0
719,1377731332,515.0
719,1377731337,509.0
719,1377731342,509.0
719,1377731347,526.0
719,1377731352,528.0
719,1377731357,519.0
719,1377731362,526.0
719,1377731367,521.0
719,1377731372,516.0
719,1377731377,508.0
719,1377731382,507.0
719,1377731387,512.0
719,1377731392,503.0
719,1377731397,504.0
719,1377731402,498.0
719,1377731407,499.0
719,1377731412,503.0
719,1377731417,511.0
719,1377731422,526.0
719,1377731427,532.0
719,1377731432,530.0
719,1377731437,526.0
719,1377731442,515.0
719,1377731447,507.0
719,1377731452,503.0
719,1377731457,512.0
719,1377731462,511.0
719,1377731467,519.0
719,1377731472,519.0
719,1377731477,515.0
719,1377731482,516.0
719,1377731487,518.0
719,1377731492,518.0
719,1377731497,515.0
719,1377731502,518.0
719,1377731507,520.0
719,1377731512,515.0
719,1377731517,514.0
719,1377731522,518.0
719,1377731527,515.0
719,1377731532,520.0
719,1377731537,519.0
719,1377731542,518.0
719,1377731547,519.0
719,1377731552,524.0
719,1377731557,509.0
719,1377731562,516.0
719,1377731567,507.0
719,1377731572,508.0
719,1377731577,514.0
719,1377731582,518.0
719,1377731587,513.0
719,1377731592,507.0
719,1377731597,515.0
719,1377731602,518.0
719,1377731607,515.0
719,1377731612,518.0
719,1377731617,521.0
719,1377731622,511.0
719,1377731627,515.0
719,1377731632,514.0
719,1377731637,507.0
719,1377731642,507.0
719,1377731647,512.0
719,1377731652,505.0
719,1377731657,505.0
719,1377731662,505.0
719,1377731667,508.0
719,1377731672,504.0
719,1377731677,514.0
719,1377731682,513.0
719,1377731687,515.0
719,1377731692,516.0
719,1377731697,518.0
719,1377731702,524.0
719,1377731707,529.0
719,1377731712,524.0
719,1377731717,523.0
719,1377731722,521.0
719,1377731727,521.0
719,1377731732,518.0
719,1377731737,521.0
719,1377731742,520.0
719,1377731747,515.0
719,1377731752,509.0
719,1377731757,503.0
719,1377731762,513.0
719,1377731767,507.0
719,1377731772,508.0
719,1377731777,509.0
719,1377731782,507.0
719,1377731787,521.0
719,1377731792,526.0
719,1377731797,526.0
719,1377731802,525.0
719,1377731807,518.0
719,1377731812,518.0
719,1377731817,503.0
719,1377731822,505.0
719,1377731827,508.0
719,1377731832,508.0
719,1377731837,509.0
719,1377731842,511.0
719,1377731847,524.0
719,1377731852,524.0
719,1377731857,518.0
719,1377731862,519.0
719,1377731867,518.0
719,1377731872,511.0
719,1377731877,516.0
719,1377731882,515.0
719,1377731887,518.0
719,1377731892,513.0
719,1377731897,514.0
719,1377731902,512.0
719,1377731907,505.0
719,1377731912,508.0
719,1377731917,512.0
719,1377731922,505.0
719,1377731927,503.0
719,1377731932,507.0
719,1377731937,515.0
719,1377731942,518.0
719,1377731947,519.0
719,1377731952,521.0
719,1377731957,524.0
719,1377731962,518.0
719,1377731967,515.0
719,1377731972,511.0
719,1377731977,520.0
719,1377731982,516.0
719,1377731987,507.0
719,1377731992,513.0
719,1377731997,514.0
719,1377732002,513.0
719,1377732007,516.0
719,1377732012,514.0
719,1377732017,516.0
719,1377732022,513.0
719,1377732027,507.0
719,1377732032,509.0
719,1377732037,507.0
719,1377732042,514.0
719,1377732047,507.0
719,1377732052,515.0
719,1377732057,515.0
719,1377732062,515.0
719,1377732067,518.0
719,1377732072,520.0
719,1377732077,509.0
719,1377732082,507.0
719,1377732087,508.0
719,1377732092,518.0
719,1377732097,514.0
719,1377732102,505.0
719,1377732107,504.0
719,1377732112,504.0
719,1377732117,512.0
719,1377732122,512.0
719,1377732127,512.0
719,1377732132,515.0
719,1377732137,518.0
719,1377732142,519.0
719,1377732147,521.0
719,1377732152,509.0
719,1377732157,514.0
719,1377732162,514.0
719,1377732167,508.0
719,1377732172,503.0
719,1377732177,508.0
719,1377732183,508.0
719,1377732187,509.0
719,1377732192,516.0
719,1377732197,511.0
719,1377732202,516.0
719,1377732207,520.0
719,1377732212,518.0
719,1377732217,519.0
719,1377732222,516.0
719,1377732227,511.0
719,1377732232,513.0
719,1377732237,515.0
719,1377732242,503.0
719,1377732247,508.0
719,1377732252,507.0
719,1377732257,512.0
719,1377732262,515.0
719,1377732267,521.0
719,1377732272,515.0
719,1377732277,516.0
719,1377732282,505.0
719,1377732287,503.0
719,1377732292,514.0
719,1377732297,512.0
719,1377732302,514.0
719,1377732307,507.0
719,1377732312,516.0
719,1377732317,509.0
719,1377732322,518.0
719,1377732327,507.0
719,1377732332,507.0
719,1377732337,508.0
719,1377732342,518.0
719,1377732347,502.0
719,1377732352,508.0
719,1377732357,509.0
719,1377732362,509.0
719,1377732367,515.0
719,1377732372,518.0
719,1377732377,518.0
719,1377732382,515.0
719,1377732387,518.0
719,1377732392,507.0
719,1377732397,507.0
719,1377732402,504.0
719,1377732407,505.0
719,1377732412,503.0
719,1377732417,505.0
719,1377732422,514.0
719,1377732427,509.0
719,1377732432,505.0
719,1377732437,505.0
719,1377732442,495.0
719,1377732447,502.0
719,1377732452,514.0
719,1377732457,509.0
719,1377732462,515.0
719,1377732467,519.0
719,1377732472,524.0
719,1377732477,528.0
719,1377732482,521.0
719,1377732487,513.0
719,1377732492,514.0
719,1377732497,507.0
719,1377732502,514.0
719,1377732507,516.0
719,1377732512,518.0
719,1377732517,514.0
719,1377732522,507.0
719,1377732527,509.0
719,1377732532,515.0
719,1377732537,507.0
719,1377732542,509.0
719,1377732547,515.0
719,1377732552,516.0
719,1377732557,512.0
719,1377732562,518.0
719,1377732567,514.0
719,1377732572,515.0
719,1377732577,515.0
719,1377732582,515.0
719,1377732587,516.0
719,1377732592,507.0
719,1377732597,514.0
719,1377732602,514.0
719,1377732607,518.0
719,1377732612,509.0
719,1377732617,516.0
719,1377732622,516.0
719,1377732627,511.0
719,1377732632,515.0
719,1377732637,518.0
719,1377732642,514.0
719,1377732647,503.0
719,1377732652,504.0
719,1377732657,510.0
719,1377732662,514.0
719,1377732667,510.0
719,1377732672,508.0
719,1377732677,503.0
719,1377732682,509.0
719,1377732687,515.0
719,1377732692,509.0
719,1377732697,513.0
719,1377732702,508.0
719,1377732707,509.0
719,1377732712,526.0
719,1377732717,519.0
719,1377732722,518.0
719,1377732727,518.0
719,1377732732,519.0
719,1377732737,518.0
719,1377732742,515.0
719,1377732747,513.0
719,1377732752,507.0
719,1377732757,505.0
719,1377732762,503.0
719,1377732767,512.0
719,1377732772,507.0
719,1377732777,526.0
719,1377732782,524.0
719,1377732787,524.0
719,1377732792,521.0
719,1377732797,507.0
719,1377732802,503.0
719,1377732807,505.0
719,1377732812,503.0
719,1377732817,508.0
719,1377732822,505.0
719,1377732827,512.0
719,1377732832,507.0
719,1377732837,515.0
719,1377732842,513.0
719,1377732847,516.0
719,1377732852,514.0
719,1377732857,509.0
719,1377732862,503.0
719,1377732867,508.0
719,1377732872,505.0
719,1377732877,508.0
719,1377732882,508.0
719,1377732887,513.0
719,1377732892,521.0
719,1377732897,518.0
719,1377732902,514.0
719,1377732907,516.0
719,1377732912,508.0
719,1377732917,512.0
719,1377732922,508.0
719,1377732927,507.0
719,1377732932,505.0
719,1377732937,508.0
719,1377732942,508.0
719,1377732947,507.0
719,1377732952,514.0
719,1377732957,509.0
719,1377732962,514.0
719,1377732967,518.0
719,1377732972,515.0
719,1377732977,515.0
719,1377732982,515.0
719,1377732987,521.0
719,1377732992,519.0
719,1377732997,526.0
719,1377733002,525.0
719,1377733007,519.0
719,1377733012,520.0
719,1377733017,509.0
719,1377733022,515.0
719,1377733027,515.0
719,1377733032,508.0
719,1377733037,513.0
719,1377733042,509.0
719,1377733047,515.0
719,1377733052,509.0
719,1377733057,512.0
719,1377733062,508.0
719,1377733067,499.0
719,1377733072,499.0
719,1377733077,504.0
719,1377733082,502.0
719,1377733087,499.0
719,1377733092,502.0
719,1377733097,499.0
719,1377733102,499.0
719,1377733107,499.0
719,1377733112,505.0
719,1377733117,508.0
719,1377733122,509.0
719,1377733127,509.0
719,1377733132,515.0
719,1377733137,507.0
719,1377733142,503.0
719,1377733147,505.0
719,1377733152,503.0
719,1377733157,513.0
719,1377733162,513.0
719,1377733167,511.0
719,1377733172,516.0
719,1377733177,515.0
719,1377733182,516.0
719,1377733187,509.0
719,1377733192,508.0
719,1377733197,507.0
719,1377733202,508.0
719,1377733207,507.0
719,1377733212,505.0
719,1377733217,509.0
719,1377733222,507.0
719,1377733227,518.0
719,1377733232,511.0
719,1377733237,518.0
719,1377733242,518.0
719,1377733247,515.0
719,1377733252,514.0
719,1377733257,507.0
719,1377733262,503.0
719,1377733267,514.0
719,1377733272,502.0
719,1377733277,500.0
719,1377733282,497.0
719,1377733287,495.0
719,1377733292,499.0
719,1377733297,505.0
719,1377733302,504.0
719,1377733307,497.0
719,1377733312,499.0
719,1377733317,492.0
719,1377733322,497.0
719,1377733327,497.0
719,1377733332,504.0
719,1377733337,505.0
719,1377733342,518.0
719,1377733347,516.0
719,1377733352,515.0
719,1377733357,516.0
719,1377733362,507.0
719,1377733367,504.0
719,1377733372,499.0
719,1377733377,499.0
719,1377733382,504.0
719,1377733387,495.0
719,1377733392,502.0
719,1377733397,503.0
719,1377733402,503.0
719,1377733407,509.0
719,1377733412,507.0
719,1377733417,514.0
719,1377733422,508.0
719,1377733427,503.0
719,1377733432,510.0
719,1377733437,504.0
719,1377733442,499.0
719,1377733447,502.0
719,1377733452,502.0
719,1377733457,504.0
719,1377733462,504.0
719,1377733467,503.0
719,1377733472,512.0
719,1377733477,509.0
719,1377733482,514.0
719,1377733487,505.0
719,1377733492,503.0
719,1377733497,508.0
719,1377733502,508.0
719,1377733507,510.0
719,1377733512,505.0
719,1377733517,504.0
719,1377733522,495.0
719,1377733527,499.0
719,1377733532,493.0
719,1377733537,487.0
719,1377733542,489.0
719,1377733547,483.0
719,1377733552,486.0
719,1377733557,482.0
719,1377733562,488.0
719,1377733567,489.0
719,1377733572,504.0
719,1377733577,512.0
719,1377733582,518.0
719,1377733587,521.0
719,1377733592,524.0
719,1377733597,515.0
719,1377733602,513.0
719,1377733607,505.0
719,1377733612,512.0
719,1377733617,504.0
719,1377733622,505.0
719,1377733627,505.0
719,1377733632,505.0
719,1377733637,507.0
719,1377733642,509.0
719,1377733647,508.0
719,1377733652,508.0
719,1377733657,502.0
719,1377733662,499.0
719,1377733667,494.0
719,1377733672,499.0
719,1377733677,499.0
719,1377733682,504.0
719,1377733687,505.0
719,1377733692,505.0
719,1377733697,503.0
719,1377733702,508.0
719,1377733707,512.0
719,1377733712,512.0
719,1377733717,508.0
719,1377733722,503.0
719,1377733727,504.0
719,1377733732,499.0
719,1377733737,502.0
719,1377733742,494.0
719,1377733747,499.0
719,1377733752,508.0
719,1377733757,508.0
719,1377733762,509.0
719,1377733767,507.0
719,1377733772,507.0
719,1377733777,503.0
719,1377733782,494.0
719,1377733788,500.0
719,1377733792,494.0
719,1377733797,504.0
719,1377733802,502.0
719,1377733807,499.0
719,1377733812,503.0
719,1377733817,512.0
719,1377733822,511.0
719,1377733827,505.0
719,1377733832,504.0
719,1377733837,499.0
719,1377733842,497.0
719,1377733847,502.0
719,1377733852,508.0
719,1377733857,503.0
719,1377733862,508.0
719,1377733867,505.0
719,1377733872,502.0
719,1377733877,503.0
719,1377733882,504.0
719,1377733887,500.0
719,1377733892,512.0
719,1377733897,515.0
719,1377733902,518.0
719,1377733907,518.0
719,1377733912,509.0
719,1377733917,507.0
719,1377733922,504.0
719,1377733927,504.0
719,1377733932,494.0
719,1377733937,494.0
719,1377733942,494.0
719,1377733947,510.0
719,1377733952,503.0
719,1377733957,518.0
719,1377733962,508.0
719,1377733967,508.0
719,1377733972,505.0
719,1377733977,514.0
719,1377733982,514.0
719,1377733987,509.0
719,1377733992,508.0
719,1377733997,512.0
719,1377734002,502.0
719,1377734007,495.0
719,1377734012,493.0
719,1377734017,494.0
719,1377734022,497.0
719,1377734027,487.0
719,1377734032,489.0
719,1377734037,494.0
719,1377734042,497.0
719,1377734047,499.0
719,1377734052,504.0
719,1377734057,498.0
719,1377734062,508.0
719,1377734067,503.0
719,1377734072,518.0
719,1377734077,507.0
719,1377734082,507.0
719,1377734087,505.0
719,1377734092,503.0
719,1377734097,497.0
719,1377734102,491.0
719,1377734107,492.0
719,1377734112,504.0
719,1377734117,505.0
719,1377734122,507.0
719,1377734127,514.0
719,1377734132,518.0
719,1377734137,518.0
719,1377734142,515.0
719,1377734147,524.0
719,1377734152,518.0
719,1377734157,516.0
719,1377734162,507.0
719,1377734167,504.0
719,1377734172,499.0
719,1377734177,504.0
719,1377734182,500.0
719,1377734187,494.0
719,1377734192,494.0
719,1377734197,492.0
719,1377734202,497.0
719,1377734207,502.0
719,1377734212,502.0
719,1377734217,505.0
719,1377734222,502.0
719,1377734227,503.0
719,1377734232,500.0
719,1377734237,500.0
719,1377734242,499.0
719,1377734247,502.0
719,1377734252,508.0
719,1377734257,512.0
719,1377734262,502.0
719,1377734267,507.0
719,1377734272,503.0
719,1377734277,503.0
719,1377734282,508.0
719,1377734287,504.0
719,1377734292,504.0
719,1377734297,494.0
719,1377734302,496.0
719,1377734307,497.0
719,1377734312,497.0
719,1377734317,502.0
719,1377734322,507.0
719,1377734327,505.0
719,1377734332,503.0
719,1377734337,505.0
719,1377734342,505.0
719,1377734347,504.0
719,1377734352,508.0
719,1377734357,508.0
719,1377734362,503.0
719,1377734367,505.0
719,1377734372,514.0
719,1377734377,507.0
719,1377734382,516.0
719,1377734387,509.0
719,1377734392,507.0
719,1377734397,515.0
719,1377734402,514.0
719,1377734407,502.0
719,1377734412,505.0
719,1377734417,502.0
719,1377734422,505.0
719,1377734427,500.0
719,1377734432,499.0
719,1377734437,495.0
719,1377734442,502.0
719,1377734447,497.0
719,1377734452,497.0
719,1377734457,495.0
719,1377734462,507.0
719,1377734467,518.0
719,1377734472,514.0
719,1377734477,507.0
719,1377734482,508.0
719,1377734487,502.0
719,1377734492,504.0
719,1377734497,502.0
719,1377734502,500.0
719,1377734507,494.0
719,1377734512,499.0
719,1377734517,504.0
719,1377734522,498.0
719,1377734527,497.0
719,1377734532,492.0
719,1377734537,494.0
719,1377734542,494.0
719,1377734547,483.0
719,1377734552,483.0
719,1377734557,488.0
719,1377734562,489.0
719,1377734567,489.0
719,1377734572,492.0
719,1377734577,483.0
719,1377734582,496.0
719,1377734587,494.0
719,1377734592,502.0
719,1377734597,503.0
719,1377734602,503.0
719,1377734607,504.0
719,1377734612,495.0
719,1377734617,504.0
719,1377734622,504.0
719,1377734627,499.0
719,1377734632,504.0
719,1377734637,499.0
719,1377734642,494.0
719,1377734647,499.0
719,1377734652,499.0
719,1377734657,504.0
719,1377734662,499.0
719,1377734667,504.0
719,1377734672,500.0
719,1377734677,500.0
719,1377734682,508.0
719,1377734687,505.0
719,1377734692,503.0
719,1377734697,505.0
719,1377734702,503.0
719,1377734707,514.0
719,1377734712,505.0
719,1377734717,503.0
719,1377734722,503.0
719,1377734727,505.0
719,1377734732,498.0
719,1377734737,497.0
719,1377734742,497.0
719,1377734747,498.0
719,1377734752,505.0
719,1377734757,507.0
719,1377734762,508.0
719,1377734767,502.0
719,1377734772,508.0
719,1377734777,502.0
719,1377734782,504.0
719,1377734787,494.0
719,1377734792,499.0
719,1377734797,494.0
719,1377734802,504.0
719,1377734807,505.0
719,1377734812,512.0
719,1377734817,503.0
719,1377734822,508.0
719,1377734827,508.0
719,1377734832,503.0
719,1377734837,508.0
719,1377734842,507.0
719,1377734847,515.0
719,1377734852,511.0
719,1377734857,509.0
719,1377734862,514.0
719,1377734867,512.0
719,1377734872,505.0
719,1377734877,497.0
719,1377734882,497.0
719,1377734887,486.0
719,1377734892,487.0
719,1377734897,492.0
719,1377734902,494.0
719,1377734907,489.0
719,1377734912,492.0
719,1377734917,492.0
719,1377734922,492.0
719,1377734927,492.0
719,1377734932,492.0
719,1377734937,494.0
719,1377734942,492.0
719,1377734947,492.0
719,1377734952,489.0
719,1377734957,487.0
719,1377734962,497.0
719,1377734967,499.0
719,1377734972,497.0
719,1377734977,504.0
719,1377734982,494.0
719,1377734987,499.0
719,1377734992,497.0
719,1377734997,494.0
719,1377735002,494.0
719,1377735007,494.0
719,1377735012,494.0
719,1377735017,494.0
719,1377735022,492.0
719,1377735027,494.0
719,1377735032,494.0
719,1377735037,497.0
719,1377735042,493.0
719,1377735047,494.0
719,1377735052,502.0
719,1377735057,497.0
719,1377735062,491.0
719,1377735067,487.0
719,1377735072,494.0
719,1377735077,497.0
719,1377735082,512.0
719,1377735087,505.0
719,1377735092,503.0
719,1377735097,495.0
719,1377735102,499.0
719,1377735107,492.0
719,1377735112,496.0
719,1377735117,494.0
719,1377735122,504.0
719,1377735127,509.0
719,1377735132,518.0
719,1377735137,520.0
719,1377735142,519.0
719,1377735147,520.0
719,1377735152,515.0
719,1377735157,507.0
719,1377735162,508.0
719,1377735167,512.0
719,1377735172,503.0
719,1377735177,503.0
719,1377735182,508.0
719,1377735187,503.0
719,1377735192,493.0
719,1377735197,494.0
719,1377735202,488.0
719,1377735207,489.0
719,1377735212,497.0
719,1377735217,494.0
719,1377735222,499.0
719,1377735227,499.0
719,1377735232,504.0
719,1377735237,499.0
719,1377735242,493.0
719,1377735247,500.0
719,1377735252,494.0
719,1377735257,497.0
719,1377735262,493.0
719,1377735267,494.0
719,1377735272,492.0
719,1377735277,497.0
719,1377735282,494.0
719,1377735287,494.0
719,1377735292,504.0
719,1377735297,499.0
719,1377735302,502.0
719,1377735307,504.0
719,1377735312,504.0
719,1377735317,499.0
719,1377735322,493.0
719,1377735327,493.0
719,1377735332,504.0
719,1377735337,504.0
719,1377735342,504.0
719,1377735347,493.0
719,1377735352,497.0
719,1377735357,497.0
719,1377735362,492.0
719,1377735367,492.0
719,1377735372,497.0
719,1377735377,498.0
719,1377735382,500.0
719,1377735387,497.0
719,1377735392,494.0
719,1377735397,497.0
719,1377735402,492.0
719,1377735407,496.0
719,1377735412,494.0
719,1377735417,493.0
719,1377735422,499.0
719,1377735427,493.0
719,1377735432,491.0
719,1377735437,489.0
719,1377735442,489.0
719,1377735447,489.0
719,1377735452,496.0
719,1377735457,497.0
719,1377735462,497.0
719,1377735467,494.0
719,1377735472,494.0
719,1377735477,504.0
719,1377735482,504.0
719,1377735487,494.0
719,1377735492,494.0
719,1377735497,497.0
719,1377735502,499.0
719,1377735507,499.0
719,1377735512,494.0
719,1377735517,493.0
719,1377735522,502.0
719,1377735527,492.0
719,1377735532,487.0
719,1377735537,494.0
719,1377735542,492.0
719,1377735547,494.0
719,1377735552,494.0
719,1377735557,499.0
719,1377735562,508.0
719,1377735567,502.0
719,1377735572,503.0
719,1377735577,504.0
719,1377735582,504.0
719,1377735587,493.0
719,1377735592,497.0
719,1377735597,497.0
719,1377735602,499.0
719,1377735607,497.0
719,1377735612,498.0
719,1377735617,495.0
719,1377735622,495.0
719,1377735627,500.0
719,1377735632,494.0
719,1377735637,497.0
719,1377735642,492.0
719,1377735647,494.0
719,1377735652,488.0
719,1377735657,477.0
719,1377735662,475.0
719,1377735667,475.0
719,1377735672,476.0
719,1377735677,477.0
719,1377735682,483.0
719,1377735687,487.0
719,1377735692,493.0
719,1377735697,494.0
719,1377735702,500.0
719,1377735707,502.0
719,1377735712,497.0
719,1377735717,502.0
719,1377735722,492.0
719,1377735727,496.0
719,1377735732,492.0
719,1377735737,492.0
719,1377735742,499.0
719,1377735747,499.0
719,1377735752,495.0
719,1377735757,494.0
719,1377735762,492.0
719,1377735767,487.0
719,1377735772,489.0
719,1377735777,489.0
719,1377735782,486.0
719,1377735787,497.0
719,1377735792,493.0
719,1377735797,494.0
719,1377735802,497.0
719,1377735807,494.0
719,1377735812,497.0
719,1377735817,494.0
719,1377735822,486.0
719,1377735827,487.0
719,1377735832,492.0
719,1377735837,494.0
719,1377735842,496.0
719,1377735847,497.0
719,1377735852,499.0
719,1377735857,502.0
719,1377735862,502.0
719,1377735867,494.0
719,1377735872,497.0
719,1377735877,497.0
719,1377735882,494.0
719,1377735887,494.0
719,1377735892,497.0
719,1377735897,491.0
719,1377735902,488.0
719,1377735907,486.0
719,1377735912,488.0
719,1377735917,489.0
719,1377735922,497.0
719,1377735927,496.0
719,1377735932,492.0
719,1377735937,487.0
719,1377735942,484.0
719,1377735947,489.0
719,1377735952,486.0
719,1377735957,496.0
719,1377735962,494.0
719,1377735967,495.0
719,1377735972,497.0
719,1377735977,496.0
719,1377735982,487.0
719,1377735987,483.0
719,1377735992,483.0
719,1377735997,477.0
719,1377736003,483.0
719,1377736007,483.0
719,1377736012,479.0
719,1377736017,488.0
719,1377736022,483.0
719,1377736027,479.0
719,1377736032,484.0
719,1377736037,479.0
719,1377736042,482.0
719,1377736047,473.0
719,1377736052,480.0
719,1377736057,471.0
719,1377736062,477.0
719,1377736067,481.0
719,1377736072,489.0
719,1377736077,489.0
719,1377736082,492.0
719,1377736087,494.0
719,1377736092,496.0
719,1377736097,489.0
719,1377736102,494.0
719,1377736107,493.0
719,1377736112,504.0
719,1377736117,505.0
719,1377736122,508.0
719,1377736127,504.0
719,1377736132,495.0
719,1377736137,494.0
719,1377736142,492.0
719,1377736147,479.0
719,1377736152,477.0
719,1377736157,476.0
719,1377736162,477.0
719,1377736167,482.0
719,1377736172,492.0
719,1377736177,492.0
719,1377736182,499.0
719,1377736187,504.0
719,1377736192,499.0
719,1377736197,502.0
719,1377736202,502.0
719,1377736207,508.0
719,1377736212,512.0
719,1377736217,508.0
719,1377736222,500.0
719,1377736227,497.0
719,1377736232,493.0
719,1377736237,493.0
719,1377736242,497.0
719,1377736247,498.0
719,1377736252,494.0
719,1377736257,492.0
719,1377736262,489.0
719,1377736267,492.0
719,1377736272,494.0
719,1377736277,494.0
719,1377736282,496.0
719,1377736287,487.0
719,1377736292,494.0
719,1377736297,489.0
719,1377736302,488.0
719,1377736307,483.0
719,1377736312,483.0
719,1377736317,481.0
719,1377736322,479.0
719,1377736327,483.0
719,1377736332,489.0
719,1377736337,492.0
719,1377736342,489.0
719,1377736347,481.0
719,1377736352,483.0
719,1377736357,483.0
719,1377736362,483.0
719,1377736367,483.0
719,1377736372,486.0
719,1377736377,477.0
719,1377736382,482.0
719,1377736387,477.0
719,1377736392,483.0
719,1377736397,489.0
719,1377736402,497.0
719,1377736407,497.0
719,1377736412,492.0
719,1377736417,486.0
719,1377736422,479.0
719,1377736427,486.0
719,1377736432,489.0
719,1377736437,487.0
719,1377736442,492.0
719,1377736447,492.0
719,1377736452,489.0
719,1377736457,491.0
719,1377736462,496.0
719,1377736467,492.0
719,1377736472,494.0
719,1377736477,487.0
719,1377736482,488.0
719,1377736487,487.0
719,1377736492,497.0
719,1377736497,497.0
719,1377736502,492.0
719,1377736507,487.0
719,1377736512,487.0
719,1377736517,483.0
719,1377736522,483.0
719,1377736527,488.0
719,1377736532,491.0
719,1377736537,497.0
719,1377736542,497.0
719,1377736547,494.0
719,1377736552,492.0
719,1377736557,479.0
719,1377736562,476.0
719,1377736567,471.0
719,1377736572,470.0
719,1377736577,476.0
719,1377736582,471.0
719,1377736587,477.0
719,1377736592,475.0
719,1377736597,477.0
719,1377736602,488.0
719,1377736607,477.0
719,1377736612,484.0
719,1377736617,482.0
719,1377736622,475.0
719,1377736627,483.0
719,1377736632,479.0
719,1377736637,483.0
719,1377736642,487.0
719,1377736647,483.0
719,1377736652,492.0
719,1377736657,487.0
719,1377736662,487.0
719,1377736667,492.0
719,1377736672,498.0
719,1377736677,493.0
719,1377736682,496.0
719,1377736687,492.0
719,1377736692,489.0
719,1377736697,487.0
719,1377736702,487.0
719,1377736707,486.0
719,1377736712,486.0
719,1377736717,477.0
719,1377736722,482.0
719,1377736727,477.0
719,1377736732,475.0
719,1377736737,486.0
719,1377736742,475.0
719,1377736747,477.0
719,1377736752,476.0
719,1377736757,475.0
719,1377736762,477.0
719,1377736767,486.0
719,1377736772,479.0
719,1377736777,486.0
719,1377736782,475.0
719,1377736787,476.0
719,1377736792,484.0
719,1377736797,484.0
719,1377736802,482.0
719,1377736807,470.0
719,1377736812,471.0
719,1377736817,471.0
719,1377736822,475.0
719,1377736827,477.0
719,1377736832,475.0
719,1377736837,471.0
719,1377736842,473.0
719,1377736847,471.0
719,1377736852,473.0
719,1377736857,483.0
719,1377736862,487.0
719,1377736867,491.0
719,1377736872,497.0
719,1377736877,494.0
719,1377736882,489.0
719,1377736887,486.0
719,1377736892,486.0
719,1377736897,482.0
719,1377736902,477.0
719,1377736907,477.0
719,1377736912,483.0
719,1377736917,481.0
719,1377736922,483.0
719,1377736927,489.0
719,1377736932,487.0
719,1377736937,492.0
719,1377736942,492.0
719,1377736947,492.0
719,1377736952,484.0
719,1377736957,481.0
719,1377736962,476.0
719,1377736967,473.0
719,1377736972,473.0
719,1377736977,473.0
719,1377736982,475.0
719,1377736987,486.0
719,1377736992,488.0
719,1377736997,492.0
719,1377737002,479.0
719,1377737007,479.0
719,1377737012,477.0
719,1377737017,477.0
719,1377737022,484.0
719,1377737027,489.0
719,1377737032,486.0
719,1377737037,486.0
719,1377737042,487.0
719,1377737047,483.0
719,1377737052,488.0
719,1377737057,483.0
719,1377737062,486.0
719,1377737067,486.0
719,1377737072,489.0
719,1377737077,494.0
719,1377737082,489.0
719,1377737087,497.0
719,1377737092,491.0
719,1377737097,487.0
719,1377737102,486.0
719,1377737107,486.0
719,1377737112,483.0
719,1377737117,488.0
719,1377737122,489.0
719,1377737127,486.0
719,1377737132,480.0
719,1377737137,477.0
719,1377737142,480.0
719,1377737147,471.0
719,1377737152,473.0
719,1377737157,471.0
719,1377737162,473.0
719,1377737167,471.0
719,1377737172,475.0
719,1377737177,471.0
719,1377737182,476.0
719,1377737187,475.0
719,1377737192,483.0
719,1377737197,483.0
719,1377737202,483.0
719,1377737207,483.0
719,1377737212,477.0
719,1377737217,488.0
719,1377737222,484.0
719,1377737227,494.0
719,1377737232,477.0
719,1377737237,475.0
719,1377737242,480.0
719,1377737247,482.0
719,1377737252,476.0
719,1377737257,473.0
719,1377737262,473.0
719,1377737267,482.0
719,1377737272,482.0
719,1377737277,482.0
719,1377737282,486.0
719,1377737287,476.0
719,1377737292,476.0
719,1377737297,473.0
719,1377737302,472.0
719,1377737307,468.0
719,1377737312,473.0
719,1377737317,473.0
719,1377737322,475.0
719,1377737327,481.0
719,1377737332,477.0
719,1377737337,482.0
719,1377737342,475.0
719,1377737347,477.0
719,1377737352,475.0
719,1377737357,475.0
719,1377737362,482.0
719,1377737367,472.0
719,1377737372,465.0
719,1377737377,468.0
719,1377737382,467.0
719,1377737387,470.0
719,1377737392,468.0
719,1377737397,472.0
719,1377737402,470.0
719,1377737407,472.0
719,1377737412,472.0
719,1377737417,480.0
719,1377737422,471.0
719,1377737427,486.0
719,1377737432,477.0
719,1377737437,489.0
719,1377737442,483.0
719,1377737447,489.0
719,1377737452,483.0
719,1377737457,482.0
719,1377737462,472.0
719,1377737467,471.0
719,1377737472,472.0
719,1377737477,473.0
719,1377737482,476.0
719,1377737487,482.0
719,1377737492,483.0
719,1377737497,489.0
719,1377737502,487.0
719,1377737507,492.0
719,1377737512,486.0
719,1377737517,486.0
719,1377737522,486.0
719,1377737527,479.0
719,1377737532,477.0
719,1377737537,476.0
719,1377737542,482.0
719,1377737547,475.0
719,1377737552,486.0
719,1377737557,475.0
719,1377737562,471.0
719,1377737567,477.0
719,1377737572,486.0
719,1377737578,482.0
719,1377737582,484.0
719,1377737587,476.0
719,1377737592,475.0
719,1377737597,476.0
719,1377737602,475.0
719,1377737607,473.0
719,1377737612,478.0
719,1377737617,470.0
719,1377737622,471.0
719,1377737627,471.0
719,1377737632,475.0
719,1377737637,473.0
719,1377737642,476.0
719,1377737647,472.0
719,1377737652,480.0
719,1377737657,471.0
719,1377737662,473.0
719,1377737667,473.0
719,1377737672,476.0
719,1377737677,471.0
719,1377737682,471.0
719,1377737687,471.0
719,1377737692,471.0
719,1377737697,481.0
719,1377737702,475.0
719,1377737707,488.0
719,1377737712,477.0
719,1377737717,482.0
719,1377737722,475.0
719,1377737727,482.0
719,1377737732,471.0
719,1377737737,482.0
719,1377737742,475.0
719,1377737747,475.0
719,1377737752,476.0
719,1377737757,475.0
719,1377737762,476.0
719,1377737767,473.0
719,1377737772,473.0
719,1377737777,471.0
719,1377737782,471.0
719,1377737787,478.0
719,1377737792,480.0
719,1377737797,477.0
719,1377737802,482.0
719,1377737807,486.0
719,1377737812,476.0
719,1377737817,480.0
719,1377737822,475.0
719,1377737827,471.0
719,1377737832,476.0
719,1377737837,473.0
719,1377737842,470.0
719,1377737847,472.0
719,1377737852,472.0
719,1377737857,466.0
719,1377737862,465.0
719,1377737867,459.0
719,1377737872,462.0
719,1377737877,467.0
719,1377737882,472.0
719,1377737887,472.0
719,1377737892,470.0
719,1377737897,470.0
719,1377737902,467.0
719,1377737907,467.0
719,1377737912,467.0
719,1377737917,465.0
719,1377737922,461.0
719,1377737927,465.0
719,1377737932,465.0
719,1377737937,465.0
719,1377737942,471.0
719,1377737947,476.0
719,1377737952,471.0
719,1377737957,470.0
719,1377737962,467.0
719,1377737967,470.0
719,1377737972,470.0
719,1377737977,476.0
719,1377737982,473.0
719,1377737987,475.0
719,1377737992,476.0
719,1377737997,476.0
719,1377738002,475.0
719,1377738007,476.0
719,1377738012,471.0
719,1377738017,473.0
719,1377738022,472.0
719,1377738027,473.0
719,1377738032,478.0
719,1377738037,473.0
719,1377738042,473.0
719,1377738047,471.0
719,1377738052,471.0
719,1377738057,476.0
719,1377738062,476.0
719,1377738067,476.0
719,1377738072,473.0
719,1377738077,467.0
719,1377738082,478.0
719,1377738087,468.0
719,1377738092,470.0
719,1377738097,472.0
719,1377738102,482.0
719,1377738107,471.0
719,1377738112,477.0
719,1377738117,476.0
719,1377738122,473.0
719,1377738127,471.0
719,1377738132,480.0
719,1377738137,482.0
719,1377738142,480.0
719,1377738147,473.0
719,1377738152,470.0
719,1377738157,462.0
719,1377738162,470.0
719,1377738167,461.0
719,1377738172,464.0
719,1377738177,461.0
719,1377738182,467.0
719,1377738187,467.0
719,1377738192,470.0
719,1377738197,470.0
719,1377738202,473.0
719,1377738207,478.0
719,1377738212,475.0
719,1377738217,482.0
719,1377738222,473.0
719,1377738227,482.0
719,1377738232,470.0
719,1377738237,482.0
719,1377738242,472.0
719,1377738247,472.0
719,1377738252,473.0
719,1377738257,476.0
719,1377738262,471.0
719,1377738267,473.0
719,1377738272,467.0
719,1377738277,463.0
719,1377738282,465.0
719,1377738287,465.0
719,1377738292,467.0
719,1377738297,472.0
719,1377738302,472.0
719,1377738307,480.0
719,1377738312,475.0
719,1377738317,471.0
719,1377738322,473.0
719,1377738327,470.0
719,1377738332,467.0
719,1377738337,471.0
719,1377738342,476.0
719,1377738347,473.0
719,1377738352,472.0
719,1377738358,467.0
719,1377738362,466.0
719,1377738367,461.0
719,1377738372,466.0
719,1377738377,465.0
719,1377738382,468.0
719,1377738387,462.0
719,1377738392,462.0
719,1377738397,467.0
719,1377738402,470.0
719,1377738407,476.0
719,1377738412,471.0
719,1377738417,473.0
719,1377738422,467.0
719,1377738427,464.0
719,1377738432,457.0
719,1377738437,455.0
719,1377738442,464.0
719,1377738447,470.0
719,1377738452,467.0
719,1377738457,467.0
719,1377738462,471.0
719,1377738467,476.0
719,1377738472,467.0
719,1377738477,476.0
719,1377738482,480.0
719,1377738487,477.0
719,1377738492,488.0
719,1377738497,479.0
719,1377738502,483.0
719,1377738507,482.0
719,1377738512,471.0
719,1377738517,476.0
719,1377738522,476.0
719,1377738527,473.0
719,1377738532,470.0
719,1377738537,465.0
719,1377738542,467.0
719,1377738547,462.0
719,1377738552,462.0
719,1377738557,465.0
719,1377738562,459.0
719,1377738567,462.0
719,1377738572,461.0
719,1377738577,460.0
719,1377738582,461.0
719,1377738587,464.0
719,1377738592,461.0
719,1377738597,464.0
719,1377738602,465.0
719,1377738607,465.0
719,1377738612,468.0
719,1377738617,465.0
719,1377738622,472.0
719,1377738627,462.0
719,1377738632,465.0
719,1377738637,472.0
719,1377738642,470.0
719,1377738647,475.0
719,1377738652,480.0
719,1377738657,471.0
719,1377738662,480.0
719,1377738667,473.0
719,1377738672,472.0
719,1377738677,467.0
719,1377738682,467.0
719,1377738687,465.0
719,1377738692,468.0
719,1377738697,472.0
719,1377738702,470.0
719,1377738707,472.0
719,1377738712,462.0
719,1377738717,465.0
719,1377738722,462.0
719,1377738727,461.0
719,1377738732,460.0
719,1377738737,465.0
719,1377738742,465.0
719,1377738747,468.0
719,1377738752,464.0
719,1377738757,464.0
719,1377738762,461.0
719,1377738767,460.0
719,1377738772,461.0
719,1377738777,462.0
719,1377738782,468.0
719,1377738787,480.0
719,1377738792,473.0
719,1377738797,480.0
719,1377738802,476.0
719,1377738807,482.0
719,1377738812,475.0
719,1377738817,475.0
719,1377738822,480.0
719,1377738827,475.0
719,1377738832,477.0
719,1377738837,472.0
719,1377738842,472.0
719,1377738847,465.0
719,1377738852,463.0
719,1377738857,462.0
719,1377738862,471.0
719,1377738867,473.0
719,1377738872,482.0
719,1377738877,473.0
719,1377738882,478.0
719,1377738887,470.0
719,1377738892,467.0
719,1377738897,465.0
719,1377738902,465.0
719,1377738907,460.0
719,1377738912,455.0
719,1377738917,460.0
719,1377738922,460.0
719,1377738927,462.0
719,1377738932,465.0
719,1377738937,470.0
719,1377738942,470.0
719,1377738947,480.0
719,1377738952,475.0
719,1377738957,480.0
719,1377738962,480.0
719,1377738967,473.0
719,1377738972,470.0
719,1377738977,465.0
719,1377738982,462.0
719,1377738987,462.0
719,1377738992,460.0
719,1377738997,461.0
719,1377739002,460.0
719,1377739007,465.0
719,1377739012,461.0
719,1377739017,465.0
719,1377739022,465.0
719,1377739027,455.0
719,1377739032,460.0
719,1377739037,460.0
719,1377739042,455.0
719,1377739047,462.0
719,1377739052,467.0
719,1377739057,482.0
719,1377739062,475.0
719,1377739067,480.0
719,1377739072,480.0
719,1377739077,471.0
719,1377739082,467.0
719,1377739087,464.0
719,1377739092,457.0
719,1377739097,455.0
719,1377739102,455.0
719,1377739107,461.0
719,1377739112,462.0
719,1377739118,467.0
719,1377739122,473.0
719,1377739127,471.0
719,1377739132,482.0
719,1377739137,476.0
719,1377739142,473.0
719,1377739147,482.0
719,1377739152,473.0
719,1377739157,473.0
719,1377739162,468.0
719,1377739167,463.0
719,1377739172,455.0
719,1377739177,455.0
719,1377739182,462.0
719,1377739187,460.0
719,1377739192,462.0
719,1377739197,467.0
719,1377739202,468.0
719,1377739207,471.0
719,1377739212,471.0
719,1377739217,473.0
719,1377739222,473.0
719,1377739227,476.0
719,1377739232,473.0
719,1377739237,476.0
719,1377739242,468.0
719,1377739247,467.0
719,1377739252,465.0
719,1377739257,467.0
719,1377739262,467.0
719,1377739267,472.0
719,1377739272,467.0
719,1377739277,467.0
719,1377739282,467.0
719,1377739287,467.0
719,1377739292,468.0
719,1377739297,470.0
719,1377739302,470.0
719,1377739307,470.0
719,1377739312,467.0
719,1377739317,463.0
719,1377739322,467.0
719,1377739327,470.0
719,1377739332,465.0
719,1377739337,465.0
719,1377739342,461.0
719,1377739347,465.0
719,1377739352,467.0
719,1377739357,465.0
719,1377739362,462.0
719,1377739367,472.0
719,1377739372,471.0
719,1377739377,473.0
719,1377739382,465.0
719,1377739387,459.0
719,1377739392,464.0
719,1377739397,466.0
719,1377739402,463.0
719,1377739407,470.0
719,1377739412,463.0
719,1377739417,461.0
719,1377739422,460.0
719,1377739427,457.0
719,1377739432,462.0
719,1377739437,455.0
719,1377739442,455.0
719,1377739447,459.0
719,1377739452,459.0
719,1377739457,465.0
719,1377739462,465.0
719,1377739467,473.0
719,1377739472,476.0
719,1377739477,486.0
719,1377739482,482.0
719,1377739487,471.0
719,1377739492,472.0
719,1377739497,473.0
719,1377739502,473.0
719,1377739507,476.0
719,1377739512,471.0
719,1377739517,471.0
719,1377739522,471.0
719,1377739527,470.0
719,1377739532,462.0
719,1377739537,465.0
719,1377739542,459.0
719,1377739547,457.0
719,1377739552,457.0
719,1377739557,455.0
719,1377739562,455.0
719,1377739567,457.0
719,1377739572,455.0
719,1377739577,455.0
719,1377739582,459.0
719,1377739587,455.0
719,1377739592,462.0
719,1377739597,455.0
719,1377739602,466.0
719,1377739607,466.0
719,1377739612,468.0
719,1377739617,472.0
719,1377739622,471.0
719,1377739627,471.0
719,1377739632,467.0
719,1377739637,466.0
719,1377739642,465.0
719,1377739647,462.0
719,1377739652,465.0
719,1377739657,467.0
719,1377739662,461.0
719,1377739667,465.0
719,1377739672,462.0
719,1377739677,465.0
719,1377739682,470.0
719,1377739687,475.0
719,1377739692,482.0
719,1377739697,482.0
719,1377739702,473.0
719,1377739707,471.0
719,1377739712,471.0
719,1377739717,476.0
719,1377739722,471.0
719,1377739727,476.0
719,1377739732,471.0
719,1377739737,473.0
719,1377739742,471.0
719,1377739747,472.0
719,1377739752,454.0
719,1377739757,460.0
719,1377739762,457.0
719,1377739767,460.0
719,1377739772,462.0
719,1377739777,462.0
719,1377739782,463.0
719,1377739787,463.0
719,1377739792,467.0
719,1377739797,465.0
719,1377739802,465.0
719,1377739807,465.0
719,1377739812,462.0
719,1377739817,462.0
719,1377739822,460.0
719,1377739827,455.0
719,1377739832,454.0
719,1377739837,454.0
719,1377739842,459.0
719,1377739847,459.0
719,1377739852,462.0
719,1377739857,462.0
719,1377739862,472.0
719,1377739867,472.0
719,1377739872,478.0
719,1377739877,466.0
719,1377739882,465.0
719,1377739887,460.0
719,1377739892,451.0
719,1377739897,447.0
719,1377739902,449.0
719,1377739907,456.0
719,1377739912,454.0
719,1377739917,457.0
719,1377739922,462.0
719,1377739927,447.0
719,1377739932,446.0
719,1377739937,448.0
719,1377739942,444.0
719,1377739947,444.0
719,1377739952,448.0
719,1377739957,462.0
719,1377739962,447.0
719,1377739967,450.0
719,1377739972,443.0
719,1377739977,439.0
719,1377739982,441.0
719,1377739987,448.0
719,1377739992,448.0
719,1377739997,447.0
719,1377740002,454.0
719,1377740007,462.0
719,1377740012,462.0
719,1377740017,462.0
719,1377740022,462.0
719,1377740027,455.0
719,1377740032,451.0
719,1377740037,447.0
719,1377740042,449.0
719,1377740047,455.0
719,1377740052,460.0
719,1377740057,462.0
719,1377740062,465.0
719,1377740067,465.0
719,1377740072,459.0
719,1377740077,457.0
719,1377740082,465.0
719,1377740087,457.0
719,1377740092,460.0
719,1377740097,459.0
719,1377740102,459.0
719,1377740107,455.0
719,1377740112,460.0
719,1377740117,450.0
719,1377740122,446.0
719,1377740127,454.0
719,1377740132,452.0
719,1377740137,450.0
719,1377740142,454.0
719,1377740147,443.0
719,1377740152,448.0
719,1377740157,448.0
719,1377740162,443.0
719,1377740167,439.0
719,1377740172,439.0
719,1377740177,441.0
719,1377740182,441.0
719,1377740187,448.0
719,1377740192,449.0
719,1377740197,447.0
719,1377740202,447.0
719,1377740207,447.0
719,1377740212,447.0
719,1377740217,449.0
719,1377740222,452.0
719,1377740227,447.0
719,1377740232,452.0
719,1377740237,451.0
719,1377740242,451.0
719,1377740247,451.0
719,1377740252,449.0
719,1377740257,454.0
719,1377740262,443.0
719,1377740267,446.0
719,1377740272,443.0
719,1377740277,444.0
719,1377740282,446.0
719,1377740287,438.0
719,1377740292,438.0
719,1377740297,441.0
719,1377740302,439.0
719,1377740307,439.0
719,1377740312,439.0
719,1377740317,444.0
719,1377740322,444.0
719,1377740327,441.0
719,1377740332,452.0
719,1377740337,447.0
719,1377740342,451.0
719,1377740347,451.0
719,1377740352,462.0
719,1377740357,454.0
719,1377740362,454.0
719,1377740367,454.0
719,1377740372,451.0
719,1377740377,452.0
719,1377740382,447.0
719,1377740387,450.0
719,1377740392,450.0
719,1377740397,443.0
719,1377740402,441.0
719,1377740407,446.0
719,1377740412,441.0
719,1377740417,439.0
719,1377740422,448.0
719,1377740427,448.0
719,1377740432,439.0
719,1377740437,443.0
719,1377740442,441.0
719,1377740447,446.0
719,1377740452,441.0
719,1377740457,454.0
719,1377740462,444.0
719,1377740467,439.0
719,1377740472,436.0
719,1377740477,438.0
719,1377740482,429.0
719,1377740487,434.0
719,1377740492,432.0
719,1377740497,438.0
719,1377740502,436.0
719,1377740507,440.0
719,1377740512,435.0
719,1377740517,444.0
719,1377740522,441.0
719,1377740527,441.0
719,1377740532,446.0
719,1377740537,446.0
719,1377740542,444.0
719,1377740547,441.0
719,1377740552,448.0
719,1377740557,450.0
719,1377740562,441.0
719,1377740567,444.0
719,1377740572,441.0
719,1377740577,441.0
719,1377740582,439.0
719,1377740587,438.0
719,1377740592,450.0
719,1377740597,441.0
719,1377740602,443.0
719,1377740607,452.0
719,1377740612,462.0
719,1377740617,443.0
719,1377740622,447.0
719,1377740627,448.0
719,1377740632,446.0
719,1377740637,446.0
719,1377740642,439.0
719,1377740647,433.0
719,1377740652,430.0
719,1377740657,427.0
719,1377740662,428.0
719,1377740667,435.0
719,1377740672,440.0
719,1377740677,444.0
719,1377740682,439.0
719,1377740687,440.0
719,1377740692,430.0
719,1377740697,429.0
719,1377740702,433.0
719,1377740707,440.0
719,1377740712,438.0
719,1377740717,444.0
719,1377740722,438.0
719,1377740727,431.0
719,1377740732,429.0
719,1377740737,432.0
719,1377740742,429.0
719,1377740747,450.0
719,1377740752,441.0
719,1377740757,465.0
719,1377740762,441.0
719,1377740767,439.0
719,1377740772,439.0
719,1377740777,446.0
719,1377740782,431.0
719,1377740787,436.0
719,1377740792,436.0
719,1377740797,435.0
719,1377740802,431.0
719,1377740807,439.0
719,1377740812,438.0
719,1377740817,441.0
719,1377740822,436.0
719,1377740827,440.0
719,1377740832,435.0
719,1377740837,429.0
719,1377740842,432.0
719,1377740847,425.0
719,1377740852,425.0
719,1377740857,433.0
719,1377740862,429.0
719,1377740867,433.0
719,1377740872,436.0
719,1377740877,430.0
719,1377740882,435.0
719,1377740887,431.0
719,1377740892,431.0
719,1377740897,441.0
719,1377740902,438.0
719,1377740907,444.0
719,1377740912,448.0
719,1377740917,443.0
719,1377740922,441.0
719,1377740927,441.0
719,1377740932,442.0
719,1377740937,435.0
719,1377740942,435.0
719,1377740947,429.0
719,1377740952,435.0
719,1377740957,435.0
719,1377740962,430.0
719,1377740967,435.0
719,1377740972,435.0
719,1377740977,439.0
719,1377740982,448.0
719,1377740987,454.0
719,1377740992,439.0
719,1377740997,448.0
719,1377741002,435.0
719,1377741007,446.0
719,1377741012,433.0
719,1377741017,433.0
719,1377741022,433.0
719,1377741027,433.0
719,1377741032,430.0
719,1377741037,435.0
719,1377741042,439.0
719,1377741047,440.0
719,1377741052,440.0
719,1377741057,436.0
719,1377741062,434.0
719,1377741067,432.0
719,1377741072,432.0
719,1377741077,433.0
719,1377741082,435.0
719,1377741087,430.0
719,1377741092,438.0
719,1377741097,423.0
719,1377741102,425.0
719,1377741107,428.0
719,1377741112,430.0
719,1377741117,430.0
719,1377741122,423.0
719,1377741127,432.0
719,1377741132,430.0
719,1377741137,429.0
719,1377741142,432.0
719,1377741147,429.0
719,1377741152,435.0
719,1377741157,441.0
719,1377741162,439.0
719,1377741167,440.0
719,1377741172,430.0
719,1377741177,433.0
719,1377741182,425.0
719,1377741187,433.0
719,1377741192,433.0
719,1377741197,440.0
719,1377741202,435.0
719,1377741207,440.0
719,1377741212,439.0
719,1377741217,435.0
719,1377741222,435.0
719,1377741227,440.0
719,1377741232,436.0
719,1377741237,440.0
719,1377741242,429.0
719,1377741247,436.0
719,1377741252,430.0
719,1377741257,433.0
719,1377741262,428.0
719,1377741267,424.0
719,1377741272,424.0
719,1377741277,419.0
719,1377741282,424.0
719,1377741287,415.0
719,1377741292,415.0
719,1377741297,417.0
719,1377741302,413.0
719,1377741307,409.0
719,1377741312,407.0
719,1377741317,411.0
719,1377741322,419.0
719,1377741327,423.0
719,1377741332,432.0
719,1377741337,435.0
719,1377741342,436.0
719,1377741347,435.0
719,1377741352,433.0
719,1377741357,430.0
719,1377741362,436.0
719,1377741367,438.0
719,1377741372,438.0
719,1377741377,423.0
719,1377741382,425.0
719,1377741387,422.0
719,1377741392,422.0
719,1377741397,415.0
719,1377741402,419.0
719,1377741407,419.0
719,1377741412,420.0
719,1377741417,424.0
719,1377741422,422.0
719,1377741427,419.0
719,1377741432,422.0
719,1377741437,418.0
719,1377741442,422.0
719,1377741447,425.0
719,1377741452,425.0
719,1377741457,428.0
719,1377741462,432.0
719,1377741467,428.0
719,1377741472,430.0
719,1377741477,430.0
719,1377741482,415.0
719,1377741487,422.0
719,1377741492,422.0
719,1377741497,424.0
719,1377741502,424.0
719,1377741507,424.0
719,1377741512,419.0
719,1377741517,419.0
719,1377741522,423.0
719,1377741527,428.0
719,1377741532,429.0
719,1377741537,433.0
719,1377741542,429.0
719,1377741547,429.0
719,1377741552,430.0
719,1377741557,430.0
719,1377741562,428.0
719,1377741567,433.0
719,1377741572,430.0
719,1377741577,431.0
719,1377741582,431.0
719,1377741587,434.0
719,1377741592,430.0
719,1377741597,422.0
719,1377741602,425.0
719,1377741607,423.0
719,1377741612,428.0
719,1377741617,433.0
719,1377741622,433.0
719,1377741627,425.0
719,1377741632,425.0
719,1377741637,415.0
719,1377741642,422.0
719,1377741647,413.0
719,1377741652,420.0
719,1377741657,422.0
719,1377741662,424.0
719,1377741667,424.0
719,1377741672,422.0
719,1377741677,415.0
719,1377741682,420.0
719,1377741687,422.0
719,1377741692,419.0
719,1377741697,428.0
719,1377741702,423.0
719,1377741707,422.0
719,1377741712,428.0
719,1377741717,430.0
719,1377741722,433.0
719,1377741727,429.0
719,1377741732,429.0
719,1377741737,429.0
719,1377741742,432.0
719,1377741747,423.0
719,1377741752,419.0
719,1377741757,422.0
719,1377741762,411.0
719,1377741767,419.0
719,1377741772,420.0
719,1377741777,422.0
719,1377741782,420.0
719,1377741787,422.0
719,1377741792,422.0
719,1377741797,422.0
719,1377741802,427.0
719,1377741807,423.0
719,1377741812,424.0
719,1377741817,413.0
719,1377741822,413.0
719,1377741827,411.0
719,1377741832,419.0
719,1377741837,422.0
719,1377741842,419.0
719,1377741847,425.0
719,1377741852,424.0
719,1377741857,419.0
719,1377741862,415.0
719,1377741867,407.0
719,1377741872,411.0
719,1377741877,407.0
719,1377741882,413.0
719,1377741887,416.0
719,1377741892,416.0
719,1377741897,413.0
719,1377741902,419.0
719,1377741907,424.0
719,1377741912,423.0
719,1377741917,423.0
719,1377741922,430.0
719,1377741927,438.0
719,1377741932,438.0
719,1377741937,441.0
719,1377741942,436.0
719,1377741947,438.0
719,1377741952,430.0
719,1377741957,430.0
719,1377741962,423.0
719,1377741967,423.0
719,1377741972,422.0
719,1377741977,424.0
719,1377741982,422.0
719,1377741987,419.0
719,1377741992,422.0
719,1377741997,422.0
719,1377742002,413.0
719,1377742007,419.0
719,1377742012,415.0
719,1377742017,411.0
719,1377742022,412.0
719,1377742027,413.0
719,1377742032,411.0
719,1377742037,420.0
719,1377742042,411.0
719,1377742047,418.0
719,1377742052,419.0
719,1377742057,422.0
719,1377742062,413.0
719,1377742067,420.0
719,1377742072,419.0
719,1377742077,419.0
719,1377742082,411.0
719,1377742087,411.0
719,1377742092,414.0
719,1377742097,406.0
719,1377742102,409.0
719,1377742107,407.0
719,1377742112,412.0
719,1377742117,409.0
719,1377742122,422.0
719,1377742127,419.0
719,1377742132,411.0
719,1377742137,412.0
719,1377742142,416.0
719,1377742147,415.0
719,1377742152,419.0
719,1377742157,423.0
719,1377742162,423.0
719,1377742167,422.0
719,1377742172,411.0
719,1377742177,411.0
719,1377742182,407.0
719,1377742187,411.0
719,1377742192,413.0
719,1377742197,420.0
719,1377742202,419.0
719,1377742207,411.0
719,1377742212,407.0
719,1377742217,411.0
719,1377742222,413.0
719,1377742227,418.0
719,1377742232,424.0
719,1377742237,425.0
719,1377742242,419.0
719,1377742247,422.0
719,1377742252,411.0
719,1377742257,413.0
719,1377742262,413.0
719,1377742267,413.0
719,1377742272,409.0
719,1377742277,411.0
719,1377742282,411.0
719,1377742287,411.0
719,1377742292,419.0
719,1377742297,419.0
719,1377742302,419.0
719,1377742307,419.0
719,1377742312,424.0
719,1377742317,427.0
719,1377742322,425.0
719,1377742327,422.0
719,1377742332,422.0
719,1377742337,419.0
719,1377742342,419.0
719,1377742347,416.0
719,1377742352,418.0
719,1377742357,408.0
719,1377742362,407.0
719,1377742367,414.0
719,1377742372,407.0
719,1377742377,412.0
719,1377742382,411.0
719,1377742387,409.0
719,1377742392,407.0
719,1377742397,412.0
719,1377742402,407.0
719,1377742407,412.0
719,1377742412,417.0
719,1377742417,413.0
719,1377742422,420.0
719,1377742427,419.0
719,1377742432,418.0
719,1377742437,418.0
719,1377742442,416.0
719,1377742447,407.0
719,1377742452,412.0
719,1377742457,411.0
719,1377742462,415.0
719,1377742467,424.0
719,1377742472,424.0
719,1377742477,423.0
719,1377742482,418.0
719,1377742487,413.0
719,1377742492,413.0
719,1377742497,413.0
719,1377742502,420.0
719,1377742507,430.0
719,1377742512,420.0
719,1377742517,412.0
719,1377742522,422.0
719,1377742527,422.0
719,1377742532,413.0
719,1377742537,419.0
719,1377742542,418.0
719,1377742547,406.0
719,1377742552,404.0
719,1377742557,403.0
719,1377742562,403.0
719,1377742567,409.0
719,1377742572,416.0
719,1377742577,420.0
719,1377742582,419.0
719,1377742587,415.0
719,1377742592,422.0
719,1377742597,423.0
719,1377742602,425.0
719,1377742607,422.0
719,1377742612,415.0
719,1377742617,411.0
719,1377742622,416.0
719,1377742627,412.0
719,1377742632,408.0
719,1377742637,406.0
719,1377742642,401.0
719,1377742647,403.0
719,1377742652,399.0
719,1377742657,406.0
719,1377742662,409.0
719,1377742667,416.0
719,1377742672,420.0
719,1377742677,419.0
719,1377742682,424.0
719,1377742688,425.0
719,1377742692,422.0
719,1377742697,413.0
719,1377742702,416.0
719,1377742707,411.0
719,1377742712,409.0
719,1377742717,412.0
719,1377742722,407.0
719,1377742727,413.0
719,1377742732,419.0
719,1377742737,423.0
719,1377742742,419.0
719,1377742747,411.0
719,1377742752,409.0
719,1377742757,408.0
719,1377742762,403.0
719,1377742767,398.0
719,1377742772,403.0
719,1377742777,408.0
719,1377742782,407.0
719,1377742787,412.0
719,1377742792,412.0
719,1377742797,409.0
719,1377742802,406.0
719,1377742807,401.0
719,1377742812,406.0
719,1377742817,406.0
719,1377742822,412.0
719,1377742827,409.0
719,1377742832,411.0
719,1377742837,407.0
719,1377742842,412.0
719,1377742847,409.0
719,1377742852,406.0
719,1377742857,401.0
719,1377742862,406.0
719,1377742867,403.0
719,1377742872,401.0
719,1377742877,402.0
719,1377742882,403.0
719,1377742887,399.0
719,1377742892,401.0
719,1377742897,391.0
719,1377742902,391.0
719,1377742907,391.0
719,1377742912,398.0
719,1377742917,395.0
719,1377742922,403.0
719,1377742927,401.0
719,1377742932,408.0
719,1377742937,416.0
719,1377742942,413.0
719,1377742947,420.0
719,1377742952,415.0
719,1377742957,415.0
719,1377742962,413.0
719,1377742967,411.0
719,1377742972,412.0
719,1377742977,411.0
719,1377742982,418.0
719,1377742987,413.0
719,1377742992,411.0
719,1377742997,411.0
719,1377743002,411.0
719,1377743007,413.0
719,1377743012,418.0
719,1377743017,424.0
719,1377743022,413.0
719,1377743027,416.0
719,1377743032,422.0
719,1377743037,420.0
719,1377743042,419.0
719,1377743047,415.0
719,1377743052,419.0
719,1377743057,419.0
719,1377743062,419.0
719,1377743067,422.0
719,1377743072,419.0
719,1377743077,413.0
719,1377743082,413.0
719,1377743087,419.0
719,1377743092,422.0
719,1377743097,411.0
719,1377743102,412.0
719,1377743107,409.0
719,1377743112,411.0
719,1377743117,407.0
719,1377743122,407.0
719,1377743127,416.0
719,1377743132,409.0
719,1377743137,418.0
719,1377743142,418.0
719,1377743147,411.0
719,1377743152,411.0
719,1377743157,418.0
719,1377743162,418.0
719,1377743167,411.0
719,1377743172,411.0
719,1377743177,407.0
719,1377743182,404.0
719,1377743187,401.0
719,1377743192,401.0
719,1377743197,404.0
719,1377743202,398.0
719,1377743207,396.0
719,1377743212,396.0
719,1377743217,395.0
719,1377743222,400.0
719,1377743227,395.0
719,1377743232,397.0
719,1377743237,401.0
719,1377743242,403.0
719,1377743247,412.0
719,1377743252,407.0
719,1377743257,412.0
719,1377743262,411.0
719,1377743267,411.0
719,1377743272,408.0
719,1377743277,408.0
719,1377743282,409.0
719,1377743287,412.0
719,1377743292,412.0
719,1377743297,416.0
719,1377743302,409.0
719,1377743307,406.0
719,1377743312,403.0
719,1377743317,403.0
719,1377743322,401.0
719,1377743327,401.0
719,1377743332,401.0
719,1377743337,401.0
719,1377743342,403.0
719,1377743347,401.0
719,1377743352,399.0
719,1377743357,406.0
719,1377743362,409.0
719,1377743367,411.0
719,1377743372,417.0
719,1377743377,411.0
719,1377743382,420.0
719,1377743387,412.0
719,1377743393,422.0
719,1377743397,408.0
719,1377743402,401.0
719,1377743407,402.0
719,1377743412,406.0
719,1377743417,406.0
719,1377743422,409.0
719,1377743427,412.0
719,1377743432,412.0
719,1377743437,406.0
719,1377743442,403.0
719,1377743447,398.0
719,1377743452,397.0
719,1377743457,395.0
719,1377743462,396.0
719,1377743467,398.0
719,1377743472,395.0
719,1377743477,398.0
719,1377743482,393.0
719,1377743487,396.0
719,1377743492,397.0
719,1377743497,403.0
719,1377743502,404.0
719,1377743507,412.0
719,1377743512,408.0
719,1377743517,412.0
719,1377743522,401.0
719,1377743527,404.0
719,1377743532,403.0
719,1377743537,403.0
719,1377743542,408.0
719,1377743547,408.0
719,1377743552,408.0
719,1377743557,408.0
719,1377743562,403.0
719,1377743567,404.0
719,1377743572,406.0
719,1377743577,403.0
719,1377743582,393.0
719,1377743587,391.0
719,1377743592,396.0
719,1377743597,395.0
719,1377743602,400.0
719,1377743607,401.0
719,1377743612,403.0
719,1377743617,403.0
719,1377743622,407.0
719,1377743627,412.0
719,1377743632,422.0
719,1377743637,420.0
719,1377743642,422.0
719,1377743647,416.0
719,1377743652,409.0
719,1377743657,401.0
719,1377743662,392.0
719,1377743667,390.0
719,1377743672,392.0
719,1377743677,393.0
719,1377743682,393.0
719,1377743687,397.0
719,1377743692,406.0
719,1377743697,409.0
719,1377743702,414.0
719,1377743707,406.0
719,1377743712,409.0
719,1377743717,411.0
719,1377743722,419.0
719,1377743727,415.0
719,1377743732,411.0
719,1377743737,418.0
719,1377743742,407.0
719,1377743747,413.0
719,1377743752,414.0
719,1377743757,406.0
719,1377743762,401.0
719,1377743767,401.0
719,1377743772,401.0
719,1377743777,404.0
719,1377743782,411.0
719,1377743787,413.0
719,1377743792,422.0
719,1377743797,413.0
719,1377743802,413.0
719,1377743807,409.0
719,1377743812,409.0
719,1377743817,404.0
719,1377743822,406.0
719,1377743827,398.0
719,1377743832,396.0
719,1377743837,395.0
719,1377743842,397.0
719,1377743847,403.0
719,1377743852,407.0
719,1377743857,412.0
719,1377743862,411.0
719,1377743867,413.0
719,1377743872,430.0
719,1377743877,413.0
719,1377743882,413.0
719,1377743887,411.0
719,1377743892,411.0
719,1377743897,418.0
719,1377743902,407.0
719,1377743907,403.0
719,1377743912,398.0
719,1377743917,398.0
719,1377743922,401.0
719,1377743927,406.0
719,1377743932,401.0
719,1377743937,408.0
719,1377743942,406.0
719,1377743947,403.0
719,1377743952,406.0
719,1377743957,403.0
719,1377743962,398.0
719,1377743967,398.0
719,1377743972,398.0
719,1377743977,397.0
719,1377743982,403.0
719,1377743987,403.0
719,1377743992,401.0
719,1377743997,398.0
719,1377744002,392.0
719,1377744007,392.0
719,1377744012,393.0
719,1377744017,397.0
719,1377744022,398.0
719,1377744027,401.0
719,1377744032,403.0
719,1377744037,403.0
719,1377744042,403.0
719,1377744047,406.0
719,1377744052,408.0
719,1377744057,399.0
719,1377744062,402.0
719,1377744067,395.0
719,1377744072,393.0
719,1377744077,399.0
719,1377744082,398.0
719,1377744087,403.0
719,1377744092,406.0
719,1377744097,403.0
719,1377744102,403.0
719,1377744107,406.0
719,1377744112,412.0
719,1377744117,406.0
719,1377744123,418.0
719,1377744127,417.0
719,1377744132,417.0
719,1377744137,412.0
719,1377744142,411.0
719,1377744147,408.0
719,1377744152,403.0
719,1377744157,391.0
719,1377744162,392.0
719,1377744167,394.0
719,1377744172,398.0
719,1377744177,397.0
719,1377744182,404.0
719,1377744187,409.0
719,1377744192,408.0
719,1377744197,403.0
719,1377744202,402.0
719,1377744207,401.0
719,1377744212,395.0
719,1377744217,391.0
719,1377744222,395.0
719,1377744227,406.0
719,1377744232,398.0
719,1377744237,406.0
719,1377744242,403.0
719,1377744247,412.0
719,1377744252,403.0
719,1377744257,414.0
719,1377744262,403.0
719,1377744267,406.0
719,1377744272,404.0
719,1377744277,406.0
719,1377744282,401.0
719,1377744287,408.0
719,1377744292,409.0
719,1377744297,409.0
719,1377744302,409.0
719,1377744307,407.0
719,1377744312,401.0
719,1377744317,398.0
719,1377744322,401.0
719,1377744327,403.0
719,1377744332,407.0
719,1377744337,420.0
719,1377744342,418.0
719,1377744347,412.0
719,1377744352,409.0
719,1377744357,404.0
719,1377744362,406.0
719,1377744367,396.0
719,1377744372,398.0
719,1377744377,398.0
719,1377744382,401.0
719,1377744387,399.0
719,1377744392,414.0
719,1377744397,412.0
719,1377744402,407.0
719,1377744407,407.0
719,1377744412,409.0
719,1377744417,401.0
719,1377744422,401.0
719,1377744427,402.0
719,1377744432,403.0
719,1377744437,408.0
719,1377744442,409.0
719,1377744447,403.0
719,1377744452,401.0
719,1377744457,397.0
719,1377744462,403.0
719,1377744467,401.0
719,1377744472,400.0
719,1377744477,397.0
719,1377744482,395.0
719,1377744487,398.0
719,1377744492,396.0
719,1377744497,403.0
719,1377744502,399.0
719,1377744507,403.0
719,1377744512,400.0
719,1377744517,403.0
719,1377744522,401.0
719,1377744527,403.0
719,1377744532,406.0
719,1377744537,407.0
719,1377744542,412.0
719,1377744547,408.0
719,1377744552,404.0
719,1377744557,399.0
719,1377744562,402.0
719,1377744567,404.0
719,1377744572,404.0
719,1377744577,398.0
719,1377744582,401.0
719,1377744587,395.0
719,1377744592,393.0
719,1377744597,392.0
719,1377744602,395.0
719,1377744607,398.0
719,1377744612,400.0
719,1377744617,401.0
719,1377744622,402.0
719,1377744627,391.0
719,1377744632,397.0
719,1377744637,398.0
719,1377744642,395.0
719,1377744647,401.0
719,1377744652,401.0
719,1377744657,404.0
719,1377744662,408.0
719,1377744667,404.0
719,1377744672,403.0
719,1377744677,402.0
719,1377744682,403.0
719,1377744687,398.0
719,1377744692,402.0
719,1377744697,401.0
719,1377744702,396.0
719,1377744707,393.0
719,1377744712,391.0
719,1377744717,392.0
719,1377744722,390.0
719,1377744727,391.0
719,1377744732,391.0
719,1377744737,393.0
719,1377744742,393.0
719,1377744747,398.0
719,1377744752,391.0
719,1377744757,395.0
719,1377744762,396.0
719,1377744767,391.0
719,1377744772,398.0
719,1377744777,396.0
719,1377744782,398.0
719,1377744787,406.0
719,1377744792,401.0
719,1377744797,398.0
719,1377744802,398.0
719,1377744807,396.0
719,1377744812,393.0
719,1377744817,392.0
719,1377744822,396.0
719,1377744827,404.0
719,1377744832,409.0
719,1377744837,409.0
719,1377744842,406.0
719,1377744847,404.0
719,1377744852,398.0
719,1377744857,396.0
719,1377744862,393.0
719,1377744867,395.0
719,1377744872,396.0
719,1377744877,401.0
719,1377744883,403.0
719,1377744887,398.0
719,1377744892,398.0
719,1377744897,395.0
719,1377744902,391.0
719,1377744907,402.0
719,1377744912,399.0
719,1377744917,407.0
719,1377744922,406.0
719,1377744927,403.0
719,1377744932,406.0
719,1377744937,414.0
719,1377744942,406.0
719,1377744947,408.0
719,1377744952,404.0
719,1377744957,396.0
719,1377744962,393.0
719,1377744967,390.0
719,1377744972,388.0
719,1377744977,390.0
719,1377744982,398.0
719,1377744987,401.0
719,1377744992,409.0
719,1377744997,409.0
719,1377745002,407.0
719,1377745007,414.0
719,1377745012,406.0
719,1377745017,403.0
719,1377745022,398.0
719,1377745027,397.0
719,1377745032,400.0
719,1377745037,404.0
719,1377745042,406.0
719,1377745047,406.0
719,1377745052,398.0
719,1377745057,401.0
719,1377745062,395.0
719,1377745067,391.0
719,1377745072,392.0
719,1377745077,393.0
719,1377745082,393.0
719,1377745087,396.0
719,1377745092,396.0
719,1377745097,398.0
719,1377745102,401.0
719,1377745107,409.0
719,1377745112,412.0
719,1377745117,412.0
719,1377745122,408.0
719,1377745127,406.0
719,1377745132,404.0
719,1377745137,399.0
719,1377745142,414.0
719,1377745147,397.0
719,1377745152,406.0
719,1377745157,402.0
719,1377745162,399.0
719,1377745167,404.0
719,1377745172,403.0
719,1377745177,403.0
719,1377745182,398.0
719,1377745187,391.0
719,1377745192,401.0
719,1377745197,404.0
719,1377745202,409.0
719,1377745207,407.0
719,1377745212,412.0
719,1377745217,408.0
719,1377745222,403.0
719,1377745227,398.0
719,1377745232,403.0
719,1377745237,403.0
719,1377745242,399.0
719,1377745247,403.0
719,1377745252,401.0
719,1377745257,397.0
719,1377745262,404.0
719,1377745267,407.0
719,1377745272,409.0
719,1377745277,418.0
719,1377745282,418.0
719,1377745287,407.0
719,1377745292,403.0
719,1377745297,404.0
719,1377745302,401.0
719,1377745307,396.0
719,1377745312,398.0
719,1377745317,400.0
719,1377745322,401.0
719,1377745327,406.0
719,1377745332,408.0
719,1377745337,406.0
719,1377745342,406.0
719,1377745347,408.0
719,1377745352,406.0
719,1377745357,406.0
719,1377745362,398.0
719,1377745367,395.0
719,1377745372,397.0
719,1377745377,395.0
719,1377745382,401.0
719,1377745387,406.0
719,1377745392,403.0
719,1377745397,404.0
719,1377745402,408.0
719,1377745407,414.0
719,1377745412,404.0
719,1377745417,401.0
719,1377745422,399.0
719,1377745427,398.0
719,1377745432,404.0
719,1377745437,403.0
719,1377745442,396.0
719,1377745447,391.0
719,1377745452,392.0
719,1377745457,388.0
719,1377745462,391.0
719,1377745467,398.0
719,1377745472,399.0
719,1377745477,404.0
719,1377745482,399.0
719,1377745487,406.0
719,1377745492,403.0
719,1377745497,404.0
719,1377745502,406.0
719,1377745507,409.0
719,1377745512,406.0
719,1377745517,403.0
719,1377745522,403.0
719,1377745527,412.0
719,1377745532,407.0
719,1377745537,408.0
719,1377745542,412.0
719,1377745547,409.0
719,1377745552,408.0
719,1377745557,401.0
719,1377745562,396.0
719,1377745567,390.0
719,1377745573,398.0
719,1377745577,398.0
719,1377745582,393.0
719,1377745587,400.0
719,1377745592,403.0
719,1377745597,401.0
719,1377745602,401.0
719,1377745607,395.0
719,1377745612,396.0
719,1377745617,391.0
719,1377745622,398.0
719,1377745627,400.0
719,1377745632,398.0
719,1377745637,391.0
719,1377745642,397.0
719,1377745647,395.0
719,1377745652,397.0
719,1377745657,396.0
719,1377745662,391.0
719,1377745667,387.0
719,1377745672,388.0
719,1377745677,388.0
719,1377745682,396.0
719,1377745687,396.0
719,1377745692,395.0
719,1377745697,398.0
719,1377745702,396.0
719,1377745707,393.0
719,1377745712,401.0
719,1377745717,403.0
719,1377745722,398.0
719,1377745727,393.0
719,1377745732,390.0
719,1377745737,396.0
719,1377745742,391.0
719,1377745747,398.0
719,1377745752,408.0
719,1377745757,409.0
719,1377745762,412.0
719,1377745767,412.0
719,1377745772,408.0
719,1377745777,403.0
719,1377745782,393.0
719,1377745787,391.0
719,1377745792,395.0
719,1377745797,396.0
719,1377745802,393.0
719,1377745807,391.0
719,1377745812,391.0
719,1377745817,396.0
719,1377745822,397.0
719,1377745827,408.0
719,1377745832,412.0
719,1377745837,418.0
719,1377745842,413.0
719,1377745847,414.0
719,1377745852,409.0
719,1377745857,403.0
719,1377745862,403.0
719,1377745867,401.0
719,1377745872,396.0
719,1377745877,391.0
719,1377745882,393.0
719,1377745887,395.0
719,1377745892,397.0
719,1377745897,398.0
719,1377745902,412.0
719,1377745907,401.0
719,1377745912,395.0
719,1377745917,396.0
719,1377745922,393.0
719,1377745927,391.0
719,1377745932,396.0
719,1377745937,398.0
719,1377745942,406.0
719,1377745947,406.0
719,1377745952,408.0
719,1377745957,408.0
719,1377745962,401.0
719,1377745967,402.0
719,1377745972,391.0
719,1377745977,391.0
719,1377745982,395.0
719,1377745987,401.0
719,1377745992,403.0
719,1377745997,401.0
719,1377746002,398.0
719,1377746007,398.0
719,1377746012,396.0
719,1377746017,401.0
719,1377746022,399.0
719,1377746027,409.0
719,1377746032,408.0
719,1377746037,403.0
719,1377746042,399.0
719,1377746047,401.0
719,1377746052,398.0
719,1377746057,397.0
719,1377746062,395.0
719,1377746067,398.0
719,1377746072,401.0
719,1377746077,408.0
719,1377746082,412.0
719,1377746087,422.0
719,1377746092,418.0
719,1377746097,416.0
719,1377746102,407.0
719,1377746107,406.0
719,1377746112,403.0
719,1377746117,398.0
719,1377746122,398.0
719,1377746127,401.0
719,1377746132,391.0
719,1377746137,396.0
719,1377746142,398.0
719,1377746147,391.0
719,1377746152,398.0
719,1377746157,391.0
719,1377746162,401.0
719,1377746167,400.0
719,1377746172,398.0
719,1377746177,395.0
719,1377746182,391.0
719,1377746187,392.0
719,1377746192,390.0
719,1377746197,390.0
719,1377746202,385.0
719,1377746207,388.0
719,1377746212,392.0
719,1377746217,392.0
719,1377746222,398.0
719,1377746227,403.0
719,1377746232,408.0
719,1377746237,406.0
719,1377746242,401.0
719,1377746247,395.0
719,1377746252,393.0
719,1377746257,397.0
719,1377746262,395.0
719,1377746268,391.0
719,1377746272,398.0
719,1377746277,391.0
719,1377746282,396.0
719,1377746287,398.0
719,1377746292,398.0
719,1377746297,402.0
719,1377746302,403.0
719,1377746307,401.0
719,1377746312,398.0
719,1377746317,388.0
719,1377746322,388.0
719,1377746327,392.0
719,1377746332,396.0
719,1377746337,401.0
719,1377746342,403.0
719,1377746347,406.0
719,1377746352,401.0
719,1377746357,396.0
719,1377746362,398.0
719,1377746367,395.0
719,1377746372,397.0
719,1377746377,393.0
719,1377746382,398.0
719,1377746387,391.0
719,1377746392,390.0
719,1377746397,392.0
719,1377746402,396.0
719,1377746407,391.0
719,1377746412,391.0
719,1377746417,393.0
719,1377746422,388.0
719,1377746427,390.0
719,1377746432,385.0
719,1377746437,385.0
719,1377746442,388.0
719,1377746447,388.0
719,1377746452,388.0
719,1377746457,392.0
719,1377746462,391.0
719,1377746467,391.0
719,1377746472,393.0
719,1377746477,391.0
719,1377746482,390.0
719,1377746487,396.0
719,1377746492,395.0
719,1377746497,399.0
719,1377746502,397.0
719,1377746507,398.0
719,1377746512,401.0
719,1377746517,403.0
719,1377746522,404.0
719,1377746527,399.0
719,1377746532,396.0
719,1377746537,391.0
719,1377746542,393.0
719,1377746547,398.0
719,1377746552,403.0
719,1377746557,398.0
719,1377746562,402.0
719,1377746567,400.0
719,1377746572,398.0
719,1377746577,398.0
719,1377746582,396.0
719,1377746587,396.0
719,1377746592,393.0
719,1377746597,392.0
719,1377746602,392.0
719,1377746607,390.0
719,1377746612,396.0
719,1377746617,398.0
719,1377746622,395.0
719,1377746627,398.0
719,1377746632,398.0
719,1377746637,398.0
719,1377746642,396.0
719,1377746647,396.0
719,1377746652,398.0
719,1377746657,393.0
719,1377746662,392.0
719,1377746667,388.0
719,1377746672,383.0
719,1377746677,387.0
719,1377746682,387.0
719,1377746687,390.0
719,1377746692,388.0
719,1377746697,388.0
719,1377746702,391.0
719,1377746707,391.0
719,1377746712,396.0
719,1377746717,393.0
719,1377746722,400.0
719,1377746727,401.0
719,1377746732,412.0
719,1377746737,414.0
719,1377746742,408.0
719,1377746747,403.0
719,1377746752,393.0
719,1377746757,393.0
719,1377746762,398.0
719,1377746767,396.0
719,1377746772,397.0
719,1377746777,401.0
719,1377746782,403.0
719,1377746787,401.0
719,1377746792,404.0
719,1377746797,398.0
719,1377746802,397.0
719,1377746807,398.0
719,1377746812,397.0
719,1377746817,397.0
719,1377746822,398.0
719,1377746827,403.0
719,1377746832,401.0
719,1377746837,397.0
719,1377746842,401.0
719,1377746847,396.0
719,1377746852,396.0
719,1377746857,385.0
719,1377746862,385.0
719,1377746867,392.0
719,1377746872,391.0
719,1377746877,396.0
719,1377746882,398.0
719,1377746887,391.0
719,1377746892,398.0
719,1377746897,383.0
719,1377746902,390.0
719,1377746907,384.0
719,1377746912,390.0
719,1377746917,398.0
719,1377746922,396.0
719,1377746927,398.0
719,1377746932,401.0
719,1377746937,397.0
719,1377746942,396.0
719,1377746947,391.0
719,1377746952,387.0
719,1377746957,387.0
719,1377746962,391.0
719,1377746967,393.0
719,1377746972,391.0
719,1377746977,396.0
719,1377746982,398.0
719,1377746987,396.0
719,1377746992,392.0
719,1377746997,393.0
719,1377747002,393.0
719,1377747007,396.0
719,1377747012,392.0
719,1377747017,390.0
719,1377747022,391.0
719,1377747027,393.0
719,1377747032,396.0
719,1377747037,397.0
719,1377747042,400.0
719,1377747047,398.0
719,1377747052,403.0
719,1377747057,397.0
719,1377747062,396.0
719,1377747067,392.0
719,1377747072,387.0
719,1377747077,383.0
719,1377747082,392.0
719,1377747087,396.0
719,1377747092,391.0
719,1377747097,401.0
719,1377747102,398.0
719,1377747107,398.0
719,1377747112,391.0
719,1377747117,396.0
719,1377747122,398.0
719,1377747127,396.0
719,1377747132,396.0
719,1377747137,398.0
719,1377747142,391.0
719,1377747147,398.0
719,1377747152,397.0
719,1377747157,395.0
719,1377747162,396.0
719,1377747167,400.0
719,1377747172,398.0
719,1377747177,395.0
719,1377747182,396.0
719,1377747187,393.0
719,1377747192,396.0
719,1377747197,391.0
719,1377747202,400.0
719,1377747207,400.0
719,1377747212,395.0
719,1377747217,398.0
719,1377747222,395.0
719,1377747227,391.0
719,1377747232,400.0
719,1377747237,391.0
719,1377747242,395.0
719,1377747247,398.0
719,1377747252,393.0
719,1377747257,392.0
719,1377747262,382.0
719,1377747267,390.0
719,1377747272,385.0
719,1377747277,392.0
719,1377747282,393.0
719,1377747287,391.0
719,1377747292,395.0
719,1377747297,395.0
719,1377747302,391.0
719,1377747307,393.0
719,1377747312,391.0
719,1377747317,391.0
719,1377747322,391.0
719,1377747327,400.0
719,1377747332,401.0
719,1377747337,401.0
719,1377747342,398.0
719,1377747347,395.0
719,1377747352,395.0
719,1377747357,401.0
719,1377747362,398.0
719,1377747367,404.0
719,1377747372,406.0
719,1377747377,406.0
719,1377747382,408.0
719,1377747387,403.0
719,1377747392,401.0
719,1377747397,396.0
719,1377747402,398.0
719,1377747407,396.0
719,1377747412,396.0
719,1377747417,387.0
719,1377747422,385.0
719,1377747427,380.0
719,1377747432,384.0
719,1377747437,383.0
719,1377747442,385.0
719,1377747447,385.0
719,1377747452,390.0
719,1377747457,393.0
719,1377747462,391.0
719,1377747467,390.0
719,1377747472,383.0
719,1377747477,391.0
719,1377747482,395.0
719,1377747487,398.0
719,1377747492,401.0
719,1377747497,396.0
719,1377747502,393.0
719,1377747507,396.0
719,1377747512,396.0
719,1377747517,397.0
719,1377747522,398.0
719,1377747527,399.0
719,1377747532,401.0
719,1377747537,398.0
719,1377747542,393.0
719,1377747547,393.0
719,1377747552,396.0
719,1377747557,397.0
719,1377747562,397.0
719,1377747567,395.0
719,1377747572,393.0
719,1377747577,391.0
719,1377747582,392.0
719,1377747587,393.0
719,1377747592,393.0
719,1377747597,393.0
719,1377747602,393.0
719,1377747607,392.0
719,1377747612,392.0
719,1377747617,390.0
719,1377747622,392.0
719,1377747627,396.0
719,1377747632,402.0
719,1377747637,402.0
719,1377747642,404.0
719,1377747647,398.0
719,1377747652,396.0
719,1377747657,391.0
719,1377747662,391.0
719,1377747667,396.0
719,1377747672,398.0
719,1377747677,403.0
719,1377747682,397.0
719,1377747687,401.0
719,1377747692,400.0
719,1377747697,401.0
719,1377747702,401.0
719,1377747707,403.0
719,1377747712,407.0
719,1377747717,409.0
719,1377747722,407.0
719,1377747727,408.0
719,1377747732,403.0
719,1377747737,403.0
719,1377747742,403.0
719,1377747747,406.0
719,1377747752,397.0
719,1377747757,401.0
719,1377747762,401.0
719,1377747767,400.0
719,1377747772,400.0
719,1377747777,402.0
719,1377747782,401.0
719,1377747787,401.0
719,1377747792,401.0
719,1377747797,396.0
719,1377747802,397.0
719,1377747807,401.0
719,1377747812,398.0
719,1377747817,398.0
719,1377747822,398.0
719,1377747827,407.0
719,1377747832,408.0
719,1377747837,401.0
719,1377747842,399.0
719,1377747847,400.0
719,1377747852,393.0
719,1377747857,392.0
719,1377747862,392.0
719,1377747867,391.0
719,1377747872,396.0
719,1377747877,398.0
719,1377747882,398.0
719,1377747887,396.0
719,1377747892,395.0
719,1377747897,398.0
719,1377747902,401.0
719,1377747907,403.0
719,1377747912,406.0
719,1377747917,401.0
719,1377747922,398.0
719,1377747927,383.0
719,1377747932,383.0
719,1377747937,379.0
719,1377747942,383.0
719,1377747947,390.0
719,1377747952,398.0
719,1377747957,391.0
719,1377747962,401.0
719,1377747967,401.0
719,1377747972,401.0
719,1377747977,399.0
719,1377747982,401.0
719,1377747987,404.0
719,1377747992,403.0
719,1377747997,408.0
719,1377748002,402.0
719,1377748007,401.0
719,1377748012,396.0
719,1377748017,390.0
719,1377748022,383.0
719,1377748027,383.0
719,1377748032,398.0
719,1377748037,393.0
719,1377748042,398.0
719,1377748047,398.0
719,1377748052,401.0
719,1377748057,401.0
719,1377748062,403.0
719,1377748067,404.0
719,1377748072,403.0
719,1377748077,404.0
719,1377748082,403.0
719,1377748087,401.0
719,1377748092,396.0
719,1377748097,397.0
719,1377748102,396.0
719,1377748107,393.0
719,1377748112,391.0
719,1377748117,397.0
719,1377748122,406.0
719,1377748127,406.0
719,1377748132,406.0
719,1377748137,403.0
719,1377748142,404.0
719,1377748147,398.0
719,1377748152,403.0
719,1377748157,406.0
719,1377748162,404.0
719,1377748167,399.0
719,1377748172,406.0
719,1377748177,406.0
719,1377748182,404.0
719,1377748187,404.0
719,1377748192,404.0
719,1377748197,401.0
719,1377748202,406.0
719,1377748207,401.0
719,1377748212,391.0
719,1377748217,392.0
719,1377748222,388.0
719,1377748227,392.0
719,1377748232,392.0
719,1377748237,393.0
719,1377748242,398.0
719,1377748247,398.0
719,1377748252,395.0
719,1377748257,395.0
719,1377748262,396.0
719,1377748267,406.0
719,1377748272,391.0
719,1377748277,391.0
719,1377748282,391.0
719,1377748287,391.0
719,1377748292,387.0
719,1377748297,387.0
719,1377748302,383.0
719,1377748307,390.0
719,1377748312,392.0
719,1377748317,389.0
719,1377748322,388.0
719,1377748328,388.0
719,1377748332,387.0
719,1377748337,400.0
719,1377748342,401.0
719,1377748347,401.0
719,1377748352,398.0
719,1377748357,397.0
719,1377748362,396.0
719,1377748367,391.0
719,1377748372,398.0
719,1377748377,400.0
719,1377748382,398.0
719,1377748387,403.0
719,1377748392,406.0
719,1377748397,404.0
719,1377748402,401.0
719,1377748407,406.0
719,1377748412,406.0
719,1377748417,403.0
719,1377748422,398.0
719,1377748427,396.0
719,1377748432,396.0
719,1377748437,398.0
719,1377748442,396.0
719,1377748447,396.0
719,1377748452,403.0
719,1377748457,399.0
719,1377748462,406.0
719,1377748467,401.0
719,1377748472,404.0
719,1377748477,398.0
719,1377748482,398.0
719,1377748487,397.0
719,1377748492,400.0
719,1377748497,401.0
719,1377748502,396.0
719,1377748507,396.0
719,1377748512,391.0
719,1377748517,391.0
719,1377748522,396.0
719,1377748527,400.0
719,1377748532,401.0
719,1377748537,406.0
719,1377748542,401.0
719,1377748547,400.0
719,1377748552,392.0
719,1377748557,383.0
719,1377748562,382.0
719,1377748567,390.0
719,1377748572,383.0
719,1377748577,391.0
719,1377748582,401.0
719,1377748587,398.0
719,1377748592,401.0
719,1377748597,403.0
719,1377748602,398.0
719,1377748607,403.0
719,1377748612,398.0
719,1377748617,401.0
719,1377748622,391.0
719,1377748627,396.0
719,1377748632,401.0
719,1377748637,398.0
719,1377748642,396.0
719,1377748647,387.0
719,1377748652,392.0
719,1377748657,391.0
719,1377748662,390.0
719,1377748667,385.0
719,1377748672,388.0
719,1377748677,390.0
719,1377748682,393.0
719,1377748687,400.0
719,1377748692,400.0
719,1377748697,395.0
719,1377748702,398.0
719,1377748707,396.0
719,1377748712,392.0
719,1377748717,391.0
719,1377748722,387.0
719,1377748727,393.0
719,1377748732,398.0
719,1377748737,396.0
719,1377748742,393.0
719,1377748747,393.0
719,1377748752,396.0
719,1377748757,396.0
719,1377748762,390.0
719,1377748767,396.0
719,1377748772,396.0
719,1377748777,402.0
719,1377748782,403.0
719,1377748787,408.0
719,1377748792,406.0
719,1377748797,398.0
719,1377748802,392.0
719,1377748807,382.0
719,1377748812,382.0
719,1377748817,380.0
719,1377748822,382.0
719,1377748827,387.0
719,1377748832,396.0
719,1377748837,393.0
719,1377748842,396.0
719,1377748847,393.0
719,1377748852,391.0
719,1377748857,391.0
719,1377748862,390.0
719,1377748867,393.0
719,1377748872,391.0
719,1377748877,393.0
719,1377748882,398.0
719,1377748887,391.0
719,1377748892,391.0
719,1377748897,392.0
719,1377748902,396.0
719,1377748907,392.0
719,1377748912,398.0
719,1377748917,391.0
719,1377748922,396.0
719,1377748927,397.0
719,1377748932,395.0
719,1377748937,391.0
719,1377748942,396.0
719,1377748947,393.0
719,1377748952,396.0
719,1377748957,393.0
719,1377748962,391.0
719,1377748967,390.0
719,1377748972,396.0
719,1377748977,397.0
719,1377748982,401.0
719,1377748987,404.0
719,1377748992,398.0
719,1377748997,395.0
719,1377749002,387.0
719,1377749007,388.0
719,1377749012,384.0
719,1377749017,385.0
719,1377749022,385.0
719,1377749027,393.0
719,1377749032,392.0
719,1377749037,391.0
719,1377749042,392.0
719,1377749047,388.0
719,1377749052,392.0
719,1377749057,392.0
719,1377749062,392.0
719,1377749067,391.0
719,1377749072,388.0
719,1377749077,385.0
719,1377749082,388.0
719,1377749087,387.0
719,1377749092,396.0
719,1377749097,404.0
719,1377749102,406.0
719,1377749107,408.0
719,1377749112,403.0
719,1377749117,406.0
719,1377749122,404.0
719,1377749127,397.0
719,1377749132,397.0
719,1377749137,398.0
719,1377749142,401.0
719,1377749147,396.0
719,1377749152,396.0
719,1377749157,393.0
719,1377749162,398.0
719,1377749167,396.0
719,1377749172,401.0
719,1377749177,398.0
719,1377749182,391.0
719,1377749187,398.0
719,1377749192,391.0
719,1377749197,390.0
719,1377749202,392.0
719,1377749207,391.0
719,1377749212,390.0
719,1377749217,388.0
719,1377749222,387.0
719,1377749227,391.0
719,1377749232,387.0
719,1377749237,393.0
719,1377749242,396.0
719,1377749247,398.0
719,1377749252,401.0
719,1377749257,404.0
719,1377749262,393.0
719,1377749267,392.0
719,1377749272,379.0
719,1377749277,390.0
719,1377749282,382.0
719,1377749287,383.0
719,1377749292,391.0
719,1377749297,391.0
719,1377749302,396.0
719,1377749307,396.0
719,1377749312,398.0
719,1377749317,396.0
719,1377749322,396.0
719,1377749327,392.0
719,1377749332,391.0
719,1377749337,390.0
719,1377749342,388.0
719,1377749347,387.0
719,1377749352,391.0
719,1377749357,393.0
719,1377749362,390.0
719,1377749367,391.0
719,1377749372,395.0
719,1377749377,390.0
719,1377749382,391.0
719,1377749387,392.0
719,1377749392,396.0
719,1377749397,398.0
719,1377749402,393.0
719,1377749407,388.0
719,1377749412,391.0
719,1377749417,387.0
719,1377749422,383.0
719,1377749427,388.0
719,1377749432,391.0
719,1377749437,398.0
719,1377749442,393.0
719,1377749447,387.0
719,1377749452,383.0
719,1377749457,383.0
719,1377749462,382.0
719,1377749467,388.0
719,1377749472,388.0
719,1377749477,383.0
719,1377749482,385.0
719,1377749487,388.0
719,1377749492,391.0
719,1377749497,391.0
719,1377749502,395.0
719,1377749507,400.0
719,1377749512,391.0
719,1377749517,395.0
719,1377749522,396.0
719,1377749527,401.0
719,1377749532,397.0
719,1377749537,400.0
719,1377749542,398.0
719,1377749547,399.0
719,1377749552,396.0
719,1377749557,391.0
719,1377749562,393.0
719,1377749567,391.0
719,1377749572,390.0
719,1377749577,388.0
719,1377749582,390.0
719,1377749587,392.0
719,1377749592,390.0
719,1377749597,390.0
719,1377749602,391.0
719,1377749607,396.0
719,1377749612,391.0
719,1377749617,397.0
719,1377749622,396.0
719,1377749627,396.0
719,1377749632,400.0
719,1377749637,397.0
719,1377749642,406.0
719,1377749647,403.0
719,1377749652,403.0
719,1377749657,401.0
719,1377749662,398.0
719,1377749667,390.0
719,1377749672,398.0
719,1377749677,390.0
719,1377749682,388.0
719,1377749687,385.0
719,1377749692,388.0
719,1377749697,390.0
719,1377749702,389.0
719,1377749707,395.0
719,1377749712,398.0
719,1377749717,396.0
719,1377749722,391.0
719,1377749727,396.0
719,1377749732,390.0
719,1377749737,398.0
719,1377749742,398.0
719,1377749747,391.0
719,1377749752,400.0
719,1377749757,403.0
719,1377749762,404.0
719,1377749767,407.0
719,1377749772,403.0
719,1377749777,406.0
719,1377749782,403.0
719,1377749787,408.0
719,1377749792,401.0
719,1377749797,408.0
719,1377749802,403.0
719,1377749807,403.0
719,1377749812,401.0
719,1377749817,403.0
719,1377749822,403.0
719,1377749827,404.0
719,1377749832,401.0
719,1377749837,406.0
719,1377749842,403.0
719,1377749847,404.0
719,1377749852,399.0
719,1377749857,400.0
719,1377749862,391.0
719,1377749867,387.0
719,1377749872,392.0
719,1377749877,396.0
719,1377749882,400.0
719,1377749887,397.0
719,1377749892,397.0
719,1377749897,404.0
719,1377749902,408.0
719,1377749907,401.0
719,1377749912,403.0
719,1377749917,397.0
719,1377749922,401.0
719,1377749927,401.0
719,1377749932,401.0
719,1377749937,397.0
719,1377749942,398.0
719,1377749947,398.0
719,1377749952,395.0
719,1377749957,396.0
719,1377749962,393.0
719,1377749967,390.0
719,1377749972,385.0
719,1377749977,388.0
719,1377749982,388.0
719,1377749987,392.0
719,1377749992,401.0
719,1377749997,403.0
719,1377750002,403.0
719,1377750007,408.0
719,1377750012,403.0
719,1377750017,408.0
719,1377750022,402.0
719,1377750027,404.0
719,1377750032,395.0
719,1377750037,397.0
719,1377750042,396.0
719,1377750047,397.0
719,1377750052,401.0
719,1377750057,397.0
719,1377750062,406.0
719,1377750067,402.0
719,1377750072,396.0
719,1377750077,391.0
719,1377750082,395.0
719,1377750087,396.0
719,1377750092,401.0
719,1377750097,401.0
719,1377750102,399.0
719,1377750107,401.0
719,1377750112,401.0
719,1377750117,398.0
719,1377750122,398.0
719,1377750127,396.0
719,1377750132,398.0
719,1377750137,396.0
719,1377750142,397.0
719,1377750147,397.0
719,1377750152,406.0
719,1377750157,396.0
719,1377750162,400.0
719,1377750167,393.0
719,1377750172,396.0
719,1377750177,393.0
719,1377750182,398.0
719,1377750187,388.0
719,1377750192,385.0
719,1377750197,385.0
719,1377750202,383.0
719,1377750207,390.0
719,1377750212,388.0
719,1377750217,387.0
719,1377750222,390.0
719,1377750227,392.0
719,1377750232,394.0
719,1377750237,391.0
719,1377750242,396.0
719,1377750247,392.0
719,1377750252,383.0
719,1377750257,388.0
719,1377750262,387.0
719,1377750267,393.0
719,1377750272,387.0
719,1377750277,387.0
719,1377750282,385.0
719,1377750287,383.0
719,1377750292,383.0
719,1377750297,387.0
719,1377750302,387.0
719,1377750307,390.0
719,1377750312,393.0
719,1377750317,387.0
719,1377750322,392.0
719,1377750327,390.0
719,1377750332,382.0
719,1377750337,385.0
719,1377750342,392.0
719,1377750347,392.0
719,1377750352,392.0
719,1377750357,393.0
719,1377750362,387.0
719,1377750367,384.0
719,1377750372,382.0
719,1377750377,384.0
719,1377750382,390.0
719,1377750387,393.0
719,1377750392,403.0
719,1377750397,409.0
719,1377750402,407.0
719,1377750407,407.0
719,1377750412,412.0
719,1377750417,403.0
719,1377750422,399.0
719,1377750427,393.0
719,1377750432,391.0
719,1377750437,398.0
719,1377750442,394.0
719,1377750447,391.0
719,1377750452,393.0
719,1377750457,401.0
719,1377750462,393.0
719,1377750467,396.0
719,1377750472,390.0
719,1377750477,385.0
719,1377750482,390.0
719,1377750487,390.0
719,1377750492,387.0
719,1377750497,383.0
719,1377750502,396.0
719,1377750507,395.0
719,1377750512,398.0
719,1377750517,401.0
719,1377750522,393.0
719,1377750527,398.0
719,1377750532,387.0
719,1377750537,391.0
719,1377750542,393.0
719,1377750547,391.0
719,1377750552,398.0
719,1377750557,390.0
719,1377750562,392.0
719,1377750567,385.0
719,1377750572,388.0
719,1377750577,390.0
719,1377750582,398.0
719,1377750587,397.0
719,1377750592,401.0
719,1377750597,404.0
719,1377750602,404.0
719,1377750607,402.0
719,1377750612,401.0
719,1377750617,403.0
719,1377750622,409.0
719,1377750627,408.0
719,1377750632,408.0
719,1377750637,404.0
719,1377750642,403.0
719,1377750647,396.0
719,1377750652,396.0
719,1377750657,383.0
719,1377750662,392.0
719,1377750667,392.0
719,1377750672,391.0
719,1377750677,392.0
719,1377750682,387.0
719,1377750687,387.0
719,1377750692,387.0
719,1377750697,388.0
719,1377750702,390.0
719,1377750707,388.0
719,1377750712,383.0
719,1377750717,384.0
719,1377750722,385.0
719,1377750727,382.0
719,1377750732,390.0
719,1377750737,396.0
719,1377750742,404.0
719,1377750747,407.0
719,1377750752,409.0
719,1377750757,409.0
719,1377750762,397.0
719,1377750767,398.0
719,1377750772,398.0
719,1377750777,401.0
719,1377750782,398.0
719,1377750787,396.0
719,1377750792,396.0
719,1377750797,391.0
719,1377750802,391.0
719,1377750807,391.0
719,1377750812,395.0
719,1377750817,391.0
719,1377750822,393.0
719,1377750827,395.0
719,1377750832,398.0
719,1377750837,398.0
719,1377750842,402.0
719,1377750847,398.0
719,1377750852,391.0
719,1377750857,390.0
719,1377750862,390.0
719,1377750867,398.0
719,1377750872,395.0
719,1377750877,398.0
719,1377750882,392.0
719,1377750887,382.0
719,1377750892,390.0
719,1377750897,383.0
719,1377750902,387.0
719,1377750907,390.0
719,1377750912,396.0
719,1377750917,387.0
719,1377750922,385.0
719,1377750927,385.0
719,1377750932,388.0
719,1377750937,391.0
719,1377750942,395.0
719,1377750947,395.0
719,1377750952,398.0
719,1377750957,393.0
719,1377750962,392.0
719,1377750967,398.0
719,1377750972,396.0
719,1377750977,393.0
719,1377750982,398.0
719,1377750987,397.0
719,1377750992,404.0
719,1377750997,409.0
719,1377751002,412.0
719,1377751007,409.0
719,1377751012,398.0
719,1377751017,390.0
719,1377751022,384.0
719,1377751027,385.0
719,1377751032,383.0
719,1377751037,398.0
719,1377751042,391.0
719,1377751047,393.0
719,1377751052,396.0
719,1377751057,396.0
719,1377751062,396.0
719,1377751067,398.0
719,1377751072,390.0
719,1377751077,392.0
719,1377751082,390.0
719,1377751087,398.0
719,1377751092,401.0
719,1377751097,403.0
719,1377751102,399.0
719,1377751107,402.0
719,1377751112,400.0
719,1377751117,396.0
719,1377751122,396.0
719,1377751127,393.0
719,1377751132,396.0
719,1377751137,398.0
719,1377751142,395.0
719,1377751147,396.0
719,1377751152,401.0
719,1377751157,403.0
719,1377751162,403.0
719,1377751167,397.0
719,1377751172,398.0
719,1377751177,395.0
719,1377751182,396.0
719,1377751187,397.0
719,1377751192,403.0
719,1377751197,398.0
719,1377751202,398.0
719,1377751207,393.0
719,1377751212,396.0
719,1377751217,393.0
719,1377751222,391.0
719,1377751227,396.0
719,1377751232,401.0
719,1377751237,403.0
719,1377751242,408.0
719,1377751247,403.0
719,1377751252,406.0
719,1377751257,401.0
719,1377751262,403.0
719,1377751267,403.0
719,1377751272,400.0
719,1377751277,395.0
719,1377751282,392.0
719,1377751287,390.0
719,1377751292,387.0
719,1377751297,391.0
719,1377751302,387.0
719,1377751307,393.0
719,1377751312,396.0
719,1377751317,396.0
719,1377751322,398.0
719,1377751327,401.0
719,1377751332,398.0
719,1377751337,396.0
719,1377751342,392.0
719,1377751347,387.0
719,1377751352,396.0
719,1377751357,395.0
719,1377751362,396.0
719,1377751367,397.0
719,1377751372,393.0
719,1377751377,393.0
719,1377751382,391.0
719,1377751387,396.0
719,1377751392,393.0
719,1377751397,392.0
719,1377751402,391.0
719,1377751407,391.0
719,1377751412,398.0
719,1377751417,398.0
719,1377751422,396.0
719,1377751427,393.0
719,1377751432,396.0
719,1377751437,397.0
719,1377751442,404.0
719,1377751447,403.0
719,1377751452,401.0
719,1377751457,404.0
719,1377751462,398.0
719,1377751467,398.0
719,1377751472,392.0
719,1377751477,390.0
719,1377751482,387.0
719,1377751487,388.0
719,1377751492,396.0
719,1377751497,403.0
719,1377751502,403.0
719,1377751507,400.0
719,1377751512,388.0
719,1377751517,383.0
719,1377751522,382.0
719,1377751527,390.0
719,1377751532,383.0
719,1377751537,384.0
719,1377751542,380.0
719,1377751547,379.0
719,1377751552,379.0
719,1377751557,390.0
719,1377751562,393.0
719,1377751567,391.0
719,1377751572,401.0
719,1377751577,401.0
719,1377751582,391.0
719,1377751587,390.0
719,1377751592,387.0
719,1377751597,383.0
719,1377751602,388.0
719,1377751607,387.0
719,1377751612,391.0
719,1377751617,393.0
719,1377751622,393.0
719,1377751627,391.0
719,1377751632,393.0
719,1377751637,392.0
719,1377751642,391.0
719,1377751647,400.0
719,1377751652,397.0
719,1377751657,398.0
719,1377751662,401.0
719,1377751667,396.0
719,1377751672,393.0
719,1377751677,393.0
719,1377751682,391.0
719,1377751687,400.0
719,1377751692,406.0
719,1377751697,395.0
719,1377751702,396.0
719,1377751707,390.0
719,1377751712,391.0
719,1377751717,391.0
719,1377751722,390.0
719,1377751727,392.0
719,1377751732,387.0
719,1377751737,388.0
719,1377751742,395.0
719,1377751747,398.0
719,1377751752,403.0
719,1377751757,397.0
719,1377751762,395.0
719,1377751767,393.0
719,1377751772,392.0
719,1377751777,392.0
719,1377751782,390.0
719,1377751787,393.0
719,1377751792,391.0
719,1377751797,396.0
719,1377751802,396.0
719,1377751807,403.0
719,1377751812,391.0
719,1377751817,396.0
719,1377751822,401.0
719,1377751827,403.0
719,1377751832,402.0
719,1377751837,404.0
719,1377751842,398.0
719,1377751847,393.0
719,1377751852,393.0
719,1377751857,398.0
719,1377751862,403.0
719,1377751867,406.0
719,1377751872,403.0
719,1377751877,401.0
719,1377751882,397.0
719,1377751887,397.0
719,1377751892,398.0
719,1377751897,404.0
719,1377751902,407.0
719,1377751907,404.0
719,1377751912,401.0
719,1377751917,400.0
719,1377751922,395.0
719,1377751927,391.0
719,1377751932,396.0
719,1377751937,391.0
719,1377751942,391.0
719,1377751947,392.0
719,1377751952,393.0
719,1377751957,400.0
719,1377751962,401.0
719,1377751967,395.0
719,1377751972,401.0
719,1377751977,401.0
719,1377751982,398.0
719,1377751987,397.0
719,1377751992,397.0
719,1377751997,398.0
719,1377752002,396.0
719,1377752007,398.0
719,1377752012,402.0
719,1377752017,408.0
719,1377752022,406.0
719,1377752027,412.0
719,1377752032,403.0
719,1377752037,403.0
719,1377752042,401.0
719,1377752047,397.0
719,1377752052,395.0
719,1377752057,391.0
719,1377752062,393.0
719,1377752067,391.0
719,1377752072,395.0
719,1377752077,401.0
719,1377752082,401.0
719,1377752087,397.0
719,1377752092,397.0
719,1377752097,393.0
719,1377752102,390.0
719,1377752107,390.0
719,1377752112,383.0
719,1377752117,389.0
719,1377752122,387.0
719,1377752127,392.0
719,1377752132,391.0
719,1377752137,401.0
719,1377752142,406.0
719,1377752147,404.0
719,1377752152,401.0
719,1377752157,401.0
719,1377752162,391.0
719,1377752167,393.0
719,1377752172,391.0
719,1377752177,398.0
719,1377752182,408.0
719,1377752187,414.0
719,1377752192,412.0
719,1377752197,408.0
719,1377752202,404.0
719,1377752207,400.0
719,1377752212,396.0
719,1377752217,388.0
719,1377752222,387.0
719,1377752227,392.0
719,1377752232,392.0
719,1377752237,393.0
719,1377752242,391.0
719,1377752247,390.0
719,1377752252,384.0
719,1377752257,379.0
719,1377752262,386.0
719,1377752267,393.0
719,1377752272,398.0
719,1377752277,406.0
719,1377752282,403.0
719,1377752287,407.0
719,1377752292,409.0
719,1377752297,411.0
719,1377752302,408.0
719,1377752307,408.0
719,1377752312,403.0
719,1377752317,399.0
719,1377752322,402.0
719,1377752327,401.0
719,1377752332,398.0
719,1377752337,396.0
719,1377752342,398.0
719,1377752347,387.0
719,1377752352,383.0
719,1377752357,393.0
719,1377752362,393.0
719,1377752367,390.0
719,1377752372,396.0
719,1377752377,396.0
719,1377752382,396.0
719,1377752387,396.0
719,1377752392,400.0
719,1377752397,396.0
719,1377752402,396.0
719,1377752407,391.0
719,1377752412,396.0
719,1377752417,401.0
719,1377752422,403.0
719,1377752427,409.0
719,1377752432,422.0
719,1377752437,411.0
719,1377752442,406.0
719,1377752447,407.0
719,1377752452,399.0
719,1377752457,399.0
719,1377752462,398.0
719,1377752467,398.0
719,1377752472,392.0
719,1377752477,383.0
719,1377752482,385.0
719,1377752487,384.0
719,1377752492,383.0
719,1377752497,384.0
719,1377752502,388.0
719,1377752507,387.0
719,1377752512,387.0
719,1377752517,392.0
719,1377752522,392.0
719,1377752527,398.0
719,1377752532,393.0
719,1377752537,397.0
719,1377752542,398.0
719,1377752547,395.0
719,1377752552,393.0
719,1377752557,395.0
719,1377752562,398.0
719,1377752567,396.0
719,1377752572,398.0
719,1377752577,396.0
719,1377752582,396.0
719,1377752587,393.0
719,1377752592,391.0
719,1377752597,396.0
719,1377752602,396.0
719,1377752607,395.0
719,1377752612,401.0
719,1377752617,397.0
719,1377752622,403.0
719,1377752627,403.0
719,1377752632,397.0
719,1377752637,395.0
719,1377752642,396.0
719,1377752647,393.0
719,1377752652,393.0
719,1377752657,396.0
719,1377752662,395.0
719,1377752667,396.0
719,1377752672,391.0
719,1377752677,396.0
719,1377752682,396.0
719,1377752687,396.0
719,1377752692,391.0
719,1377752697,395.0
719,1377752702,396.0
719,1377752707,395.0
719,1377752712,395.0
719,1377752717,398.0
719,1377752722,401.0
719,1377752727,404.0
719,1377752732,408.0
719,1377752737,408.0
719,1377752742,408.0
719,1377752747,402.0
719,1377752752,406.0
719,1377752757,401.0
719,1377752762,391.0
719,1377752767,402.0
719,1377752772,401.0
719,1377752777,408.0
719,1377752782,406.0
719,1377752787,403.0
719,1377752792,401.0
719,1377752797,396.0
719,1377752802,391.0
719,1377752807,391.0
719,1377752812,400.0
719,1377752817,401.0
719,1377752822,397.0
719,1377752827,401.0
719,1377752832,398.0
719,1377752837,391.0
719,1377752842,398.0
719,1377752847,395.0
719,1377752852,398.0
719,1377752857,392.0
719,1377752862,390.0
719,1377752867,393.0
719,1377752872,396.0
719,1377752877,400.0
719,1377752882,396.0
719,1377752887,393.0
719,1377752892,395.0
719,1377752897,398.0
719,1377752902,396.0
719,1377752907,396.0
719,1377752912,393.0
719,1377752917,390.0
719,1377752922,392.0
719,1377752927,390.0
719,1377752932,396.0
719,1377752937,398.0
719,1377752942,408.0
719,1377752947,412.0
719,1377752952,409.0
719,1377752957,412.0
719,1377752962,398.0
719,1377752967,398.0
719,1377752972,393.0
719,1377752977,391.0
719,1377752982,390.0
719,1377752987,398.0
719,1377752992,396.0
719,1377752997,396.0
719,1377753002,400.0
719,1377753007,401.0
719,1377753012,404.0
719,1377753017,409.0
719,1377753022,401.0
719,1377753027,404.0
719,1377753032,401.0
719,1377753037,398.0
719,1377753042,393.0
719,1377753047,396.0
719,1377753052,393.0
719,1377753057,393.0
719,1377753062,385.0
719,1377753067,383.0
719,1377753072,384.0
719,1377753077,388.0
719,1377753082,390.0
719,1377753087,395.0
719,1377753092,403.0
719,1377753097,403.0
719,1377753102,402.0
719,1377753107,403.0
719,1377753112,401.0
719,1377753117,404.0
719,1377753122,398.0
719,1377753127,401.0
719,1377753132,396.0
719,1377753137,398.0
719,1377753142,390.0
719,1377753147,387.0
719,1377753152,392.0
719,1377753157,391.0
719,1377753162,400.0
719,1377753167,398.0
719,1377753172,397.0
719,1377753177,398.0
719,1377753182,401.0
719,1377753187,397.0
719,1377753192,401.0
719,1377753197,398.0
719,1377753201,403.0
719,1377753207,404.0
719,1377753212,401.0
719,1377753217,396.0
719,1377753222,393.0
719,1377753227,393.0
719,1377753232,395.0
719,1377753237,393.0
719,1377753242,392.0
719,1377753247,391.0
719,1377753252,393.0
719,1377753257,392.0
719,1377753262,398.0
719,1377753267,393.0
719,1377753272,392.0
719,1377753277,398.0
719,1377753282,392.0
719,1377753287,398.0
719,1377753292,400.0
719,1377753297,403.0
719,1377753302,403.0
719,1377753307,401.0
719,1377753312,393.0
719,1377753317,387.0
719,1377753322,382.0
719,1377753327,388.0
719,1377753332,398.0
719,1377753337,395.0
719,1377753342,401.0
719,1377753347,401.0
719,1377753352,403.0
719,1377753357,404.0
719,1377753362,399.0
719,1377753367,403.0
719,1377753372,401.0
719,1377753377,403.0
719,1377753382,403.0
719,1377753387,397.0
719,1377753392,406.0
719,1377753397,412.0
719,1377753402,412.0
719,1377753407,408.0
719,1377753412,406.0
719,1377753417,397.0
719,1377753422,400.0
719,1377753427,396.0
719,1377753432,393.0
719,1377753437,391.0
719,1377753442,390.0
719,1377753447,401.0
719,1377753452,406.0
719,1377753457,399.0
719,1377753462,403.0
719,1377753467,401.0
719,1377753472,391.0
719,1377753477,392.0
719,1377753482,390.0
719,1377753487,393.0
719,1377753492,393.0
719,1377753497,397.0
719,1377753502,403.0
719,1377753507,406.0
719,1377753512,402.0
719,1377753517,399.0
719,1377753522,391.0
719,1377753527,396.0
719,1377753532,387.0
719,1377753537,392.0
719,1377753542,387.0
719,1377753547,383.0
719,1377753552,387.0
719,1377753557,390.0
719,1377753562,393.0
719,1377753567,393.0
719,1377753572,398.0
719,1377753577,398.0
719,1377753582,397.0
719,1377753587,398.0
719,1377753592,396.0
719,1377753597,396.0
719,1377753602,391.0
719,1377753607,396.0
719,1377753612,391.0
719,1377753617,390.0
719,1377753622,391.0
719,1377753627,403.0
719,1377753632,401.0
719,1377753637,406.0
719,1377753642,403.0
719,1377753647,395.0
719,1377753652,390.0
719,1377753657,393.0
719,1377753662,396.0
719,1377753667,400.0
719,1377753672,401.0
719,1377753677,408.0
719,1377753682,412.0
719,1377753687,412.0
719,1377753692,407.0
719,1377753697,404.0
719,1377753702,397.0
719,1377753707,398.0
719,1377753712,395.0
719,1377753717,395.0
719,1377753721,393.0
719,1377753727,398.0
719,1377753732,396.0
719,1377753737,398.0
719,1377753742,398.0
719,1377753747,396.0
719,1377753752,398.0
719,1377753757,397.0
719,1377753762,399.0
719,1377753767,401.0
719,1377753772,401.0
719,1377753777,401.0
719,1377753782,400.0
719,1377753787,395.0
719,1377753792,396.0
719,1377753797,391.0
719,1377753802,395.0
719,1377753807,400.0
719,1377753812,396.0
719,1377753817,390.0
719,1377753822,396.0
719,1377753827,393.0
719,1377753832,398.0
719,1377753837,406.0
719,1377753842,403.0
719,1377753847,399.0
719,1377753852,404.0
719,1377753857,401.0
719,1377753862,398.0
719,1377753867,403.0
719,1377753872,404.0
719,1377753877,407.0
719,1377753882,409.0
719,1377753887,403.0
719,1377753892,401.0
719,1377753897,393.0
719,1377753902,391.0
719,1377753907,393.0
719,1377753912,391.0
719,1377753917,393.0
719,1377753922,393.0
719,1377753926,396.0
719,1377753932,400.0
719,1377753937,396.0
719,1377753942,406.0
719,1377753947,395.0
719,1377753952,391.0
719,1377753957,395.0
719,1377753962,397.0
719,1377753967,406.0
719,1377753972,407.0
719,1377753977,406.0
719,1377753982,406.0
719,1377753987,403.0
719,1377753992,398.0
719,1377753997,398.0
719,1377754002,392.0
719,1377754007,396.0
719,1377754012,403.0
719,1377754017,408.0
719,1377754022,408.0
719,1377754027,408.0
719,1377754032,399.0
719,1377754037,401.0
719,1377754042,398.0
719,1377754047,401.0
719,1377754052,401.0
719,1377754057,404.0
719,1377754062,402.0
719,1377754067,402.0
719,1377754072,396.0
719,1377754077,397.0
719,1377754082,397.0
719,1377754087,398.0
719,1377754092,397.0
719,1377754097,396.0
719,1377754102,390.0
719,1377754107,390.0
719,1377754112,384.0
719,1377754117,382.0
719,1377754122,383.0
719,1377754127,392.0
719,1377754132,391.0
719,1377754137,393.0
719,1377754142,398.0
719,1377754147,398.0
719,1377754152,399.0
719,1377754157,396.0
719,1377754162,397.0
719,1377754167,390.0
719,1377754172,391.0
719,1377754177,392.0
719,1377754182,393.0
719,1377754187,395.0
719,1377754192,404.0
719,1377754197,406.0
719,1377754202,403.0
719,1377754207,403.0
719,1377754212,400.0
719,1377754217,393.0
719,1377754222,388.0
719,1377754227,385.0
719,1377754232,391.0
719,1377754236,393.0
719,1377754242,401.0
719,1377754247,398.0
719,1377754252,402.0
719,1377754257,401.0
719,1377754262,396.0
719,1377754267,393.0
719,1377754272,391.0
719,1377754277,393.0
719,1377754282,383.0
719,1377754287,383.0
719,1377754292,384.0
719,1377754297,387.0
719,1377754302,391.0
719,1377754307,397.0
719,1377754312,404.0
719,1377754317,408.0
719,1377754322,399.0
719,1377754327,404.0
719,1377754332,406.0
719,1377754337,403.0
719,1377754342,404.0
719,1377754347,396.0
719,1377754352,398.0
719,1377754357,388.0
719,1377754362,390.0
719,1377754367,375.0
719,1377754372,382.0
719,1377754377,387.0
719,1377754382,390.0
719,1377754387,403.0
719,1377754392,406.0
719,1377754397,404.0
719,1377754402,401.0
719,1377754407,398.0
719,1377754412,393.0
719,1377754417,393.0
719,1377754422,396.0
719,1377754427,391.0
719,1377754431,398.0
719,1377754436,390.0
719,1377754442,391.0
719,1377754447,392.0
719,1377754452,392.0
719,1377754457,391.0
719,1377754462,391.0
719,1377754467,396.0
719,1377754472,401.0
719,1377754477,402.0
719,1377754482,397.0
719,1377754487,398.0
719,1377754492,396.0
719,1377754497,390.0
719,1377754501,382.0
719,1377754507,383.0
719,1377754512,387.0
719,1377754516,391.0
719,1377754522,390.0
719,1377754527,400.0
719,1377754532,396.0
719,1377754537,397.0
719,1377754541,396.0
719,1377754547,401.0
719,1377754552,395.0
719,1377754557,400.0
719,1377754562,391.0
719,1377754567,397.0
719,1377754572,397.0
719,1377754577,401.0
719,1377754582,406.0
719,1377754587,407.0
719,1377754592,404.0
719,1377754597,403.0
719,1377754602,402.0
719,1377754607,406.0
719,1377754612,407.0
719,1377754617,407.0
719,1377754622,403.0
719,1377754627,397.0
719,1377754632,393.0
719,1377754637,390.0
719,1377754642,387.0
719,1377754647,383.0
719,1377754652,382.0
719,1377754657,392.0
719,1377754662,396.0
719,1377754667,397.0
719,1377754672,409.0
719,1377754677,409.0
719,1377754682,412.0
719,1377754687,405.0
719,1377754692,401.0
719,1377754697,392.0
719,1377754702,388.0
719,1377754707,384.0
719,1377754712,388.0
719,1377754717,395.0
719,1377754722,399.0
719,1377754727,407.0
719,1377754732,409.0
719,1377754737,406.0
719,1377754742,395.0
719,1377754747,390.0
719,1377754752,382.0
719,1377754757,387.0
719,1377754762,382.0
719,1377754767,384.0
719,1377754772,375.0
719,1377754777,384.0
719,1377754782,387.0
719,1377754787,398.0
719,1377754792,398.0
719,1377754797,396.0
719,1377754802,390.0
719,1377754807,398.0
719,1377754812,401.0
719,1377754817,414.0
719,1377754822,396.0
719,1377754827,395.0
719,1377754832,396.0
719,1377754837,391.0
719,1377754842,393.0
719,1377754847,393.0
719,1377754852,397.0
719,1377754857,404.0
719,1377754862,398.0
719,1377754867,397.0
719,1377754871,401.0
719,1377754877,398.0
719,1377754882,398.0
719,1377754887,391.0
719,1377754892,397.0
719,1377754897,394.0
719,1377754901,391.0
719,1377754907,390.0
719,1377754912,391.0
719,1377754917,396.0
719,1377754922,391.0
719,1377754927,393.0
719,1377754932,396.0
719,1377754937,392.0
719,1377754942,390.0
719,1377754947,382.0
719,1377754952,382.0
719,1377754957,387.0
719,1377754962,388.0
719,1377754967,391.0
719,1377754972,392.0
719,1377754977,396.0
719,1377754982,396.0
719,1377754987,393.0
719,1377754992,398.0
719,1377754997,387.0
719,1377755002,392.0
719,1377755007,391.0
719,1377755012,396.0
719,1377755017,398.0
719,1377755022,397.0
719,1377755026,398.0
719,1377755032,393.0
719,1377755037,396.0
719,1377755042,390.0
719,1377755047,393.0
719,1377755052,393.0
719,1377755057,391.0
719,1377755062,399.0
719,1377755067,398.0
719,1377755072,401.0
719,1377755077,395.0
719,1377755082,391.0
719,1377755087,393.0
719,1377755092,393.0
719,1377755097,391.0
719,1377755102,396.0
719,1377755107,402.0
719,1377755112,401.0
719,1377755117,400.0
719,1377755122,400.0
719,1377755127,393.0
719,1377755132,398.0
719,1377755137,398.0
719,1377755142,398.0
719,1377755147,398.0
719,1377755152,398.0
719,1377755157,395.0
719,1377755162,391.0
719,1377755167,396.0
719,1377755172,391.0
719,1377755177,391.0
719,1377755181,396.0
719,1377755187,393.0
719,1377755192,399.0
719,1377755197,395.0
719,1377755202,390.0
719,1377755207,393.0
719,1377755212,398.0
719,1377755217,390.0
719,1377755222,387.0
719,1377755227,393.0
719,1377755232,401.0
719,1377755237,401.0
719,1377755242,402.0
719,1377755247,398.0
719,1377755252,395.0
719,1377755257,395.0
719,1377755262,398.0
719,1377755267,391.0
719,1377755272,398.0
719,1377755277,396.0
719,1377755282,393.0
719,1377755287,396.0
719,1377755292,392.0
719,1377755297,392.0
719,1377755302,382.0
719,1377755307,392.0
719,1377755312,390.0
719,1377755317,396.0
719,1377755322,398.0
719,1377755327,396.0
719,1377755332,398.0
719,1377755337,400.0
719,1377755342,397.0
719,1377755347,401.0
719,1377755352,398.0
719,1377755357,401.0
719,1377755362,401.0
719,1377755367,395.0
719,1377755372,393.0
719,1377755377,390.0
719,1377755382,396.0
719,1377755387,397.0
719,1377755391,408.0
719,1377755397,408.0
719,1377755402,406.0
719,1377755407,401.0
719,1377755412,401.0
719,1377755417,398.0
719,1377755422,402.0
719,1377755427,401.0
719,1377755432,397.0
719,1377755437,391.0
719,1377755441,397.0
719,1377755447,395.0
719,1377755452,396.0
719,1377755457,390.0
719,1377755462,387.0
719,1377755467,385.0
719,1377755472,385.0
719,1377755477,388.0
719,1377755482,385.0
719,1377755487,382.0
719,1377755492,382.0
719,1377755497,392.0
719,1377755502,398.0
719,1377755506,396.0
719,1377755512,395.0
719,1377755517,393.0
719,1377755522,383.0
719,1377755527,390.0
719,1377755532,390.0
719,1377755537,388.0
719,1377755542,390.0
719,1377755547,396.0
719,1377755552,397.0
719,1377755557,401.0
719,1377755562,406.0
719,1377755567,399.0
719,1377755572,391.0
719,1377755577,383.0
719,1377755582,390.0
719,1377755587,382.0
719,1377755592,385.0
719,1377755597,382.0
719,1377755602,391.0
719,1377755607,391.0
719,1377755611,397.0
719,1377755617,403.0
719,1377755622,399.0
719,1377755627,401.0
719,1377755632,398.0
719,1377755637,402.0
719,1377755642,396.0
719,1377755647,398.0
719,1377755652,395.0
719,1377755657,396.0
719,1377755662,387.0
719,1377755667,383.0
719,1377755672,391.0
719,1377755677,396.0
719,1377755682,398.0
719,1377755687,397.0
719,1377755692,399.0
719,1377755697,393.0
719,1377755702,392.0
719,1377755707,390.0
719,1377755712,391.0
719,1377755717,393.0
719,1377755722,392.0
719,1377755727,398.0
719,1377755732,382.0
719,1377755737,387.0
719,1377755742,387.0
719,1377755747,392.0
719,1377755752,390.0
719,1377755757,392.0
719,1377755762,391.0
719,1377755767,390.0
719,1377755772,396.0
719,1377755777,401.0
719,1377755782,403.0
719,1377755787,403.0
719,1377755792,400.0
719,1377755797,395.0
719,1377755802,388.0
719,1377755807,390.0
719,1377755812,388.0
719,1377755817,387.0
719,1377755822,392.0
719,1377755827,387.0
719,1377755832,392.0
719,1377755837,391.0
719,1377755842,395.0
719,1377755847,395.0
719,1377755852,400.0
719,1377755857,397.0
719,1377755862,397.0
719,1377755867,400.0
719,1377755872,401.0
719,1377755877,401.0
719,1377755882,398.0
719,1377755887,391.0
719,1377755891,387.0
719,1377755897,390.0
719,1377755902,390.0
719,1377755907,387.0
719,1377755912,392.0
719,1377755917,392.0
719,1377755922,391.0
719,1377755927,390.0
719,1377755932,393.0
719,1377755937,396.0
719,1377755942,390.0
719,1377755947,390.0
719,1377755952,388.0
719,1377755957,391.0
719,1377755962,390.0
719,1377755967,383.0
719,1377755972,387.0
719,1377755977,392.0
719,1377755982,396.0
719,1377755987,398.0
719,1377755992,403.0
719,1377755997,398.0
719,1377756002,401.0
719,1377756007,401.0
719,1377756012,398.0
719,1377756017,395.0
719,1377756022,390.0
719,1377756027,393.0
719,1377756032,387.0
719,1377756037,392.0
719,1377756042,398.0
719,1377756047,400.0
719,1377756052,401.0
719,1377756057,406.0
719,1377756062,403.0
719,1377756067,397.0
719,1377756072,395.0
719,1377756077,398.0
719,1377756082,390.0
719,1377756087,393.0
719,1377756092,392.0
719,1377756097,391.0
719,1377756102,390.0
719,1377756107,387.0
719,1377756112,388.0
719,1377756117,385.0
719,1377756122,388.0
719,1377756127,392.0
719,1377756132,393.0
719,1377756137,392.0
719,1377756142,390.0
719,1377756147,385.0
719,1377756151,382.0
719,1377756157,382.0
719,1377756162,383.0
719,1377756167,380.0
719,1377756172,385.0
719,1377756177,382.0
719,1377756182,383.0
719,1377756187,379.0
719,1377756192,384.0
719,1377756197,382.0
719,1377756202,387.0
719,1377756207,392.0
719,1377756212,393.0
719,1377756217,387.0
719,1377756222,392.0
719,1377756227,387.0
719,1377756232,390.0
719,1377756237,391.0
719,1377756242,393.0
719,1377756247,398.0
719,1377756252,393.0
719,1377756257,391.0
719,1377756262,398.0
719,1377756267,393.0
719,1377756272,396.0
719,1377756277,398.0
719,1377756282,390.0
719,1377756287,387.0
719,1377756292,390.0
719,1377756297,393.0
719,1377756302,392.0
719,1377756307,396.0
719,1377756312,392.0
719,1377756317,391.0
719,1377756322,396.0
719,1377756327,397.0
719,1377756332,393.0
719,1377756337,393.0
719,1377756342,395.0
719,1377756347,396.0
719,1377756352,391.0
719,1377756357,393.0
719,1377756362,396.0
719,1377756367,396.0
719,1377756372,393.0
719,1377756377,390.0
719,1377756382,388.0
719,1377756387,390.0
719,1377756392,387.0
719,1377756397,383.0
719,1377756402,390.0
719,1377756407,392.0
719,1377756412,382.0
719,1377756417,390.0
719,1377756422,390.0
719,1377756427,390.0
719,1377756432,382.0
719,1377756437,392.0
719,1377756442,393.0
719,1377756447,396.0
719,1377756452,395.0
719,1377756457,392.0
719,1377756462,387.0
719,1377756467,392.0
719,1377756472,393.0
719,1377756477,392.0
719,1377756482,392.0
719,1377756487,388.0
719,1377756492,383.0
719,1377756497,383.0
719,1377756502,392.0
719,1377756507,393.0
719,1377756512,393.0
719,1377756517,402.0
719,1377756522,401.0
719,1377756527,396.0
719,1377756532,396.0
719,1377756537,391.0
719,1377756542,388.0
719,1377756547,387.0
719,1377756552,390.0
719,1377756557,396.0
719,1377756562,396.0
719,1377756567,398.0
719,1377756571,390.0
719,1377756577,398.0
719,1377756582,390.0
719,1377756587,398.0
719,1377756592,396.0
719,1377756597,396.0
719,1377756601,393.0
719,1377756607,393.0
719,1377756612,390.0
719,1377756617,393.0
719,1377756622,393.0
719,1377756627,391.0
719,1377756632,395.0
719,1377756637,393.0
719,1377756642,398.0
719,1377756647,396.0
719,1377756652,393.0
719,1377756657,391.0
719,1377756662,398.0
719,1377756667,395.0
719,1377756672,390.0
719,1377756677,403.0
719,1377756681,408.0
719,1377756687,406.0
719,1377756692,408.0
719,1377756697,398.0
719,1377756702,399.0
719,1377756707,396.0
719,1377756712,396.0
719,1377756717,395.0
719,1377756722,393.0
719,1377756727,398.0
719,1377756732,395.0
719,1377756737,391.0
719,1377756742,396.0
719,1377756747,391.0
719,1377756752,395.0
719,1377756757,396.0
719,1377756762,392.0
719,1377756767,382.0
719,1377756772,388.0
719,1377756777,388.0
719,1377756782,387.0
719,1377756787,393.0
719,1377756792,396.0
719,1377756797,398.0
719,1377756802,399.0
719,1377756807,404.0
719,1377756812,400.0
719,1377756817,400.0
719,1377756822,391.0
719,1377756827,395.0
719,1377756832,392.0
719,1377756837,390.0
719,1377756842,396.0
719,1377756847,398.0
719,1377756852,403.0
719,1377756857,402.0
719,1377756862,397.0
719,1377756867,401.0
719,1377756872,401.0
719,1377756877,397.0
719,1377756882,401.0
719,1377756887,397.0
719,1377756892,397.0
719,1377756897,390.0
719,1377756902,400.0
719,1377756907,398.0
719,1377756912,401.0
719,1377756917,399.0
719,1377756922,406.0
719,1377756927,403.0
719,1377756932,403.0
719,1377756937,398.0
719,1377756942,401.0
719,1377756947,401.0
719,1377756952,401.0
719,1377756957,398.0
719,1377756962,398.0
719,1377756967,396.0
719,1377756972,390.0
719,1377756977,385.0
719,1377756982,388.0
719,1377756987,390.0
719,1377756992,383.0
719,1377756997,390.0
719,1377757002,396.0
719,1377757007,395.0
719,1377757012,400.0
719,1377757017,390.0
719,1377757022,383.0
719,1377757027,388.0
719,1377757032,385.0
719,1377757037,383.0
719,1377757042,392.0
719,1377757047,396.0
719,1377757052,393.0
719,1377757057,393.0
719,1377757062,398.0
719,1377757067,396.0
719,1377757072,393.0
719,1377757077,395.0
719,1377757082,390.0
719,1377757087,395.0
719,1377757092,390.0
719,1377757097,395.0
719,1377757102,398.0
719,1377757107,391.0
719,1377757112,398.0
719,1377757117,390.0
719,1377757122,388.0
719,1377757127,388.0
719,1377757132,388.0
719,1377757137,387.0
719,1377757142,382.0
719,1377757147,390.0
719,1377757152,391.0
719,1377757157,402.0
719,1377757162,404.0
719,1377757167,401.0
719,1377757172,398.0
719,1377757177,393.0
719,1377757182,392.0
719,1377757187,390.0
719,1377757192,382.0
719,1377757197,375.0
719,1377757202,382.0
719,1377757207,380.0
719,1377757212,382.0
719,1377757217,384.0
719,1377757222,384.0
719,1377757227,390.0
719,1377757232,388.0
719,1377757237,390.0
719,1377757242,393.0
719,1377757247,392.0
719,1377757252,383.0
719,1377757257,384.0
719,1377757262,379.0
719,1377757267,380.0
719,1377757272,379.0
719,1377757277,384.0
719,1377757282,388.0
719,1377757287,392.0
719,1377757292,391.0
719,1377757297,398.0
719,1377757302,396.0
719,1377757307,396.0
719,1377757312,387.0
719,1377757317,388.0
719,1377757322,392.0
719,1377757327,398.0
719,1377757332,390.0
719,1377757337,392.0
719,1377757342,391.0
719,1377757347,391.0
719,1377757352,396.0
719,1377757357,402.0
719,1377757362,398.0
719,1377757367,395.0
719,1377757372,393.0
719,1377757377,391.0
719,1377757382,395.0
719,1377757387,401.0
719,1377757392,398.0
719,1377757397,398.0
719,1377757402,390.0
719,1377757407,385.0
719,1377757412,384.0
719,1377757417,385.0
719,1377757422,390.0
719,1377757427,403.0
719,1377757432,406.0
719,1377757437,406.0
719,1377757442,416.0
719,1377757447,395.0
719,1377757452,401.0
719,1377757457,401.0
719,1377757462,401.0
719,1377757467,398.0
719,1377757472,401.0
719,1377757477,400.0
719,1377757482,403.0
719,1377757487,406.0
719,1377757492,408.0
719,1377757497,408.0
719,1377757502,401.0
719,1377757507,396.0
719,1377757512,391.0
719,1377757517,393.0
719,1377757522,391.0
719,1377757527,396.0
719,1377757532,393.0
719,1377757537,398.0
719,1377757542,396.0
719,1377757547,396.0
719,1377757552,387.0
719,1377757557,382.0
719,1377757562,383.0
719,1377757567,383.0
719,1377757572,382.0
719,1377757577,398.0
719,1377757582,390.0
719,1377757587,392.0
719,1377757592,390.0
719,1377757597,396.0
719,1377757602,398.0
719,1377757607,400.0
719,1377757612,401.0
719,1377757617,401.0
719,1377757622,402.0
719,1377757627,398.0
719,1377757632,398.0
719,1377757637,397.0
719,1377757641,398.0
719,1377757647,401.0
719,1377757652,398.0
719,1377757657,391.0
719,1377757662,398.0
719,1377757667,390.0
719,1377757672,396.0
719,1377757677,398.0
719,1377757682,395.0
719,1377757687,393.0
719,1377757692,391.0
719,1377757697,390.0
719,1377757702,393.0
719,1377757707,392.0
719,1377757712,392.0
719,1377757717,391.0
719,1377757722,388.0
719,1377757727,388.0
719,1377757732,385.0
719,1377757737,382.0
719,1377757742,385.0
719,1377757747,392.0
719,1377757752,392.0
719,1377757757,390.0
719,1377757762,400.0
719,1377757767,397.0
719,1377757772,391.0
719,1377757777,396.0
719,1377757782,395.0
719,1377757787,395.0
719,1377757792,391.0
719,1377757797,390.0
719,1377757802,387.0
719,1377757807,393.0
719,1377757812,391.0
719,1377757817,401.0
719,1377757822,397.0
719,1377757827,404.0
719,1377757832,391.0
719,1377757837,398.0
719,1377757842,395.0
719,1377757847,397.0
719,1377757852,398.0
719,1377757857,396.0
719,1377757862,396.0
719,1377757867,395.0
719,1377757872,395.0
719,1377757877,398.0
719,1377757882,398.0
719,1377757887,392.0
719,1377757892,388.0
719,1377757897,387.0
719,1377757902,392.0
719,1377757907,398.0
719,1377757912,403.0
719,1377757917,403.0
719,1377757922,412.0
719,1377757927,395.0
719,1377757932,400.0
719,1377757937,398.0
719,1377757942,391.0
719,1377757947,383.0
719,1377757952,388.0
719,1377757957,387.0
719,1377757962,387.0
719,1377757967,393.0
719,1377757972,391.0
719,1377757977,396.0
719,1377757982,395.0
719,1377757987,396.0
719,1377757992,387.0
719,1377757997,385.0
719,1377758002,384.0
719,1377758007,381.0
719,1377758012,382.0
719,1377758017,384.0
719,1377758022,387.0
719,1377758027,387.0
719,1377758032,390.0
719,1377758037,390.0
719,1377758042,383.0
719,1377758047,385.0
719,1377758052,385.0
719,1377758057,382.0
719,1377758062,382.0
719,1377758067,388.0
719,1377758072,387.0
719,1377758077,395.0
719,1377758082,397.0
719,1377758087,391.0
719,1377758092,396.0
719,1377758097,391.0
719,1377758102,396.0
719,1377758107,391.0
719,1377758112,393.0
719,1377758117,390.0
719,1377758122,396.0
719,1377758127,393.0
719,1377758132,396.0
719,1377758137,397.0
719,1377758142,398.0
719,1377758147,392.0
719,1377758152,383.0
719,1377758157,383.0
719,1377758162,388.0
719,1377758167,390.0
719,1377758172,390.0
719,1377758177,390.0
719,1377758182,388.0
719,1377758187,388.0
719,1377758192,383.0
719,1377758197,383.0
719,1377758202,388.0
719,1377758207,385.0
719,1377758212,382.0
719,1377758217,382.0
719,1377758222,385.0
719,1377758227,383.0
719,1377758232,387.0
719,1377758237,398.0
719,1377758242,393.0
719,1377758247,391.0
719,1377758252,391.0
719,1377758257,390.0
719,1377758262,390.0
719,1377758267,385.0
719,1377758272,388.0
719,1377758277,382.0
719,1377758282,384.0
719,1377758287,387.0
719,1377758292,387.0
719,1377758297,396.0
719,1377758302,396.0
719,1377758307,390.0
719,1377758312,388.0
719,1377758317,388.0
719,1377758322,383.0
719,1377758327,385.0
719,1377758332,385.0
719,1377758337,382.0
719,1377758342,385.0
719,1377758347,388.0
719,1377758352,392.0
719,1377758357,390.0
719,1377758362,393.0
719,1377758367,391.0
719,1377758372,396.0
719,1377758377,393.0
719,1377758382,391.0
719,1377758387,393.0
719,1377758392,393.0
719,1377758397,390.0
719,1377758402,392.0
719,1377758407,391.0
719,1377758412,390.0
719,1377758417,393.0
719,1377758422,395.0
719,1377758427,398.0
719,1377758432,402.0
719,1377758437,401.0
719,1377758442,401.0
719,1377758447,390.0
719,1377758452,392.0
719,1377758457,390.0
719,1377758462,393.0
719,1377758467,388.0
719,1377758472,388.0
719,1377758477,392.0
719,1377758482,391.0
719,1377758487,388.0
719,1377758492,382.0
719,1377758497,385.0
719,1377758502,385.0
719,1377758507,384.0
719,1377758512,385.0
719,1377758517,383.0
719,1377758522,388.0
719,1377758527,392.0
719,1377758532,391.0
719,1377758537,391.0
719,1377758542,396.0
719,1377758547,400.0
719,1377758552,393.0
719,1377758557,393.0
719,1377758562,387.0
719,1377758567,383.0
719,1377758572,382.0
719,1377758577,382.0
719,1377758582,384.0
719,1377758587,392.0
719,1377758592,382.0
719,1377758597,380.0
719,1377758602,380.0
719,1377758607,382.0
719,1377758612,382.0
719,1377758617,382.0
719,1377758622,385.0
719,1377758627,385.0
719,1377758632,388.0
719,1377758637,382.0
719,1377758642,388.0
719,1377758647,379.0
719,1377758652,381.0
719,1377758657,384.0
719,1377758662,385.0
719,1377758667,392.0
719,1377758672,393.0
719,1377758677,396.0
719,1377758682,395.0
719,1377758687,393.0
719,1377758692,398.0
719,1377758697,382.0
719,1377758702,385.0
719,1377758707,382.0
719,1377758712,387.0
719,1377758717,388.0
719,1377758722,382.0
719,1377758727,385.0
719,1377758732,385.0
719,1377758737,380.0
719,1377758742,384.0
719,1377758747,383.0
719,1377758752,387.0
719,1377758757,392.0
719,1377758762,392.0
719,1377758767,390.0
719,1377758772,393.0
719,1377758777,397.0
719,1377758782,397.0
719,1377758787,395.0
719,1377758792,393.0
719,1377758797,396.0
719,1377758802,390.0
719,1377758807,391.0
719,1377758812,390.0
719,1377758817,387.0
719,1377758822,384.0
719,1377758827,396.0
719,1377758832,383.0
719,1377758837,393.0
719,1377758842,390.0
719,1377758847,387.0
719,1377758852,388.0
719,1377758857,388.0
719,1377758862,382.0
719,1377758867,392.0
719,1377758872,383.0
719,1377758877,390.0
719,1377758882,387.0
719,1377758887,383.0
719,1377758892,392.0
719,1377758897,383.0
719,1377758902,385.0
719,1377758907,382.0
719,1377758912,388.0
719,1377758917,385.0
719,1377758921,382.0
719,1377758927,385.0
719,1377758932,383.0
719,1377758937,382.0
719,1377758942,392.0
719,1377758947,392.0
719,1377758952,395.0
719,1377758957,396.0
719,1377758962,401.0
719,1377758967,401.0
719,1377758972,398.0
719,1377758977,401.0
719,1377758982,396.0
719,1377758987,395.0
719,1377758992,390.0
719,1377758996,390.0
719,1377759002,391.0
719,1377759007,382.0
719,1377759012,381.0
719,1377759017,382.0
719,1377759022,379.0
719,1377759027,375.0
719,1377759032,382.0
719,1377759037,379.0
719,1377759042,388.0
719,1377759046,392.0
719,1377759052,396.0
719,1377759056,401.0
719,1377759062,399.0
719,1377759066,401.0
719,1377759072,392.0
719,1377759076,388.0
719,1377759082,380.0
719,1377759086,382.0
719,1377759092,383.0
719,1377759096,392.0
719,1377759102,393.0
719,1377759106,391.0
719,1377759112,395.0
719,1377759116,396.0
719,1377759122,396.0
719,1377759126,392.0
719,1377759132,385.0
719,1377759136,384.0
719,1377759142,385.0
719,1377759146,380.0
719,1377759152,383.0
719,1377759156,388.0
719,1377759162,382.0
719,1377759166,387.0
719,1377759172,396.0
719,1377759176,392.0
719,1377759182,392.0
719,1377759186,395.0
719,1377759192,391.0
719,1377759196,393.0
719,1377759202,387.0
719,1377759206,384.0
719,1377759212,382.0
719,1377759216,382.0
719,1377759222,382.0
719,1377759226,385.0
719,1377759232,383.0
719,1377759236,385.0
719,1377759242,382.0
719,1377759246,384.0
719,1377759252,388.0
719,1377759256,387.0
719,1377759262,383.0
719,1377759266,383.0
719,1377759272,387.0
719,1377759276,392.0
719,1377759282,387.0
719,1377759286,391.0
719,1377759292,396.0
719,1377759296,396.0
719,1377759302,395.0
719,1377759306,401.0
719,1377759312,398.0
719,1377759316,404.0
719,1377759322,395.0
719,1377759326,393.0
719,1377759332,390.0
719,1377759336,392.0
719,1377759342,391.0
719,1377759346,393.0
719,1377759352,391.0
719,1377759356,393.0
719,1377759362,387.0
719,1377759366,385.0
719,1377759372,384.0
719,1377759376,382.0
719,1377759382,377.0
719,1377759386,374.0
719,1377759392,382.0
719,1377759396,382.0
719,1377759402,382.0
719,1377759406,379.0
719,1377759412,375.0
719,1377759416,382.0
719,1377759422,385.0
719,1377759426,388.0
719,1377759432,391.0
719,1377759436,387.0
719,1377759442,387.0
719,1377759446,388.0
719,1377759452,393.0
719,1377759457,393.0
719,1377759462,391.0
719,1377759466,385.0
719,1377759472,383.0
719,1377759476,374.0
719,1377759482,379.0
719,1377759486,385.0
719,1377759492,384.0
719,1377759496,382.0
719,1377759502,382.0
719,1377759506,385.0
719,1377759512,383.0
719,1377759516,384.0
719,1377759522,379.0
719,1377759526,379.0
719,1377759532,377.0
719,1377759536,375.0
719,1377759542,380.0
719,1377759546,388.0
719,1377759552,390.0
719,1377759556,396.0
719,1377759562,396.0
719,1377759566,391.0
719,1377759572,392.0
719,1377759576,391.0
719,1377759582,395.0
719,1377759586,396.0
719,1377759592,401.0
719,1377759596,397.0
719,1377759602,401.0
719,1377759606,395.0
719,1377759612,393.0
719,1377759616,387.0
719,1377759622,385.0
719,1377759626,382.0
719,1377759632,384.0
719,1377759636,390.0
719,1377759641,390.0
719,1377759646,396.0
719,1377759652,387.0
719,1377759656,388.0
719,1377759662,390.0
719,1377759666,396.0
719,1377759672,398.0
719,1377759676,398.0
719,1377759682,404.0
719,1377759686,403.0
719,1377759692,401.0
719,1377759696,395.0
719,1377759702,396.0
719,1377759706,393.0
719,1377759712,396.0
719,1377759716,390.0
719,1377759722,398.0
719,1377759726,391.0
719,1377759732,393.0
719,1377759736,388.0
719,1377759742,382.0
719,1377759746,382.0
719,1377759752,383.0
719,1377759756,388.0
719,1377759762,387.0
719,1377759766,392.0
719,1377759772,387.0
719,1377759776,387.0
719,1377759782,392.0
719,1377759786,392.0
719,1377759792,393.0
719,1377759796,393.0
719,1377759802,398.0
719,1377759806,401.0
719,1377759812,401.0
719,1377759816,395.0
719,1377759822,392.0
719,1377759826,392.0
719,1377759832,391.0
719,1377759836,395.0
719,1377759842,391.0
719,1377759846,391.0
719,1377759852,391.0
719,1377759856,391.0
719,1377759862,396.0
719,1377759866,396.0
719,1377759872,393.0
719,1377759876,396.0
719,1377759882,390.0
719,1377759886,387.0
719,1377759892,393.0
719,1377759896,393.0
719,1377759902,393.0
719,1377759906,390.0
719,1377759912,390.0
719,1377759917,391.0
719,1377759922,396.0
719,1377759926,390.0
719,1377759932,390.0
719,1377759937,398.0
719,1377759942,400.0
719,1377759946,398.0
719,1377759952,396.0
719,1377759956,391.0
719,1377759962,390.0
719,1377759966,392.0
719,1377759972,393.0
719,1377759977,391.0
719,1377759982,395.0
719,1377759986,390.0
719,1377759992,400.0
719,1377759997,393.0
719,1377760002,395.0
719,1377760006,393.0
719,1377760012,396.0
719,1377760016,396.0
719,1377760022,383.0
719,1377760026,382.0
719,1377760032,385.0
719,1377760036,392.0
719,1377760042,390.0
719,1377760046,398.0
719,1377760052,392.0
719,1377760056,388.0
719,1377760062,382.0
719,1377760066,383.0
719,1377760072,383.0
719,1377760076,391.0
719,1377760082,390.0
719,1377760086,382.0
719,1377760092,384.0
719,1377760096,382.0
719,1377760101,385.0
719,1377760106,382.0
719,1377760112,392.0
719,1377760116,393.0
719,1377760122,393.0
719,1377760126,398.0
719,1377760132,393.0
719,1377760136,396.0
719,1377760142,398.0
719,1377760146,396.0
719,1377760152,400.0
719,1377760156,395.0
719,1377760162,398.0
719,1377760166,396.0
719,1377760172,398.0
719,1377760176,390.0
719,1377760182,391.0
719,1377760186,391.0
719,1377760191,398.0
719,1377760196,383.0
719,1377760202,388.0
719,1377760206,379.0
719,1377760212,384.0
719,1377760216,375.0
719,1377760222,375.0
719,1377760226,383.0
719,1377760231,380.0
719,1377760236,382.0
719,1377760242,382.0
719,1377760246,385.0
719,1377760251,387.0
719,1377760256,392.0
719,1377760262,392.0
719,1377760266,388.0
719,1377760271,390.0
719,1377760277,388.0
719,1377760282,385.0
719,1377760286,385.0
719,1377760291,387.0
719,1377760296,390.0
719,1377760302,396.0
719,1377760306,401.0
719,1377760312,398.0
719,1377760316,402.0
719,1377760322,390.0
719,1377760326,392.0
719,1377760332,382.0
719,1377760336,383.0
719,1377760342,388.0
719,1377760346,396.0
719,1377760351,391.0
719,1377760356,393.0
719,1377760362,396.0
719,1377760366,393.0
719,1377760371,396.0
719,1377760376,399.0
719,1377760381,400.0
719,1377760386,391.0
719,1377760392,383.0
719,1377760396,384.0
719,1377760402,384.0
719,1377760406,387.0
719,1377760412,387.0
719,1377760416,390.0
719,1377760422,393.0
719,1377760427,385.0
719,1377760431,382.0
719,1377760436,383.0
719,1377760442,388.0
719,1377760446,387.0
719,1377760452,387.0
719,1377760456,392.0
719,1377760461,382.0
719,1377760466,388.0
719,1377760472,382.0
719,1377760476,385.0
719,1377760482,390.0
719,1377760486,387.0
719,1377760491,388.0
719,1377760496,385.0
719,1377760502,382.0
719,1377760506,388.0
719,1377760511,392.0
719,1377760516,390.0
719,1377760522,390.0
719,1377760526,390.0
719,1377760532,398.0
719,1377760537,401.0
719,1377760541,401.0
719,1377760546,401.0
719,1377760552,390.0
719,1377760557,387.0
719,1377760561,382.0
719,1377760566,387.0
719,1377760572,388.0
719,1377760576,390.0
719,1377760581,388.0
719,1377760586,393.0
719,1377760592,390.0
719,1377760596,393.0
719,1377760602,385.0
719,1377760606,385.0
719,1377760612,381.0
719,1377760616,385.0
719,1377760622,388.0
719,1377760627,383.0
719,1377760632,387.0
719,1377760636,392.0
719,1377760641,396.0
719,1377760646,395.0
719,1377760652,400.0
719,1377760656,398.0
719,1377760661,391.0
719,1377760666,396.0
719,1377760672,391.0
719,1377760677,383.0
719,1377760682,388.0
719,1377760686,382.0
719,1377760691,382.0
719,1377760696,377.0
719,1377760702,390.0
719,1377760707,382.0
719,1377760711,390.0
719,1377760716,384.0
719,1377760722,387.0
719,1377760727,387.0
719,1377760731,390.0
719,1377760736,387.0
719,1377760741,382.0
719,1377760747,385.0
719,1377760751,384.0
719,1377760756,383.0
719,1377760761,382.0
719,1377760766,385.0
719,1377760771,392.0
719,1377760776,391.0
719,1377760781,396.0
719,1377760786,395.0
719,1377760792,396.0
719,1377760797,396.0
719,1377760802,398.0
719,1377760806,398.0
719,1377760811,398.0
719,1377760816,398.0
719,1377760822,401.0
719,1377760827,399.0
719,1377760831,391.0
719,1377760836,395.0
719,1377760841,391.0
719,1377760846,400.0
719,1377760852,391.0
719,1377760857,392.0
719,1377760861,392.0
719,1377760867,392.0
719,1377760871,392.0
719,1377760876,396.0
719,1377760881,400.0
719,1377760887,404.0
719,1377760891,406.0
719,1377760896,399.0
719,1377760901,398.0
719,1377760907,391.0
719,1377760911,391.0
719,1377760917,393.0
719,1377760921,391.0
719,1377760926,393.0
719,1377760931,390.0
719,1377760936,391.0
719,1377760941,391.0
719,1377760946,390.0
719,1377760951,391.0
719,1377760957,388.0
719,1377760962,383.0
719,1377760966,382.0
719,1377760971,390.0
719,1377760976,390.0
719,1377760981,390.0
719,1377760987,390.0
719,1377760991,387.0
719,1377760997,390.0
719,1377761001,390.0
719,1377761006,392.0
719,1377761011,387.0
719,1377761017,392.0
719,1377761021,392.0
719,1377761026,392.0
719,1377761031,396.0
719,1377761037,396.0
719,1377761041,391.0
719,1377761047,391.0
719,1377761051,395.0
719,1377761056,397.0
719,1377761061,401.0
719,1377761066,402.0
719,1377761071,396.0
719,1377761076,404.0
719,1377761082,396.0
719,1377761087,396.0
719,1377761091,393.0
719,1377761096,396.0
719,1377761101,393.0
719,1377761106,393.0
719,1377761111,391.0
719,1377761117,390.0
719,1377761121,392.0
719,1377761126,387.0
719,1377761131,387.0
719,1377761137,388.0
719,1377761141,387.0
719,1377761146,385.0
719,1377761151,387.0
719,1377761156,392.0
719,1377761161,392.0
719,1377761167,393.0
719,1377761171,398.0
719,1377761176,396.0
719,1377761181,387.0
719,1377761186,390.0
719,1377761192,393.0
719,1377761196,392.0
719,1377761201,382.0
719,1377761206,382.0
719,1377761211,384.0
719,1377761217,375.0
719,1377761222,383.0
719,1377761226,383.0
719,1377761231,383.0
719,1377761236,382.0
719,1377761241,390.0
719,1377761246,392.0
719,1377761251,387.0
719,1377761256,388.0
719,1377761261,387.0
719,1377761266,388.0
719,1377761271,393.0
719,1377761276,393.0
719,1377761281,392.0
719,1377761286,388.0
719,1377761291,390.0
719,1377761296,388.0
719,1377761301,391.0
719,1377761306,383.0
719,1377761311,385.0
719,1377761316,385.0
719,1377761321,384.0
719,1377761326,385.0
719,1377761332,382.0
719,1377761336,388.0
719,1377761341,383.0
719,1377761347,391.0
719,1377761351,396.0
719,1377761356,398.0
719,1377761361,392.0
719,1377761366,385.0
719,1377761371,385.0
719,1377761376,384.0
719,1377761381,383.0
719,1377761386,381.0
719,1377761391,387.0
719,1377761396,392.0
719,1377761401,391.0
719,1377761406,391.0
719,1377761411,392.0
719,1377761417,383.0
719,1377761421,375.0
719,1377761426,379.0
719,1377761431,384.0
719,1377761436,383.0
719,1377761442,384.0
719,1377761446,385.0
719,1377761451,383.0
719,1377761456,384.0
719,1377761461,385.0
719,1377761466,385.0
719,1377761471,396.0
719,1377761476,395.0
719,1377761481,399.0
719,1377761486,397.0
719,1377761491,391.0
719,1377761496,396.0
719,1377761501,393.0
719,1377761506,390.0
719,1377761511,396.0
719,1377761516,396.0
719,1377761521,398.0
719,1377761526,401.0
719,1377761531,395.0
719,1377761536,391.0
719,1377761542,396.0
719,1377761546,391.0
719,1377761551,395.0
719,1377761556,392.0
719,1377761561,387.0
719,1377761566,390.0
719,1377761571,388.0
719,1377761576,396.0
719,1377761581,391.0
719,1377761587,395.0
719,1377761591,396.0
719,1377761596,390.0
719,1377761601,391.0
719,1377761606,398.0
719,1377761611,396.0
719,1377761616,398.0
719,1377761621,397.0
719,1377761626,401.0
719,1377761631,398.0
719,1377761636,393.0
719,1377761641,393.0
719,1377761646,398.0
719,1377761651,397.0
719,1377761656,398.0
719,1377761661,397.0
719,1377761666,398.0
719,1377761671,401.0
719,1377761676,400.0
719,1377761681,396.0
719,1377761686,385.0
719,1377761691,383.0
719,1377761696,383.0
719,1377761701,384.0
719,1377761706,384.0
719,1377761711,388.0
719,1377761716,392.0
719,1377761721,391.0
719,1377761726,391.0
719,1377761731,393.0
719,1377761736,388.0
719,1377761741,384.0
719,1377761746,384.0
719,1377761751,380.0
719,1377761756,383.0
719,1377761761,382.0
719,1377761766,382.0
719,1377761771,390.0
719,1377761776,392.0
719,1377761781,392.0
719,1377761786,391.0
719,1377761791,392.0
719,1377761796,383.0
719,1377761801,385.0
719,1377761806,382.0
719,1377761811,384.0
719,1377761816,388.0
719,1377761821,392.0
719,1377761826,396.0
719,1377761831,402.0
719,1377761836,406.0
719,1377761841,406.0
719,1377761846,416.0
719,1377761851,401.0
719,1377761856,391.0
719,1377761861,393.0
719,1377761866,387.0
719,1377761871,383.0
719,1377761876,385.0
719,1377761881,385.0
719,1377761886,384.0
719,1377761891,382.0
719,1377761896,388.0
719,1377761901,388.0
719,1377761906,388.0
719,1377761911,385.0
719,1377761916,382.0
719,1377761921,385.0
719,1377761926,390.0
719,1377761931,393.0
719,1377761936,390.0
719,1377761941,396.0
719,1377761946,391.0
719,1377761951,393.0
719,1377761956,390.0
719,1377761961,393.0
719,1377761966,391.0
719,1377761971,393.0
719,1377761976,391.0
719,1377761981,390.0
719,1377761986,390.0
719,1377761991,388.0
719,1377761996,388.0
719,1377762001,383.0
719,1377762006,392.0
719,1377762011,398.0
719,1377762016,401.0
719,1377762021,403.0
719,1377762026,403.0
719,1377762031,403.0
719,1377762036,403.0
719,1377762041,401.0
719,1377762046,402.0
719,1377762051,391.0
719,1377762056,388.0
719,1377762061,384.0
719,1377762066,375.0
719,1377762071,380.0
719,1377762076,382.0
719,1377762081,385.0
719,1377762086,390.0
719,1377762091,398.0
719,1377762096,396.0
719,1377762101,396.0
719,1377762106,396.0
719,1377762111,393.0
719,1377762116,387.0
719,1377762121,380.0
719,1377762126,376.0
719,1377762131,376.0
719,1377762136,374.0
719,1377762141,379.0
719,1377762146,383.0
719,1377762151,391.0
719,1377762156,395.0
719,1377762161,395.0
719,1377762166,391.0
719,1377762171,387.0
719,1377762176,384.0
719,1377762181,385.0
719,1377762186,388.0
719,1377762191,392.0
719,1377762196,391.0
719,1377762201,400.0
719,1377762206,393.0
719,1377762211,393.0
719,1377762216,382.0
719,1377762221,382.0
719,1377762226,384.0
719,1377762231,381.0
719,1377762236,382.0
719,1377762241,375.0
719,1377762246,377.0
719,1377762251,374.0
719,1377762256,375.0
719,1377762261,385.0
719,1377762266,387.0
719,1377762271,391.0
719,1377762276,400.0
719,1377762281,401.0
719,1377762286,403.0
719,1377762291,399.0
719,1377762296,401.0
719,1377762301,393.0
719,1377762306,383.0
719,1377762311,382.0
719,1377762316,388.0
719,1377762321,383.0
719,1377762326,382.0
719,1377762331,388.0
719,1377762336,382.0
719,1377762341,375.0
719,1377762346,383.0
719,1377762351,388.0
719,1377762356,387.0
719,1377762361,393.0
719,1377762366,396.0
719,1377762371,397.0
719,1377762376,398.0
719,1377762381,393.0
719,1377762386,390.0
719,1377762391,385.0
719,1377762396,388.0
719,1377762401,385.0
719,1377762406,388.0
719,1377762411,390.0
719,1377762416,395.0
719,1377762421,401.0
719,1377762426,401.0
719,1377762431,404.0
719,1377762436,397.0
719,1377762441,390.0
719,1377762446,393.0
719,1377762451,401.0
719,1377762456,400.0
719,1377762461,406.0
719,1377762466,391.0
719,1377762471,398.0
719,1377762476,398.0
719,1377762481,393.0
719,1377762486,398.0
719,1377762491,390.0
719,1377762496,396.0
719,1377762501,396.0
719,1377762506,396.0
719,1377762511,398.0
719,1377762516,397.0
719,1377762521,397.0
719,1377762526,398.0
719,1377762531,398.0
719,1377762536,392.0
719,1377762541,383.0
719,1377762546,388.0
719,1377762551,385.0
719,1377762556,385.0
719,1377762561,385.0
719,1377762566,391.0
719,1377762571,400.0
719,1377762576,398.0
719,1377762581,401.0
719,1377762586,398.0
719,1377762591,397.0
719,1377762596,401.0
719,1377762601,391.0
719,1377762606,391.0
719,1377762611,383.0
719,1377762616,390.0
719,1377762621,382.0
719,1377762626,375.0
719,1377762631,382.0
719,1377762636,385.0
719,1377762641,387.0
719,1377762646,392.0
719,1377762651,388.0
719,1377762656,388.0
719,1377762661,385.0
719,1377762666,382.0
719,1377762671,382.0
719,1377762676,384.0
719,1377762681,385.0
719,1377762686,385.0
719,1377762691,391.0
719,1377762696,395.0
719,1377762701,400.0
719,1377762706,390.0
719,1377762711,390.0
719,1377762716,382.0
719,1377762721,387.0
719,1377762726,384.0
719,1377762731,385.0
719,1377762736,385.0
719,1377762741,382.0
719,1377762746,382.0
719,1377762751,381.0
719,1377762756,385.0
719,1377762761,388.0
719,1377762766,390.0
719,1377762771,401.0
719,1377762776,400.0
719,1377762781,396.0
719,1377762786,391.0
719,1377762791,396.0
719,1377762796,391.0
719,1377762801,395.0
719,1377762806,401.0
719,1377762811,391.0
719,1377762816,396.0
719,1377762821,393.0
719,1377762826,387.0
719,1377762831,392.0
719,1377762836,390.0
719,1377762841,387.0
719,1377762846,393.0
719,1377762851,385.0
719,1377762856,393.0
719,1377762861,384.0
719,1377762866,382.0
719,1377762871,382.0
719,1377762876,379.0
719,1377762881,379.0
719,1377762886,380.0
719,1377762891,380.0
719,1377762896,379.0
719,1377762901,384.0
719,1377762906,388.0
719,1377762911,396.0
719,1377762916,403.0
719,1377762921,406.0
719,1377762926,401.0
719,1377762931,391.0
719,1377762936,390.0
719,1377762941,388.0
719,1377762946,387.0
719,1377762951,391.0
719,1377762956,388.0
719,1377762961,393.0
719,1377762966,388.0
719,1377762971,387.0
719,1377762976,383.0
719,1377762981,388.0
719,1377762986,375.0
719,1377762991,380.0
719,1377762996,380.0
719,1377763001,374.0
719,1377763006,382.0
719,1377763011,382.0
719,1377763016,382.0
719,1377763021,382.0
719,1377763026,392.0
719,1377763031,391.0
719,1377763036,391.0
719,1377763041,396.0
719,1377763046,398.0
719,1377763051,398.0
719,1377763056,390.0
719,1377763061,391.0
719,1377763066,397.0
719,1377763071,397.0
719,1377763076,401.0
719,1377763081,395.0
719,1377763086,391.0
719,1377763091,392.0
719,1377763096,393.0
719,1377763101,392.0
719,1377763106,395.0
719,1377763111,393.0
719,1377763116,393.0
719,1377763121,398.0
719,1377763126,400.0
719,1377763131,401.0
719,1377763136,397.0
719,1377763141,393.0
719,1377763146,387.0
719,1377763151,384.0
719,1377763156,379.0
719,1377763161,382.0
719,1377763166,384.0
719,1377763171,388.0
719,1377763176,395.0
719,1377763181,398.0
719,1377763186,391.0
719,1377763191,396.0
719,1377763196,391.0
719,1377763201,398.0
719,1377763206,392.0
719,1377763211,387.0
719,1377763216,383.0
719,1377763221,391.0
719,1377763226,396.0
719,1377763231,402.0
719,1377763236,398.0
719,1377763241,398.0
719,1377763246,396.0
719,1377763251,395.0
719,1377763256,401.0
719,1377763261,403.0
719,1377763266,403.0
719,1377763271,406.0
719,1377763276,403.0
719,1377763281,397.0
719,1377763286,398.0
719,1377763291,396.0
719,1377763296,398.0
719,1377763301,385.0
719,1377763306,382.0
719,1377763311,382.0
719,1377763316,388.0
719,1377763321,375.0
719,1377763326,387.0
719,1377763331,392.0
719,1377763336,391.0
719,1377763341,395.0
719,1377763346,397.0
719,1377763351,396.0
719,1377763356,396.0
719,1377763361,390.0
719,1377763366,391.0
719,1377763371,390.0
719,1377763376,396.0
719,1377763381,400.0
719,1377763386,398.0
719,1377763391,402.0
719,1377763396,402.0
719,1377763401,396.0
719,1377763406,396.0
719,1377763411,392.0
719,1377763416,383.0
719,1377763421,382.0
719,1377763426,382.0
719,1377763431,392.0
719,1377763436,391.0
719,1377763441,395.0
719,1377763446,401.0
719,1377763451,404.0
719,1377763456,401.0
719,1377763461,400.0
719,1377763466,396.0
719,1377763471,393.0
719,1377763476,390.0
719,1377763481,396.0
719,1377763486,387.0
719,1377763491,392.0
719,1377763496,395.0
719,1377763501,391.0
719,1377763506,391.0
719,1377763511,393.0
719,1377763516,392.0
719,1377763521,387.0
719,1377763526,390.0
719,1377763531,396.0
719,1377763536,398.0
719,1377763541,390.0
719,1377763546,398.0
719,1377763551,395.0
719,1377763556,391.0
719,1377763561,393.0
719,1377763566,400.0
719,1377763571,393.0
719,1377763576,396.0
719,1377763581,382.0
719,1377763586,388.0
719,1377763591,383.0
719,1377763596,383.0
719,1377763601,384.0
719,1377763606,385.0
719,1377763611,388.0
719,1377763616,392.0
719,1377763621,393.0
719,1377763626,393.0
719,1377763631,396.0
719,1377763636,393.0
719,1377763641,395.0
719,1377763646,396.0
719,1377763651,392.0
719,1377763656,392.0
719,1377763661,383.0
719,1377763666,384.0
719,1377763671,379.0
719,1377763676,380.0
719,1377763681,381.0
719,1377763686,388.0
719,1377763691,382.0
719,1377763696,392.0
719,1377763701,390.0
719,1377763706,393.0
719,1377763711,392.0
719,1377763716,385.0
719,1377763721,382.0
719,1377763726,382.0
719,1377763731,388.0
719,1377763736,375.0
719,1377763741,374.0
719,1377763746,382.0
719,1377763751,382.0
719,1377763756,392.0
719,1377763761,395.0
719,1377763766,399.0
719,1377763771,401.0
719,1377763776,398.0
719,1377763781,393.0
719,1377763786,390.0
719,1377763791,382.0
719,1377763796,379.0
719,1377763801,380.0
719,1377763806,375.0
719,1377763811,381.0
719,1377763816,388.0
719,1377763821,396.0
719,1377763826,396.0
719,1377763831,393.0
719,1377763836,393.0
719,1377763841,385.0
719,1377763846,382.0
719,1377763851,392.0
719,1377763856,393.0
719,1377763861,393.0
719,1377763866,396.0
719,1377763871,390.0
719,1377763876,391.0
719,1377763881,391.0
719,1377763886,390.0
719,1377763891,393.0
719,1377763896,391.0
719,1377763901,387.0
719,1377763906,383.0
719,1377763911,393.0
719,1377763916,390.0
719,1377763921,390.0
719,1377763927,390.0
719,1377763931,391.0
719,1377763936,396.0
719,1377763941,390.0
719,1377763946,395.0
719,1377763951,391.0
719,1377763956,398.0
719,1377763961,395.0
719,1377763966,391.0
719,1377763971,396.0
719,1377763976,397.0
719,1377763981,390.0
719,1377763986,393.0
719,1377763991,387.0
719,1377763996,390.0
719,1377764001,387.0
719,1377764006,388.0
719,1377764011,388.0
719,1377764016,391.0
719,1377764021,393.0
719,1377764026,395.0
719,1377764031,396.0
719,1377764036,398.0
719,1377764041,396.0
719,1377764046,393.0
719,1377764051,390.0
719,1377764056,396.0
719,1377764061,382.0
719,1377764066,388.0
719,1377764071,390.0
719,1377764076,392.0
719,1377764081,388.0
719,1377764086,393.0
719,1377764091,390.0
719,1377764096,393.0
719,1377764101,390.0
719,1377764106,392.0
719,1377764111,385.0
719,1377764116,383.0
719,1377764121,385.0
719,1377764126,382.0
719,1377764131,383.0
719,1377764136,387.0
719,1377764141,390.0
719,1377764146,387.0
719,1377764151,387.0
719,1377764156,387.0
719,1377764161,390.0
719,1377764166,392.0
719,1377764171,392.0
719,1377764176,396.0
719,1377764181,393.0
719,1377764186,395.0
719,1377764191,395.0
719,1377764196,393.0
719,1377764201,398.0
719,1377764206,391.0
719,1377764211,391.0
719,1377764216,392.0
719,1377764221,393.0
719,1377764226,396.0
719,1377764231,393.0
719,1377764236,391.0
719,1377764241,390.0
719,1377764246,383.0
719,1377764251,392.0
719,1377764256,387.0
719,1377764261,396.0
719,1377764266,388.0
719,1377764271,390.0
719,1377764276,391.0
719,1377764281,398.0
719,1377764286,397.0
719,1377764291,391.0
719,1377764296,389.0
719,1377764301,382.0
719,1377764306,382.0
719,1377764311,382.0
719,1377764316,383.0
719,1377764321,385.0
719,1377764326,385.0
719,1377764331,382.0
719,1377764336,390.0
719,1377764341,385.0
719,1377764346,391.0
719,1377764351,390.0
719,1377764356,390.0
719,1377764361,391.0
719,1377764366,387.0
719,1377764371,388.0
719,1377764376,382.0
719,1377764381,382.0
719,1377764386,384.0
719,1377764391,382.0
719,1377764396,385.0
719,1377764401,383.0
719,1377764406,387.0
719,1377764411,392.0
719,1377764416,392.0
719,1377764421,390.0
719,1377764426,395.0
719,1377764431,404.0
719,1377764436,407.0
719,1377764441,412.0
719,1377764446,406.0
719,1377764451,403.0
719,1377764456,395.0
719,1377764461,391.0
719,1377764466,385.0
719,1377764471,385.0
719,1377764476,384.0
719,1377764481,383.0
719,1377764486,383.0
719,1377764491,390.0
719,1377764496,390.0
719,1377764501,392.0
719,1377764506,396.0
719,1377764511,393.0
719,1377764516,390.0
719,1377764521,382.0
719,1377764526,388.0
719,1377764531,382.0
719,1377764536,387.0
719,1377764541,398.0
719,1377764546,403.0
719,1377764551,397.0
719,1377764556,400.0
719,1377764561,395.0
719,1377764566,391.0
719,1377764571,396.0
719,1377764576,391.0
719,1377764581,396.0
719,1377764586,393.0
719,1377764591,383.0
719,1377764596,383.0
719,1377764601,384.0
719,1377764606,383.0
719,1377764611,392.0
719,1377764616,395.0
719,1377764621,395.0
719,1377764626,396.0
719,1377764631,395.0
719,1377764636,395.0
719,1377764641,390.0
719,1377764646,392.0
719,1377764651,383.0
719,1377764656,392.0
719,1377764661,391.0
719,1377764666,393.0
719,1377764671,396.0
719,1377764676,388.0
719,1377764681,385.0
719,1377764686,380.0
719,1377764691,374.0
719,1377764696,379.0
719,1377764701,382.0
719,1377764706,383.0
719,1377764711,396.0
719,1377764716,387.0
719,1377764721,393.0
719,1377764726,387.0
719,1377764731,390.0
719,1377764736,387.0
719,1377764741,390.0
719,1377764746,393.0
719,1377764751,396.0
719,1377764756,395.0
719,1377764761,395.0
719,1377764766,393.0
719,1377764771,395.0
719,1377764776,391.0
719,1377764781,397.0
719,1377764786,403.0
719,1377764791,401.0
719,1377764796,395.0
719,1377764801,393.0
719,1377764806,393.0
719,1377764811,392.0
719,1377764816,389.0
719,1377764821,382.0
719,1377764826,385.0
719,1377764831,388.0
719,1377764836,393.0
719,1377764841,390.0
719,1377764846,398.0
719,1377764851,392.0
719,1377764856,393.0
719,1377764861,390.0
719,1377764866,390.0
719,1377764871,396.0
719,1377764876,396.0
719,1377764881,393.0
719,1377764886,393.0
719,1377764891,391.0
719,1377764896,396.0
719,1377764901,393.0
719,1377764906,388.0
719,1377764911,385.0
719,1377764916,382.0
719,1377764921,381.0
719,1377764926,384.0
719,1377764931,382.0
719,1377764936,393.0
719,1377764941,391.0
719,1377764946,395.0
719,1377764951,395.0
719,1377764956,392.0
719,1377764961,390.0
719,1377764966,381.0
719,1377764971,375.0
719,1377764976,376.0
719,1377764981,379.0
719,1377764986,385.0
719,1377764991,396.0
719,1377764996,392.0
719,1377765001,388.0
719,1377765006,385.0
719,1377765011,383.0
719,1377765016,385.0
719,1377765021,390.0
719,1377765026,390.0
719,1377765031,391.0
719,1377765036,390.0
719,1377765041,392.0
719,1377765046,392.0
719,1377765051,392.0
719,1377765056,387.0
719,1377765061,385.0
719,1377765066,384.0
719,1377765071,380.0
719,1377765076,380.0
719,1377765081,385.0
719,1377765086,390.0
719,1377765091,393.0
719,1377765096,401.0
719,1377765102,397.0
719,1377765106,401.0
719,1377765111,398.0
719,1377765116,397.0
719,1377765121,392.0
719,1377765126,383.0
719,1377765131,392.0
719,1377765136,392.0
719,1377765141,387.0
719,1377765146,387.0
719,1377765151,396.0
719,1377765156,390.0
719,1377765161,395.0
719,1377765166,392.0
719,1377765171,387.0
719,1377765176,383.0
719,1377765181,387.0
719,1377765186,392.0
719,1377765191,391.0
719,1377765196,393.0
719,1377765201,390.0
719,1377765206,396.0
719,1377765211,391.0
719,1377765216,382.0
719,1377765221,385.0
719,1377765226,392.0
719,1377765231,392.0
719,1377765236,393.0
719,1377765241,396.0
719,1377765246,392.0
719,1377765251,390.0
719,1377765256,383.0
719,1377765261,390.0
719,1377765266,390.0
719,1377765271,388.0
719,1377765276,393.0
719,1377765281,392.0
719,1377765286,396.0
719,1377765291,392.0
719,1377765296,390.0
719,1377765301,396.0
719,1377765306,393.0
719,1377765311,395.0
719,1377765316,398.0
719,1377765321,397.0
719,1377765326,397.0
719,1377765331,393.0
719,1377765336,390.0
719,1377765341,384.0
719,1377765346,390.0
719,1377765351,384.0
719,1377765356,383.0
719,1377765361,385.0
719,1377765366,383.0
719,1377765371,382.0
719,1377765376,380.0
719,1377765381,384.0
719,1377765386,387.0
719,1377765391,383.0
719,1377765396,383.0
719,1377765401,379.0
719,1377765407,384.0
719,1377765411,385.0
719,1377765416,383.0
719,1377765421,385.0
719,1377765426,382.0
719,1377765431,383.0
719,1377765436,384.0
719,1377765441,383.0
719,1377765446,396.0
719,1377765451,397.0
719,1377765456,392.0
719,1377765461,387.0
719,1377765466,384.0
719,1377765471,388.0
719,1377765476,385.0
719,1377765481,383.0
719,1377765486,390.0
719,1377765491,382.0
719,1377765496,379.0
719,1377765501,374.0
719,1377765506,380.0
719,1377765511,375.0
719,1377765516,384.0
719,1377765521,389.0
719,1377765526,393.0
719,1377765531,390.0
719,1377765536,397.0
719,1377765541,393.0
719,1377765546,396.0
719,1377765551,391.0
719,1377765556,393.0
719,1377765561,390.0
719,1377765566,388.0
719,1377765571,387.0
719,1377765576,388.0
719,1377765581,392.0
719,1377765586,396.0
719,1377765591,391.0
719,1377765596,390.0
719,1377765601,389.0
719,1377765606,393.0
719,1377765611,395.0
719,1377765616,398.0
719,1377765621,406.0
719,1377765626,397.0
719,1377765631,395.0
719,1377765636,390.0
719,1377765641,387.0
719,1377765646,392.0
719,1377765651,392.0
719,1377765656,390.0
719,1377765661,396.0
719,1377765666,393.0
719,1377765671,396.0
719,1377765676,390.0
719,1377765681,393.0
719,1377765686,396.0
719,1377765691,390.0
719,1377765696,392.0
719,1377765701,388.0
719,1377765706,388.0
719,1377765711,385.0
719,1377765716,385.0
719,1377765721,387.0
719,1377765726,383.0
719,1377765731,393.0
719,1377765736,391.0
719,1377765741,391.0
719,1377765746,388.0
719,1377765751,384.0
719,1377765756,385.0
719,1377765761,393.0
719,1377765766,390.0
719,1377765771,395.0
719,1377765776,396.0
719,1377765781,393.0
719,1377765786,391.0
719,1377765791,391.0
719,1377765796,392.0
719,1377765801,385.0
719,1377765806,385.0
719,1377765811,375.0
719,1377765816,375.0
719,1377765821,380.0
719,1377765826,382.0
719,1377765831,382.0
719,1377765836,384.0
719,1377765841,380.0
719,1377765846,374.0
719,1377765851,371.0
719,1377765856,379.0
719,1377765861,387.0
719,1377765866,400.0
719,1377765871,401.0
719,1377765876,395.0
719,1377765881,393.0
719,1377765886,388.0
719,1377765891,388.0
719,1377765896,385.0
719,1377765901,385.0
719,1377765906,384.0
719,1377765911,384.0
719,1377765916,382.0
719,1377765921,385.0
719,1377765926,396.0
719,1377765931,393.0
719,1377765936,400.0
719,1377765941,397.0
719,1377765946,397.0
719,1377765951,401.0
719,1377765956,390.0
719,1377765961,398.0
719,1377765966,390.0
719,1377765971,396.0
719,1377765976,393.0
719,1377765981,395.0
719,1377765986,396.0
719,1377765991,395.0
719,1377765996,393.0
719,1377766001,392.0
719,1377766006,392.0
719,1377766011,391.0
719,1377766016,387.0
719,1377766021,390.0
719,1377766026,391.0
719,1377766031,401.0
719,1377766036,395.0
719,1377766041,398.0
719,1377766046,391.0
719,1377766051,396.0
719,1377766056,396.0
719,1377766061,390.0
719,1377766066,393.0
719,1377766071,393.0
719,1377766076,390.0
719,1377766081,391.0
719,1377766086,393.0
719,1377766091,391.0
719,1377766096,390.0
719,1377766101,392.0
719,1377766106,390.0
719,1377766111,387.0
719,1377766116,390.0
719,1377766121,387.0
719,1377766126,387.0
719,1377766131,387.0
719,1377766136,390.0
719,1377766141,393.0
719,1377766146,391.0
719,1377766151,383.0
719,1377766156,388.0
719,1377766161,381.0
719,1377766166,384.0
719,1377766172,384.0
719,1377766176,379.0
719,1377766181,382.0
719,1377766186,383.0
719,1377766191,390.0
719,1377766196,396.0
719,1377766201,395.0
719,1377766206,392.0
719,1377766211,388.0
719,1377766216,385.0
719,1377766221,385.0
719,1377766226,382.0
719,1377766231,385.0
719,1377766236,387.0
719,1377766241,392.0
719,1377766246,393.0
719,1377766251,391.0
719,1377766256,401.0
719,1377766261,404.0
719,1377766266,403.0
719,1377766271,397.0
719,1377766276,391.0
719,1377766281,393.0
719,1377766286,393.0
719,1377766291,388.0
719,1377766296,383.0
719,1377766301,384.0
719,1377766306,380.0
719,1377766311,382.0
719,1377766316,383.0
719,1377766321,393.0
719,1377766326,404.0
719,1377766331,397.0
719,1377766336,397.0
719,1377766341,395.0
719,1377766346,395.0
719,1377766351,398.0
719,1377766356,398.0
719,1377766361,395.0
719,1377766366,403.0
719,1377766371,397.0
719,1377766376,395.0
719,1377766381,390.0
719,1377766386,393.0
719,1377766391,388.0
719,1377766396,388.0
719,1377766401,383.0
719,1377766406,396.0
719,1377766411,393.0
719,1377766416,393.0
719,1377766421,392.0
719,1377766426,392.0
719,1377766431,392.0
719,1377766436,390.0
719,1377766441,393.0
719,1377766446,396.0
719,1377766451,397.0
719,1377766456,393.0
719,1377766461,390.0
719,1377766466,390.0
719,1377766471,393.0
719,1377766476,396.0
719,1377766481,393.0
719,1377766486,390.0
719,1377766491,390.0
719,1377766496,383.0
719,1377766501,381.0
719,1377766506,382.0
719,1377766511,385.0
719,1377766516,382.0
719,1377766521,392.0
719,1377766526,391.0
719,1377766531,396.0
719,1377766536,398.0
719,1377766541,393.0
719,1377766546,393.0
719,1377766551,383.0
719,1377766556,388.0
719,1377766561,380.0
719,1377766566,380.0
719,1377766571,380.0
719,1377766576,382.0
719,1377766581,382.0
719,1377766586,392.0
719,1377766591,390.0
719,1377766596,390.0
719,1377766601,379.0
719,1377766606,377.0
719,1377766611,375.0
719,1377766616,384.0
719,1377766621,388.0
719,1377766626,391.0
719,1377766632,391.0
719,1377766636,390.0
719,1377766641,393.0
719,1377766646,395.0
719,1377766651,395.0
719,1377766656,396.0
719,1377766661,393.0
719,1377766666,387.0
719,1377766671,392.0
719,1377766676,392.0
719,1377766681,387.0
719,1377766686,388.0
719,1377766691,385.0
719,1377766696,382.0
719,1377766701,385.0
719,1377766706,384.0
719,1377766711,388.0
719,1377766716,382.0
719,1377766721,385.0
719,1377766726,387.0
719,1377766731,392.0
719,1377766736,393.0
719,1377766741,398.0
719,1377766746,390.0
719,1377766751,385.0
719,1377766756,382.0
719,1377766761,375.0
719,1377766766,375.0
719,1377766771,385.0
719,1377766776,382.0
719,1377766781,390.0
719,1377766786,393.0
719,1377766791,393.0
719,1377766796,387.0
719,1377766801,390.0
719,1377766806,387.0
719,1377766811,385.0
719,1377766816,382.0
719,1377766821,379.0
719,1377766826,385.0
719,1377766831,388.0
719,1377766836,392.0
719,1377766841,390.0
719,1377766846,387.0
719,1377766851,390.0
719,1377766856,390.0
719,1377766861,391.0
719,1377766866,396.0
719,1377766871,390.0
719,1377766876,396.0
719,1377766881,391.0
719,1377766886,390.0
719,1377766891,396.0
719,1377766896,390.0
719,1377766901,391.0
719,1377766906,393.0
719,1377766911,388.0
719,1377766916,393.0
719,1377766922,393.0
719,1377766926,395.0
719,1377766931,398.0
719,1377766936,395.0
719,1377766941,391.0
719,1377766946,390.0
719,1377766951,394.0
719,1377766956,390.0
719,1377766961,390.0
719,1377766966,392.0
719,1377766971,390.0
719,1377766976,392.0
719,1377766981,391.0
719,1377766986,390.0
719,1377766991,398.0
719,1377766996,391.0
719,1377767001,393.0
719,1377767006,391.0
719,1377767011,396.0
719,1377767016,392.0
719,1377767021,388.0
719,1377767026,383.0
719,1377767031,388.0
719,1377767036,385.0
719,1377767041,382.0
719,1377767046,382.0
719,1377767051,382.0
719,1377767056,392.0
719,1377767061,388.0
719,1377767066,390.0
719,1377767071,391.0
719,1377767076,396.0
719,1377767081,403.0
719,1377767086,412.0
719,1377767091,397.0
719,1377767096,395.0
719,1377767101,388.0
719,1377767106,385.0
719,1377767111,379.0
719,1377767116,384.0
719,1377767121,382.0
719,1377767126,385.0
719,1377767131,392.0
719,1377767136,392.0
719,1377767141,390.0
719,1377767146,388.0
719,1377767151,396.0
719,1377767156,396.0
719,1377767161,393.0
719,1377767166,396.0
719,1377767171,390.0
719,1377767176,391.0
719,1377767181,390.0
719,1377767186,385.0
719,1377767191,388.0
719,1377767196,383.0
719,1377767201,388.0
719,1377767206,387.0
719,1377767211,388.0
719,1377767216,393.0
719,1377767221,400.0
719,1377767226,395.0
719,1377767231,396.0
719,1377767236,388.0
719,1377767241,387.0
719,1377767246,382.0
719,1377767251,387.0
719,1377767256,384.0
719,1377767261,382.0
719,1377767266,384.0
719,1377767271,375.0
719,1377767276,385.0
719,1377767281,388.0
719,1377767286,388.0
719,1377767291,392.0
719,1377767296,392.0
719,1377767301,393.0
719,1377767306,383.0
719,1377767311,389.0
719,1377767316,392.0
719,1377767321,396.0
719,1377767326,390.0
719,1377767331,391.0
719,1377767336,391.0
719,1377767341,388.0
719,1377767346,392.0
719,1377767351,387.0
719,1377767356,391.0
719,1377767361,397.0
719,1377767366,391.0
719,1377767371,390.0
719,1377767376,400.0
719,1377767381,392.0
719,1377767386,392.0
719,1377767391,388.0
719,1377767396,385.0
719,1377767401,388.0
719,1377767406,385.0
719,1377767411,385.0
719,1377767416,384.0
719,1377767421,382.0
719,1377767426,382.0
719,1377767431,382.0
719,1377767436,385.0
719,1377767441,392.0
719,1377767446,390.0
719,1377767451,385.0
719,1377767456,382.0
719,1377767461,385.0
719,1377767466,382.0
719,1377767471,388.0
719,1377767476,383.0
719,1377767481,387.0
719,1377767486,390.0
719,1377767491,387.0
719,1377767496,385.0
719,1377767501,383.0
719,1377767506,384.0
719,1377767511,382.0
719,1377767516,385.0
719,1377767521,382.0
719,1377767526,380.0
719,1377767531,374.0
719,1377767536,380.0
719,1377767541,375.0
719,1377767546,375.0
719,1377767551,381.0
719,1377767556,383.0
719,1377767561,385.0
719,1377767566,387.0
719,1377767571,382.0
719,1377767576,382.0
719,1377767581,387.0
719,1377767586,393.0
719,1377767591,383.0
719,1377767596,384.0
719,1377767601,374.0
719,1377767606,367.0
719,1377767611,377.0
719,1377767616,379.0
719,1377767621,380.0
719,1377767626,385.0
719,1377767631,382.0
719,1377767636,381.0
719,1377767641,383.0
719,1377767646,387.0
719,1377767651,392.0
719,1377767656,387.0
719,1377767661,382.0
719,1377767666,383.0
719,1377767671,392.0
719,1377767676,387.0
719,1377767682,392.0
719,1377767686,390.0
719,1377767691,383.0
719,1377767696,388.0
719,1377767701,390.0
719,1377767706,382.0
719,1377767711,385.0
719,1377767716,382.0
719,1377767721,385.0
719,1377767726,382.0
719,1377767731,388.0
719,1377767736,379.0
719,1377767741,382.0
719,1377767746,382.0
719,1377767751,392.0
719,1377767756,388.0
719,1377767761,393.0
719,1377767766,396.0
719,1377767771,390.0
719,1377767776,387.0
719,1377767781,391.0
719,1377767786,392.0
719,1377767791,390.0
719,1377767796,392.0
719,1377767801,388.0
719,1377767806,387.0
719,1377767811,384.0
719,1377767816,383.0
719,1377767821,387.0
719,1377767826,387.0
719,1377767831,393.0
719,1377767836,397.0
719,1377767841,395.0
719,1377767846,404.0
719,1377767851,393.0
719,1377767856,395.0
719,1377767861,390.0
719,1377767866,397.0
719,1377767871,391.0
719,1377767876,391.0
719,1377767881,382.0
719,1377767886,387.0
719,1377767891,385.0
719,1377767896,388.0
719,1377767901,384.0
719,1377767906,387.0
719,1377767911,388.0
719,1377767916,388.0
719,1377767921,385.0
719,1377767926,379.0
719,1377767931,382.0
719,1377767936,385.0
719,1377767941,388.0
719,1377767946,388.0
719,1377767951,385.0
719,1377767956,382.0
719,1377767961,382.0
719,1377767966,385.0
719,1377767971,387.0
719,1377767976,383.0
719,1377767981,387.0
719,1377767986,384.0
719,1377767991,388.0
719,1377767996,382.0
719,1377768001,383.0
719,1377768006,382.0
719,1377768011,383.0
719,1377768016,385.0
719,1377768021,388.0
719,1377768026,382.0
719,1377768031,385.0
719,1377768036,387.0
719,1377768041,389.0
719,1377768046,392.0
719,1377768051,396.0
719,1377768056,392.0
719,1377768061,392.0
719,1377768066,392.0
719,1377768071,392.0
719,1377768076,392.0
719,1377768081,392.0
719,1377768086,396.0
719,1377768091,383.0
719,1377768096,387.0
719,1377768101,382.0
719,1377768106,386.0
719,1377768111,388.0
719,1377768116,392.0
719,1377768121,396.0
719,1377768126,392.0
719,1377768131,382.0
719,1377768136,382.0
719,1377768141,388.0
719,1377768146,380.0
719,1377768151,382.0
719,1377768156,385.0
719,1377768161,388.0
719,1377768166,387.0
719,1377768171,392.0
719,1377768176,393.0
719,1377768181,396.0
719,1377768186,393.0
719,1377768191,392.0
719,1377768196,390.0
719,1377768201,392.0
719,1377768206,390.0
719,1377768211,396.0
719,1377768216,397.0
719,1377768221,398.0
719,1377768226,401.0
719,1377768231,395.0
719,1377768236,395.0
719,1377768241,395.0
719,1377768246,396.0
719,1377768251,399.0
719,1377768256,396.0
719,1377768261,393.0
719,1377768266,390.0
719,1377768271,390.0
719,1377768276,390.0
719,1377768281,390.0
719,1377768286,392.0
719,1377768291,392.0
719,1377768296,387.0
719,1377768301,387.0
719,1377768306,387.0
719,1377768311,396.0
719,1377768316,390.0
719,1377768321,390.0
719,1377768326,392.0
719,1377768331,389.0
719,1377768336,387.0
719,1377768341,387.0
719,1377768346,396.0
719,1377768351,391.0
719,1377768356,393.0
719,1377768361,383.0
719,1377768366,392.0
719,1377768371,387.0
719,1377768376,390.0
719,1377768381,390.0
719,1377768386,395.0
719,1377768391,398.0
719,1377768396,397.0
719,1377768401,395.0
719,1377768406,390.0
719,1377768411,382.0
719,1377768416,382.0
719,1377768421,388.0
719,1377768426,381.0
719,1377768432,385.0
719,1377768436,388.0
719,1377768441,392.0
719,1377768446,390.0
719,1377768451,390.0
719,1377768456,385.0
719,1377768461,383.0
719,1377768466,379.0
719,1377768471,383.0
719,1377768476,382.0
719,1377768481,382.0
719,1377768486,391.0
719,1377768491,391.0
719,1377768496,390.0
719,1377768501,396.0
719,1377768506,383.0
719,1377768511,390.0
719,1377768516,392.0
719,1377768521,390.0
719,1377768526,387.0
719,1377768531,388.0
719,1377768536,388.0
719,1377768541,388.0
719,1377768546,387.0
719,1377768551,388.0
719,1377768556,383.0
719,1377768561,385.0
719,1377768566,384.0
719,1377768571,384.0
719,1377768576,385.0
719,1377768582,388.0
719,1377768586,390.0
719,1377768591,391.0
719,1377768596,393.0
719,1377768601,392.0
719,1377768606,390.0
719,1377768611,393.0
719,1377768616,391.0
719,1377768621,400.0
719,1377768626,402.0
719,1377768631,395.0
719,1377768636,391.0
719,1377768641,385.0
719,1377768646,375.0
719,1377768651,377.0
719,1377768656,380.0
719,1377768661,381.0
719,1377768666,379.0
719,1377768671,381.0
719,1377768676,381.0
719,1377768681,383.0
719,1377768686,392.0
719,1377768691,396.0
719,1377768696,397.0
719,1377768701,398.0
719,1377768706,398.0
719,1377768711,391.0
719,1377768716,388.0
719,1377768721,387.0
719,1377768726,382.0
719,1377768731,383.0
719,1377768736,382.0
719,1377768741,387.0
719,1377768746,387.0
719,1377768751,393.0
719,1377768756,390.0
719,1377768761,392.0
719,1377768766,387.0
719,1377768771,389.0
719,1377768776,390.0
719,1377768781,390.0
719,1377768786,390.0
719,1377768791,391.0
719,1377768796,388.0
719,1377768801,387.0
719,1377768806,385.0
719,1377768811,390.0
719,1377768816,393.0
719,1377768821,390.0
719,1377768826,393.0
719,1377768831,393.0
719,1377768836,395.0
719,1377768841,393.0
719,1377768846,393.0
719,1377768851,393.0
719,1377768856,391.0
719,1377768861,393.0
719,1377768866,396.0
719,1377768871,396.0
719,1377768876,396.0
719,1377768881,392.0
719,1377768886,383.0
719,1377768891,385.0
719,1377768896,385.0
719,1377768901,382.0
719,1377768906,387.0
719,1377768911,390.0
719,1377768916,397.0
719,1377768921,401.0
719,1377768926,402.0
719,1377768931,401.0
719,1377768936,396.0
719,1377768941,396.0
719,1377768946,392.0
719,1377768951,393.0
719,1377768956,396.0
719,1377768961,401.0
719,1377768966,391.0
719,1377768971,393.0
719,1377768976,390.0
719,1377768981,393.0
719,1377768986,388.0
719,1377768991,390.0
719,1377768996,385.0
719,1377769001,392.0
719,1377769006,388.0
719,1377769011,385.0
719,1377769016,383.0
719,1377769021,388.0
719,1377769026,390.0
719,1377769031,388.0
719,1377769036,387.0
719,1377769041,396.0
719,1377769046,396.0
719,1377769051,390.0
719,1377769056,390.0
719,1377769061,393.0
719,1377769066,390.0
719,1377769071,391.0
719,1377769076,387.0
719,1377769081,390.0
719,1377769086,398.0
719,1377769091,396.0
719,1377769096,396.0
719,1377769101,382.0
719,1377769106,388.0
719,1377769111,385.0
719,1377769116,392.0
719,1377769121,390.0
719,1377769126,387.0
719,1377769131,392.0
719,1377769136,396.0
719,1377769141,391.0
719,1377769146,391.0
719,1377769151,397.0
719,1377769156,395.0
719,1377769161,391.0
719,1377769166,393.0
719,1377769171,391.0
719,1377769176,398.0
719,1377769181,396.0
719,1377769186,396.0
719,1377769191,395.0
719,1377769196,393.0
719,1377769201,383.0
719,1377769206,385.0
719,1377769211,385.0
719,1377769216,385.0
719,1377769221,396.0
719,1377769226,393.0
719,1377769231,396.0
719,1377769236,387.0
719,1377769241,392.0
719,1377769246,382.0
719,1377769251,393.0
719,1377769256,393.0
719,1377769261,393.0
719,1377769266,395.0
719,1377769271,396.0
719,1377769276,398.0
719,1377769281,398.0
719,1377769286,395.0
719,1377769291,393.0
719,1377769296,392.0
719,1377769301,382.0
719,1377769306,383.0
719,1377769311,382.0
719,1377769316,382.0
719,1377769321,384.0
719,1377769326,384.0
719,1377769331,382.0
719,1377769336,396.0
719,1377769341,393.0
719,1377769346,397.0
719,1377769351,400.0
719,1377769356,395.0
719,1377769361,396.0
719,1377769366,396.0
719,1377769371,396.0
719,1377769376,393.0
719,1377769381,395.0
719,1377769386,401.0
719,1377769391,400.0
719,1377769396,396.0
719,1377769401,400.0
719,1377769406,398.0
719,1377769411,397.0
719,1377769416,395.0
719,1377769421,395.0
719,1377769426,392.0
719,1377769431,390.0
719,1377769436,390.0
719,1377769441,390.0
719,1377769446,393.0
719,1377769451,392.0
719,1377769456,387.0
719,1377769461,383.0
719,1377769466,375.0
719,1377769471,375.0
719,1377769476,382.0
719,1377769481,387.0
719,1377769486,385.0
719,1377769491,382.0
719,1377769496,385.0
719,1377769501,382.0
719,1377769506,385.0
719,1377769511,398.0
719,1377769516,390.0
719,1377769521,387.0
719,1377769526,390.0
719,1377769531,392.0
719,1377769536,390.0
719,1377769541,392.0
719,1377769546,388.0
719,1377769551,385.0
719,1377769556,382.0
719,1377769561,382.0
719,1377769566,374.0
719,1377769571,382.0
719,1377769576,387.0
719,1377769581,393.0
719,1377769586,396.0
719,1377769591,397.0
719,1377769596,402.0
719,1377769601,401.0
719,1377769606,401.0
719,1377769611,396.0
719,1377769616,391.0
719,1377769621,388.0
719,1377769626,388.0
719,1377769631,382.0
719,1377769636,387.0
719,1377769641,383.0
719,1377769646,392.0
719,1377769651,393.0
719,1377769656,391.0
719,1377769661,395.0
719,1377769666,396.0
719,1377769671,387.0
719,1377769676,396.0
719,1377769681,396.0
719,1377769686,396.0
719,1377769691,392.0
719,1377769696,382.0
719,1377769701,374.0
719,1377769706,374.0
719,1377769711,372.0
719,1377769716,371.0
719,1377769721,380.0
719,1377769726,382.0
719,1377769731,382.0
719,1377769736,385.0
719,1377769741,382.0
719,1377769746,382.0
719,1377769751,385.0
719,1377769756,382.0
719,1377769761,375.0
719,1377769766,375.0
719,1377769771,380.0
719,1377769776,385.0
719,1377769781,388.0
719,1377769786,396.0
719,1377769791,398.0
719,1377769796,397.0
719,1377769801,396.0
719,1377769806,393.0
719,1377769811,392.0
719,1377769816,388.0
719,1377769821,388.0
719,1377769826,392.0
719,1377769831,393.0
719,1377769836,391.0
719,1377769841,390.0
719,1377769846,393.0
719,1377769851,392.0
719,1377769856,390.0
719,1377769861,390.0
719,1377769866,393.0
719,1377769871,385.0
719,1377769876,383.0
719,1377769882,388.0
719,1377769886,396.0
719,1377769891,392.0
719,1377769896,388.0
719,1377769901,387.0
719,1377769906,391.0
719,1377769911,383.0
719,1377769916,392.0
719,1377769921,383.0
719,1377769926,388.0
719,1377769931,388.0
719,1377769936,387.0
719,1377769941,387.0
719,1377769946,390.0
719,1377769951,396.0
719,1377769956,398.0
719,1377769961,396.0
719,1377769966,393.0
719,1377769971,393.0
719,1377769976,387.0
719,1377769981,388.0
719,1377769986,383.0
719,1377769991,384.0
719,1377769996,382.0
719,1377770001,387.0
719,1377770006,392.0
719,1377770011,396.0
719,1377770016,393.0
719,1377770021,396.0
719,1377770026,396.0
719,1377770031,387.0
719,1377770036,392.0
719,1377770041,385.0
719,1377770046,382.0
719,1377770051,388.0
719,1377770056,385.0
719,1377770061,382.0
719,1377770066,388.0
719,1377770071,390.0
719,1377770076,383.0
719,1377770081,387.0
719,1377770086,388.0
719,1377770091,388.0
719,1377770096,392.0
719,1377770101,392.0
719,1377770106,391.0
719,1377770111,396.0
719,1377770116,387.0
719,1377770121,384.0
719,1377770126,387.0
719,1377770131,388.0
719,1377770136,391.0
719,1377770141,391.0
719,1377770146,398.0
719,1377770151,390.0
719,1377770156,392.0
719,1377770161,392.0
719,1377770166,393.0
719,1377770171,391.0
719,1377770176,393.0
719,1377770181,396.0
719,1377770186,392.0
719,1377770191,392.0
719,1377770196,387.0
719,1377770201,390.0
719,1377770206,390.0
719,1377770211,393.0
719,1377770216,391.0
719,1377770221,396.0
719,1377770226,382.0
719,1377770231,380.0
719,1377770236,375.0
719,1377770241,381.0
719,1377770246,385.0
719,1377770251,385.0
719,1377770256,388.0
719,1377770261,391.0
719,1377770266,391.0
719,1377770271,396.0
719,1377770276,397.0
719,1377770281,402.0
719,1377770286,401.0
719,1377770291,398.0
719,1377770296,396.0
719,1377770301,396.0
719,1377770306,390.0
719,1377770311,389.0
719,1377770316,392.0
719,1377770321,382.0
719,1377770326,385.0
719,1377770331,388.0
719,1377770336,383.0
719,1377770341,386.0
719,1377770346,385.0
719,1377770351,382.0
719,1377770356,388.0
719,1377770361,382.0
719,1377770366,396.0
719,1377770371,385.0
719,1377770376,380.0
719,1377770381,385.0
719,1377770386,387.0
719,1377770391,390.0
719,1377770396,393.0
719,1377770401,391.0
719,1377770406,391.0
719,1377770411,393.0
719,1377770416,387.0
719,1377770421,384.0
719,1377770426,382.0
719,1377770431,382.0
719,1377770436,382.0
719,1377770441,382.0
719,1377770446,382.0
719,1377770451,381.0
719,1377770456,379.0
719,1377770461,382.0
719,1377770466,393.0
719,1377770471,391.0
719,1377770476,400.0
719,1377770481,402.0
719,1377770486,402.0
719,1377770491,401.0
719,1377770496,396.0
719,1377770501,395.0
719,1377770506,393.0
719,1377770511,397.0
719,1377770516,390.0
719,1377770521,396.0
719,1377770526,396.0
719,1377770531,391.0
719,1377770536,390.0
719,1377770541,391.0
719,1377770546,396.0
719,1377770551,396.0
719,1377770556,393.0
719,1377770561,401.0
719,1377770566,397.0
719,1377770571,398.0
719,1377770576,398.0
719,1377770581,398.0
719,1377770586,396.0
719,1377770591,395.0
719,1377770596,398.0
719,1377770601,396.0
719,1377770606,391.0
719,1377770611,392.0
719,1377770616,387.0
719,1377770621,379.0
719,1377770626,392.0
719,1377770631,388.0
719,1377770636,393.0
719,1377770641,391.0
719,1377770646,391.0
719,1377770651,390.0
719,1377770656,387.0
719,1377770661,387.0
719,1377770666,392.0
719,1377770671,392.0
719,1377770676,387.0
719,1377770681,387.0
719,1377770686,392.0
719,1377770691,387.0
719,1377770696,390.0
719,1377770701,387.0
719,1377770706,387.0
719,1377770711,396.0
719,1377770716,387.0
719,1377770721,388.0
719,1377770726,385.0
719,1377770731,387.0
719,1377770736,382.0
719,1377770741,381.0
719,1377770746,379.0
719,1377770751,382.0
719,1377770756,382.0
719,1377770761,385.0
719,1377770766,382.0
719,1377770771,382.0
719,1377770776,385.0
719,1377770781,384.0
719,1377770786,384.0
719,1377770791,385.0
719,1377770796,385.0
719,1377770801,392.0
719,1377770806,387.0
719,1377770811,391.0
719,1377770816,391.0
719,1377770821,391.0
719,1377770826,392.0
719,1377770831,387.0
719,1377770836,388.0
719,1377770841,390.0
719,1377770846,393.0
719,1377770851,396.0
719,1377770856,395.0
719,1377770861,396.0
719,1377770866,397.0
719,1377770871,391.0
719,1377770876,395.0
719,1377770881,393.0
719,1377770886,396.0
719,1377770891,392.0
719,1377770896,388.0
719,1377770901,387.0
719,1377770906,388.0
719,1377770911,390.0
719,1377770916,393.0
719,1377770921,382.0
719,1377770926,387.0
719,1377770931,388.0
719,1377770936,385.0
719,1377770941,382.0
719,1377770946,391.0
719,1377770951,393.0
719,1377770956,393.0
719,1377770961,388.0
719,1377770966,384.0
719,1377770971,384.0
719,1377770976,384.0
719,1377770981,384.0
719,1377770986,396.0
719,1377770991,396.0
719,1377770996,390.0
719,1377771001,390.0
719,1377771006,387.0
719,1377771011,393.0
719,1377771016,393.0
719,1377771021,390.0
719,1377771026,385.0
719,1377771031,381.0
719,1377771036,381.0
719,1377771041,382.0
719,1377771046,379.0
719,1377771051,390.0
719,1377771056,382.0
719,1377771061,387.0
719,1377771066,396.0
719,1377771071,392.0
719,1377771076,390.0
719,1377771081,385.0
719,1377771086,384.0
719,1377771091,385.0
719,1377771096,392.0
719,1377771101,391.0
719,1377771106,393.0
719,1377771111,390.0
719,1377771116,387.0
719,1377771121,382.0
719,1377771126,382.0
719,1377771131,385.0
719,1377771136,388.0
719,1377771141,387.0
719,1377771146,392.0
719,1377771151,390.0
719,1377771156,393.0
719,1377771161,392.0
719,1377771166,387.0
719,1377771171,380.0
719,1377771176,379.0
719,1377771181,380.0
719,1377771186,377.0
719,1377771191,384.0
719,1377771196,388.0
719,1377771201,385.0
719,1377771206,380.0
719,1377771211,379.0
719,1377771216,382.0
719,1377771221,385.0
719,1377771226,382.0
719,1377771231,382.0
719,1377771236,382.0
719,1377771241,382.0
719,1377771246,382.0
719,1377771251,388.0
719,1377771256,387.0
719,1377771261,393.0
719,1377771266,383.0
719,1377771271,388.0
719,1377771276,388.0
719,1377771281,388.0
719,1377771286,390.0
719,1377771291,392.0
719,1377771296,391.0
719,1377771301,385.0
719,1377771306,384.0
719,1377771311,387.0
719,1377771316,387.0
719,1377771321,392.0
719,1377771326,388.0
719,1377771331,382.0
719,1377771336,384.0
719,1377771341,384.0
719,1377771346,380.0
719,1377771351,396.0
719,1377771357,393.0
719,1377771361,390.0
719,1377771366,395.0
719,1377771371,391.0
719,1377771376,390.0
719,1377771381,388.0
719,1377771386,389.0
719,1377771391,388.0
719,1377771396,388.0
719,1377771401,385.0
719,1377771406,388.0
719,1377771411,380.0
719,1377771416,381.0
719,1377771421,382.0
719,1377771426,385.0
719,1377771431,383.0
719,1377771436,393.0
719,1377771441,396.0
719,1377771446,390.0
719,1377771451,391.0
719,1377771456,387.0
719,1377771461,388.0
719,1377771466,388.0
719,1377771471,382.0
719,1377771476,387.0
719,1377771481,396.0
719,1377771486,382.0
719,1377771491,382.0
719,1377771496,379.0
719,1377771501,382.0
719,1377771506,382.0
719,1377771511,382.0
719,1377771516,379.0
719,1377771521,379.0
719,1377771526,382.0
719,1377771531,393.0
719,1377771536,396.0
719,1377771541,400.0
719,1377771546,395.0
719,1377771551,396.0
719,1377771556,396.0
719,1377771561,396.0
719,1377771566,387.0
719,1377771571,388.0
719,1377771576,387.0
719,1377771581,388.0
719,1377771586,387.0
719,1377771591,387.0
719,1377771596,391.0
719,1377771601,390.0
719,1377771606,393.0
719,1377771611,392.0
719,1377771616,396.0
719,1377771621,382.0
719,1377771626,390.0
719,1377771631,396.0
719,1377771636,396.0
719,1377771641,389.0
719,1377771646,390.0
719,1377771651,388.0
719,1377771656,387.0
719,1377771661,396.0
719,1377771666,396.0
719,1377771671,397.0
719,1377771676,391.0
719,1377771681,396.0
719,1377771686,387.0
719,1377771691,383.0
719,1377771696,385.0
719,1377771701,382.0
719,1377771706,380.0
719,1377771711,377.0
719,1377771716,380.0
719,1377771721,375.0
719,1377771726,382.0
719,1377771731,385.0
719,1377771736,384.0
719,1377771741,388.0
719,1377771746,385.0
719,1377771751,388.0
719,1377771756,396.0
719,1377771761,397.0
719,1377771766,391.0
719,1377771771,397.0
719,1377771776,391.0
719,1377771781,390.0
719,1377771786,392.0
719,1377771791,396.0
719,1377771796,398.0
719,1377771801,401.0
719,1377771806,400.0
719,1377771811,397.0
719,1377771816,397.0
719,1377771821,396.0
719,1377771826,393.0
719,1377771831,388.0
719,1377771836,375.0
719,1377771841,377.0
719,1377771846,377.0
719,1377771851,387.0
719,1377771856,397.0
719,1377771861,400.0
719,1377771866,402.0
719,1377771871,398.0
719,1377771876,398.0
719,1377771881,393.0
719,1377771886,396.0
719,1377771891,390.0
719,1377771896,393.0
719,1377771901,392.0
719,1377771906,388.0
719,1377771912,382.0
719,1377771916,390.0
719,1377771921,388.0
719,1377771926,388.0
719,1377771931,380.0
719,1377771936,380.0
719,1377771941,375.0
719,1377771946,382.0
719,1377771951,382.0
719,1377771956,388.0
719,1377771961,396.0
719,1377771966,398.0
719,1377771971,398.0
719,1377771976,398.0
719,1377771981,398.0
719,1377771986,392.0
719,1377771991,383.0
719,1377771996,375.0
719,1377772001,385.0
719,1377772006,382.0
719,1377772011,381.0
719,1377772016,381.0
719,1377772021,382.0
719,1377772026,375.0
719,1377772031,379.0
719,1377772036,388.0
719,1377772041,388.0
719,1377772046,391.0
719,1377772051,396.0
719,1377772056,391.0
719,1377772061,391.0
719,1377772066,391.0
719,1377772071,391.0
719,1377772076,396.0
719,1377772081,388.0
719,1377772086,385.0
719,1377772091,382.0
719,1377772096,374.0
719,1377772101,374.0
719,1377772106,379.0
719,1377772111,379.0
719,1377772116,382.0
719,1377772122,385.0
719,1377772126,392.0
719,1377772131,392.0
719,1377772136,396.0
719,1377772141,387.0
719,1377772146,390.0
719,1377772151,387.0
719,1377772156,388.0
719,1377772161,385.0
719,1377772166,387.0
719,1377772171,388.0
719,1377772176,396.0
719,1377772181,391.0
719,1377772186,392.0
719,1377772191,388.0
719,1377772196,385.0
719,1377772201,382.0
719,1377772206,379.0
719,1377772211,381.0
719,1377772216,396.0
719,1377772221,390.0
719,1377772226,390.0
719,1377772231,396.0
719,1377772236,387.0
719,1377772241,387.0
719,1377772246,392.0
719,1377772251,396.0
719,1377772256,392.0
719,1377772261,391.0
719,1377772266,396.0
719,1377772271,395.0
719,1377772276,390.0
719,1377772281,391.0
719,1377772286,395.0
719,1377772291,393.0
719,1377772296,391.0
719,1377772301,401.0
719,1377772306,402.0
719,1377772311,396.0
719,1377772316,387.0
719,1377772321,382.0
719,1377772326,380.0
719,1377772331,388.0
719,1377772336,381.0
719,1377772341,381.0
719,1377772346,382.0
719,1377772351,379.0
719,1377772356,379.0
719,1377772361,377.0
719,1377772366,388.0
719,1377772371,383.0
719,1377772376,390.0
719,1377772381,395.0
719,1377772386,396.0
719,1377772391,393.0
719,1377772396,393.0
719,1377772401,383.0
719,1377772406,383.0
719,1377772411,380.0
719,1377772416,379.0
719,1377772421,385.0
719,1377772426,383.0
719,1377772431,387.0
719,1377772436,392.0
719,1377772441,390.0
719,1377772446,396.0
719,1377772451,393.0
719,1377772456,390.0
719,1377772461,383.0
719,1377772466,392.0
719,1377772471,390.0
719,1377772476,396.0
719,1377772481,396.0
719,1377772486,389.0
719,1377772491,396.0
719,1377772496,392.0
719,1377772501,391.0
719,1377772506,396.0
719,1377772511,397.0
719,1377772516,390.0
719,1377772522,398.0
719,1377772526,399.0
719,1377772531,396.0
719,1377772536,398.0
719,1377772541,396.0
719,1377772546,390.0
719,1377772551,383.0
719,1377772556,388.0
719,1377772561,390.0
719,1377772566,387.0
719,1377772571,382.0
719,1377772576,392.0
719,1377772581,390.0
719,1377772586,396.0
719,1377772591,395.0
719,1377772596,390.0
719,1377772601,390.0
719,1377772606,382.0
719,1377772611,383.0
719,1377772616,396.0
719,1377772621,391.0
719,1377772626,397.0
719,1377772631,391.0
719,1377772636,391.0
719,1377772641,392.0
719,1377772646,391.0
719,1377772651,385.0
719,1377772656,385.0
719,1377772661,385.0
719,1377772666,385.0
719,1377772671,388.0
719,1377772676,385.0
719,1377772681,388.0
719,1377772686,385.0
719,1377772691,387.0
719,1377772696,383.0
719,1377772701,392.0
719,1377772706,396.0
719,1377772711,396.0
719,1377772716,393.0
719,1377772721,387.0
719,1377772726,381.0
719,1377772731,382.0
719,1377772736,375.0
719,1377772741,385.0
719,1377772746,384.0
719,1377772751,383.0
719,1377772756,385.0
719,1377772761,396.0
719,1377772766,385.0
719,1377772771,392.0
719,1377772776,382.0
719,1377772781,385.0
719,1377772786,383.0
719,1377772791,381.0
719,1377772796,385.0
719,1377772801,382.0
719,1377772806,387.0
719,1377772811,387.0
719,1377772816,390.0
719,1377772821,391.0
719,1377772827,392.0
719,1377772831,390.0
719,1377772836,390.0
719,1377772841,393.0
719,1377772846,396.0
719,1377772851,391.0
719,1377772856,391.0
719,1377772861,391.0
719,1377772866,396.0
719,1377772871,387.0
719,1377772876,390.0
719,1377772881,396.0
719,1377772886,390.0
719,1377772891,396.0
719,1377772896,395.0
719,1377772901,395.0
719,1377772906,396.0
719,1377772911,395.0
719,1377772916,393.0
719,1377772921,390.0
719,1377772926,396.0
719,1377772931,396.0
719,1377772936,395.0
719,1377772941,398.0
719,1377772946,390.0
719,1377772951,391.0
719,1377772956,389.0
719,1377772961,388.0
719,1377772966,382.0
719,1377772971,390.0
719,1377772976,390.0
719,1377772981,391.0
719,1377772986,388.0
719,1377772991,385.0
719,1377772996,382.0
719,1377773001,379.0
719,1377773006,376.0
719,1377773011,380.0
719,1377773016,375.0
719,1377773021,381.0
719,1377773026,385.0
719,1377773031,383.0
719,1377773036,387.0
719,1377773041,387.0
719,1377773046,382.0
719,1377773051,384.0
719,1377773056,381.0
719,1377773061,382.0
719,1377773066,385.0
719,1377773071,389.0
719,1377773076,392.0
719,1377773081,392.0
719,1377773086,383.0
719,1377773091,382.0
719,1377773096,382.0
719,1377773101,383.0
719,1377773106,382.0
719,1377773111,385.0
719,1377773116,385.0
719,1377773121,385.0
719,1377773126,387.0
719,1377773131,379.0
719,1377773136,382.0
719,1377773141,382.0
719,1377773146,385.0
719,1377773151,392.0
719,1377773156,391.0
719,1377773161,397.0
719,1377773166,391.0
719,1377773171,393.0
719,1377773176,390.0
719,1377773181,392.0
719,1377773186,393.0
719,1377773191,392.0
719,1377773196,387.0
719,1377773201,387.0
719,1377773206,391.0
719,1377773211,393.0
719,1377773216,393.0
719,1377773221,393.0
719,1377773226,393.0
719,1377773231,391.0
719,1377773236,387.0
719,1377773241,383.0
719,1377773246,388.0
719,1377773251,393.0
719,1377773256,391.0
719,1377773261,391.0
719,1377773266,387.0
719,1377773271,390.0
719,1377773276,390.0
719,1377773281,392.0
719,1377773286,387.0
719,1377773291,390.0
719,1377773296,388.0
719,1377773301,390.0
719,1377773306,393.0
719,1377773311,391.0
719,1377773316,393.0
719,1377773321,385.0
719,1377773326,385.0
719,1377773331,390.0
719,1377773336,388.0
719,1377773341,380.0
719,1377773346,379.0
719,1377773351,385.0
719,1377773356,382.0
719,1377773361,390.0
719,1377773366,396.0
719,1377773371,383.0
719,1377773376,392.0
719,1377773381,384.0
719,1377773386,385.0
719,1377773391,392.0
719,1377773396,396.0
719,1377773401,400.0
719,1377773406,397.0
719,1377773411,395.0
719,1377773416,392.0
719,1377773421,385.0
719,1377773426,382.0
719,1377773431,384.0
719,1377773436,385.0
719,1377773441,390.0
719,1377773446,396.0
719,1377773451,393.0
719,1377773456,390.0
719,1377773461,393.0
719,1377773466,392.0
719,1377773471,392.0
719,1377773476,387.0
719,1377773481,396.0
719,1377773486,382.0
719,1377773491,385.0
719,1377773496,385.0
719,1377773501,385.0
719,1377773506,387.0
719,1377773511,385.0
719,1377773516,382.0
719,1377773521,381.0
719,1377773526,380.0
719,1377773531,382.0
719,1377773536,375.0
719,1377773541,381.0
719,1377773546,381.0
719,1377773551,387.0
719,1377773556,391.0
719,1377773561,393.0
719,1377773566,393.0
719,1377773571,385.0
719,1377773576,385.0
719,1377773581,388.0
719,1377773586,390.0
719,1377773591,396.0
719,1377773596,392.0
719,1377773601,382.0
719,1377773606,385.0
719,1377773611,383.0
719,1377773616,388.0
719,1377773621,384.0
719,1377773626,388.0
719,1377773631,387.0
719,1377773636,393.0
719,1377773641,387.0
719,1377773646,390.0
719,1377773652,390.0
719,1377773656,393.0
719,1377773661,395.0
719,1377773666,396.0
719,1377773671,395.0
719,1377773676,396.0
719,1377773681,391.0
719,1377773686,393.0
719,1377773691,392.0
719,1377773696,390.0
719,1377773701,383.0
719,1377773706,393.0
719,1377773711,387.0
719,1377773716,396.0
719,1377773721,387.0
719,1377773726,381.0
719,1377773731,382.0
719,1377773736,384.0
719,1377773741,382.0
719,1377773746,387.0
719,1377773751,386.0
719,1377773756,383.0
719,1377773761,392.0
719,1377773766,390.0
719,1377773771,396.0
719,1377773776,387.0
719,1377773781,390.0
719,1377773786,387.0
719,1377773791,392.0
719,1377773796,390.0
719,1377773801,392.0
719,1377773806,383.0
719,1377773811,387.0
719,1377773816,382.0
719,1377773821,375.0
719,1377773826,382.0
719,1377773831,379.0
719,1377773836,381.0
719,1377773841,385.0
719,1377773846,384.0
719,1377773851,382.0
719,1377773856,387.0
719,1377773861,385.0
719,1377773866,382.0
719,1377773871,381.0
719,1377773876,385.0
719,1377773881,385.0
719,1377773886,387.0
719,1377773891,396.0
719,1377773896,391.0
719,1377773901,390.0
719,1377773906,390.0
719,1377773911,387.0
719,1377773916,387.0
719,1377773921,383.0
719,1377773926,385.0
719,1377773931,383.0
719,1377773936,388.0
719,1377773941,382.0
719,1377773946,382.0
719,1377773951,381.0
719,1377773956,383.0
719,1377773961,388.0
719,1377773966,384.0
719,1377773971,387.0
719,1377773976,390.0
719,1377773981,388.0
719,1377773986,388.0
719,1377773991,385.0
719,1377773996,384.0
719,1377774001,383.0
719,1377774006,388.0
719,1377774011,383.0
719,1377774016,392.0
719,1377774021,387.0
719,1377774026,385.0
719,1377774031,393.0
719,1377774036,382.0
719,1377774041,392.0
719,1377774046,391.0
719,1377774051,390.0
719,1377774056,390.0
719,1377774061,385.0
719,1377774066,388.0
719,1377774071,396.0
719,1377774076,396.0
719,1377774081,396.0
719,1377774086,395.0
719,1377774091,397.0
719,1377774096,395.0
719,1377774101,396.0
719,1377774106,392.0
719,1377774111,384.0
719,1377774116,384.0
719,1377774121,382.0
719,1377774126,380.0
719,1377774131,380.0
719,1377774136,387.0
719,1377774141,389.0
719,1377774146,396.0
719,1377774151,385.0
719,1377774156,390.0
719,1377774161,393.0
719,1377774166,391.0
719,1377774171,391.0
719,1377774176,393.0
719,1377774181,396.0
719,1377774186,396.0
719,1377774191,390.0
719,1377774196,396.0
719,1377774201,395.0
719,1377774206,390.0
719,1377774211,393.0
719,1377774216,387.0
719,1377774221,384.0
719,1377774226,383.0
719,1377774231,385.0
719,1377774236,383.0
719,1377774241,382.0
719,1377774246,383.0
719,1377774251,385.0
719,1377774256,383.0
719,1377774261,392.0
719,1377774266,388.0
719,1377774271,385.0
719,1377774276,385.0
719,1377774281,387.0
719,1377774286,387.0
719,1377774291,396.0
719,1377774296,396.0
719,1377774301,390.0
719,1377774306,387.0
719,1377774311,388.0
719,1377774316,383.0
719,1377774321,388.0
719,1377774326,382.0
719,1377774331,380.0
719,1377774336,374.0
719,1377774341,384.0
719,1377774346,385.0
719,1377774351,392.0
719,1377774356,393.0
719,1377774361,396.0
719,1377774366,404.0
719,1377774371,393.0
719,1377774376,393.0
719,1377774381,385.0
719,1377774386,383.0
719,1377774391,383.0
719,1377774396,388.0
719,1377774401,392.0
719,1377774406,390.0
719,1377774411,390.0
719,1377774416,388.0
719,1377774421,382.0
719,1377774426,384.0
719,1377774431,382.0
719,1377774436,388.0
719,1377774441,387.0
719,1377774446,385.0
719,1377774451,385.0
719,1377774456,382.0
719,1377774461,381.0
719,1377774466,377.0
719,1377774471,377.0
719,1377774476,380.0
719,1377774481,381.0
719,1377774486,390.0
719,1377774491,395.0
719,1377774496,401.0
719,1377774501,403.0
719,1377774506,400.0
719,1377774511,391.0
719,1377774516,388.0
719,1377774521,390.0
719,1377774526,383.0
719,1377774531,387.0
719,1377774536,391.0
719,1377774541,396.0
719,1377774546,401.0
719,1377774551,400.0
719,1377774556,396.0
719,1377774561,392.0
719,1377774566,390.0
719,1377774571,382.0
719,1377774576,384.0
719,1377774581,381.0
719,1377774586,385.0
719,1377774591,385.0
719,1377774596,390.0
719,1377774601,387.0
719,1377774606,388.0
719,1377774611,382.0
719,1377774616,382.0
719,1377774621,387.0
719,1377774626,383.0
719,1377774631,385.0
719,1377774636,382.0
719,1377774641,385.0
719,1377774646,389.0
719,1377774651,396.0
719,1377774656,395.0
719,1377774661,395.0
719,1377774666,396.0
719,1377774671,382.0
719,1377774676,380.0
719,1377774681,377.0
719,1377774686,374.0
719,1377774691,377.0
719,1377774696,374.0
719,1377774701,382.0
719,1377774706,387.0
719,1377774711,391.0
719,1377774716,396.0
719,1377774721,390.0
719,1377774726,390.0
719,1377774731,388.0
719,1377774736,382.0
719,1377774741,382.0
719,1377774746,384.0
719,1377774751,385.0
719,1377774756,384.0
719,1377774761,385.0
719,1377774766,381.0
719,1377774771,383.0
719,1377774776,385.0
719,1377774781,390.0
719,1377774786,387.0
719,1377774791,387.0
719,1377774796,387.0
719,1377774801,383.0
719,1377774806,385.0
719,1377774811,388.0
719,1377774816,387.0
719,1377774821,388.0
719,1377774826,383.0
719,1377774831,390.0
719,1377774836,393.0
719,1377774841,391.0
719,1377774846,393.0
719,1377774851,392.0
719,1377774856,396.0
719,1377774861,391.0
719,1377774866,395.0
719,1377774871,392.0
719,1377774876,382.0
719,1377774882,383.0
719,1377774886,388.0
719,1377774891,388.0
719,1377774896,392.0
719,1377774901,382.0
719,1377774906,385.0
719,1377774911,388.0
719,1377774916,382.0
719,1377774921,382.0
719,1377774926,383.0
719,1377774931,382.0
719,1377774936,388.0
719,1377774941,385.0
719,1377774946,390.0
719,1377774951,393.0
719,1377774956,396.0
719,1377774961,390.0
719,1377774966,390.0
719,1377774971,391.0
719,1377774976,396.0
719,1377774981,390.0
719,1377774986,396.0
719,1377774991,390.0
719,1377774996,390.0
719,1377775001,393.0
719,1377775006,396.0
719,1377775011,396.0
719,1377775016,391.0
719,1377775021,393.0
719,1377775026,390.0
719,1377775031,396.0
719,1377775036,393.0
719,1377775041,396.0
719,1377775046,388.0
719,1377775051,379.0
719,1377775056,375.0
719,1377775061,382.0
719,1377775066,375.0
719,1377775071,379.0
719,1377775076,382.0
719,1377775081,387.0
719,1377775086,392.0
719,1377775091,391.0
719,1377775096,390.0
719,1377775101,385.0
719,1377775106,384.0
719,1377775111,375.0
719,1377775116,379.0
719,1377775121,380.0
719,1377775126,382.0
719,1377775131,382.0
719,1377775136,382.0
719,1377775141,388.0
719,1377775146,392.0
719,1377775151,392.0
719,1377775156,396.0
719,1377775161,393.0
719,1377775166,396.0
719,1377775171,392.0
719,1377775176,385.0
719,1377775181,383.0
719,1377775186,385.0
719,1377775191,388.0
719,1377775196,388.0
719,1377775201,393.0
719,1377775206,395.0
719,1377775211,398.0
719,1377775216,403.0
719,1377775221,401.0
719,1377775226,387.0
719,1377775231,385.0
719,1377775236,384.0
719,1377775241,381.0
719,1377775246,387.0
719,1377775251,387.0
719,1377775256,390.0
719,1377775261,390.0
719,1377775266,393.0
719,1377775271,396.0
719,1377775276,390.0
719,1377775281,393.0
719,1377775286,396.0
719,1377775291,396.0
719,1377775296,387.0
719,1377775301,385.0
719,1377775306,380.0
719,1377775311,379.0
719,1377775316,382.0
719,1377775321,392.0
719,1377775326,396.0
719,1377775331,393.0
719,1377775336,396.0
719,1377775341,391.0
719,1377775346,388.0
719,1377775351,387.0
719,1377775356,382.0
719,1377775361,384.0
719,1377775366,384.0
719,1377775371,381.0
719,1377775376,385.0
719,1377775381,382.0
719,1377775386,385.0
719,1377775391,382.0
719,1377775396,393.0
719,1377775401,398.0
719,1377775406,403.0
719,1377775411,398.0
719,1377775416,396.0
719,1377775421,393.0
719,1377775426,385.0
719,1377775431,382.0
719,1377775436,382.0
719,1377775441,382.0
719,1377775446,382.0
719,1377775451,392.0
719,1377775456,395.0
719,1377775461,393.0
719,1377775466,393.0
719,1377775471,392.0
719,1377775476,382.0
719,1377775481,379.0
719,1377775486,379.0
719,1377775491,382.0
719,1377775496,383.0
719,1377775501,391.0
719,1377775506,395.0
719,1377775511,400.0
719,1377775516,393.0
719,1377775521,391.0
719,1377775526,393.0
719,1377775531,393.0
719,1377775536,383.0
719,1377775541,382.0
719,1377775546,388.0
719,1377775551,392.0
719,1377775556,396.0
719,1377775561,390.0
719,1377775566,396.0
719,1377775571,396.0
719,1377775576,390.0
719,1377775581,385.0
719,1377775586,387.0
719,1377775591,391.0
719,1377775596,396.0
719,1377775601,396.0
719,1377775606,393.0
719,1377775611,393.0
719,1377775616,391.0
719,1377775621,396.0
719,1377775626,398.0
719,1377775631,396.0
719,1377775636,392.0
719,1377775641,383.0
719,1377775646,383.0
719,1377775651,382.0
719,1377775656,392.0
719,1377775661,392.0
719,1377775666,388.0
719,1377775671,382.0
719,1377775676,379.0
719,1377775681,382.0
719,1377775686,385.0
719,1377775691,393.0
719,1377775696,393.0
719,1377775701,395.0
719,1377775706,396.0
719,1377775711,390.0
719,1377775716,397.0
719,1377775721,398.0
719,1377775726,398.0
719,1377775731,398.0
719,1377775736,390.0
719,1377775741,388.0
719,1377775746,379.0
719,1377775751,379.0
719,1377775756,374.0
719,1377775761,380.0
719,1377775766,375.0
719,1377775771,379.0
719,1377775776,379.0
719,1377775781,383.0
719,1377775786,388.0
719,1377775791,388.0
719,1377775796,389.0
719,1377775801,383.0
719,1377775806,392.0
719,1377775811,390.0
719,1377775816,392.0
719,1377775821,390.0
719,1377775826,391.0
719,1377775831,392.0
719,1377775836,383.0
719,1377775841,382.0
719,1377775846,377.0
719,1377775851,377.0
719,1377775856,377.0
719,1377775861,382.0
719,1377775866,384.0
719,1377775871,392.0
719,1377775876,395.0
719,1377775881,390.0
719,1377775886,390.0
719,1377775891,396.0
719,1377775896,395.0
719,1377775901,396.0
719,1377775906,391.0
719,1377775911,383.0
719,1377775916,382.0
719,1377775921,384.0
719,1377775926,384.0
719,1377775931,388.0
719,1377775936,390.0
719,1377775941,391.0
719,1377775946,397.0
719,1377775951,391.0
719,1377775956,395.0
719,1377775961,392.0
719,1377775966,390.0
719,1377775971,383.0
719,1377775976,383.0
719,1377775981,387.0
719,1377775986,390.0
719,1377775991,390.0
719,1377775996,392.0
719,1377776001,392.0
719,1377776006,390.0
719,1377776011,395.0
719,1377776016,391.0
719,1377776021,397.0
719,1377776026,398.0
719,1377776031,400.0
719,1377776036,396.0
719,1377776041,390.0
719,1377776046,387.0
719,1377776051,383.0
719,1377776056,388.0
719,1377776061,385.0
719,1377776066,387.0
719,1377776071,387.0
719,1377776076,385.0
719,1377776081,387.0
719,1377776086,385.0
719,1377776091,388.0
719,1377776096,390.0
719,1377776101,390.0
719,1377776106,385.0
719,1377776111,385.0
719,1377776116,382.0
719,1377776121,380.0
719,1377776126,374.0
719,1377776131,382.0
719,1377776136,382.0
719,1377776141,388.0
719,1377776146,387.0
719,1377776151,392.0
719,1377776156,390.0
719,1377776161,393.0
719,1377776166,401.0
719,1377776171,396.0
719,1377776176,391.0
719,1377776181,392.0
719,1377776186,388.0
719,1377776191,387.0
719,1377776196,390.0
719,1377776201,388.0
719,1377776206,390.0
719,1377776211,391.0
719,1377776216,387.0
719,1377776221,382.0
719,1377776226,385.0
719,1377776231,387.0
719,1377776236,382.0
719,1377776241,384.0
719,1377776246,383.0
719,1377776251,396.0
719,1377776256,392.0
719,1377776261,387.0
719,1377776266,385.0
719,1377776271,387.0
719,1377776276,383.0
719,1377776281,392.0
719,1377776286,388.0
719,1377776291,393.0
719,1377776296,382.0
719,1377776301,391.0
719,1377776306,393.0
719,1377776311,390.0
719,1377776316,392.0
719,1377776321,392.0
719,1377776326,390.0
719,1377776331,393.0
719,1377776336,390.0
719,1377776341,390.0
719,1377776346,387.0
719,1377776351,385.0
719,1377776356,382.0
719,1377776361,384.0
719,1377776366,382.0
719,1377776371,392.0
719,1377776376,395.0
719,1377776381,396.0
719,1377776386,396.0
719,1377776391,391.0
719,1377776396,397.0
719,1377776401,391.0
719,1377776406,397.0
719,1377776411,393.0
719,1377776416,393.0
719,1377776421,383.0
719,1377776426,385.0
719,1377776431,382.0
719,1377776436,382.0
719,1377776441,382.0
719,1377776446,380.0
719,1377776451,382.0
719,1377776456,382.0
719,1377776461,382.0
719,1377776466,388.0
719,1377776471,387.0
719,1377776476,392.0
719,1377776481,388.0
719,1377776486,390.0
719,1377776491,393.0
719,1377776496,396.0
719,1377776501,395.0
719,1377776506,395.0
719,1377776511,391.0
719,1377776516,396.0
719,1377776521,395.0
719,1377776526,392.0
719,1377776531,393.0
719,1377776536,396.0
719,1377776541,390.0
719,1377776546,382.0
719,1377776551,382.0
719,1377776556,382.0
719,1377776561,388.0
719,1377776566,396.0
719,1377776571,393.0
719,1377776576,391.0
719,1377776581,396.0
719,1377776586,393.0
719,1377776591,393.0
719,1377776596,393.0
719,1377776601,383.0
719,1377776606,383.0
719,1377776611,387.0
719,1377776616,384.0
719,1377776621,388.0
719,1377776626,393.0
719,1377776631,387.0
719,1377776636,391.0
719,1377776641,388.0
719,1377776646,383.0
719,1377776651,392.0
719,1377776656,396.0
719,1377776661,392.0
719,1377776666,392.0
719,1377776671,393.0
719,1377776676,391.0
719,1377776681,393.0
719,1377776686,393.0
719,1377776691,387.0
719,1377776696,388.0
719,1377776701,385.0
719,1377776706,384.0
719,1377776711,384.0
719,1377776716,375.0
719,1377776721,380.0
719,1377776726,383.0
719,1377776731,382.0
719,1377776736,385.0
719,1377776741,388.0
719,1377776746,383.0
719,1377776751,393.0
719,1377776756,382.0
719,1377776761,388.0
719,1377776766,387.0
719,1377776771,387.0
719,1377776776,387.0
719,1377776781,391.0
719,1377776786,388.0
719,1377776791,393.0
719,1377776797,382.0
719,1377776801,385.0
719,1377776806,383.0
719,1377776811,382.0
719,1377776816,382.0
719,1377776821,385.0
719,1377776826,388.0
719,1377776831,388.0
719,1377776836,390.0
719,1377776841,392.0
719,1377776846,392.0
719,1377776851,393.0
719,1377776856,395.0
719,1377776861,393.0
719,1377776866,393.0
719,1377776871,390.0
719,1377776876,391.0
719,1377776881,396.0
719,1377776886,393.0
719,1377776891,396.0
719,1377776896,397.0
719,1377776901,393.0
719,1377776906,393.0
719,1377776911,393.0
719,1377776916,391.0
719,1377776921,392.0
719,1377776926,385.0
719,1377776931,388.0
719,1377776936,382.0
719,1377776941,380.0
719,1377776946,382.0
719,1377776951,384.0
719,1377776956,385.0
719,1377776961,388.0
719,1377776966,385.0
719,1377776971,382.0
719,1377776976,380.0
719,1377776981,377.0
719,1377776986,382.0
719,1377776991,377.0
719,1377776996,383.0
719,1377777001,385.0
719,1377777006,387.0
719,1377777011,392.0
719,1377777016,390.0
719,1377777021,390.0
719,1377777026,392.0
719,1377777031,393.0
719,1377777036,382.0
719,1377777041,387.0
719,1377777046,390.0
719,1377777051,383.0
719,1377777056,387.0
719,1377777061,387.0
719,1377777066,387.0
719,1377777071,387.0
719,1377777076,382.0
719,1377777081,380.0
719,1377777086,374.0
719,1377777091,379.0
719,1377777096,382.0
719,1377777101,385.0
719,1377777106,382.0
719,1377777111,382.0
719,1377777116,382.0
719,1377777121,392.0
719,1377777126,393.0
719,1377777131,398.0
719,1377777136,398.0
719,1377777141,395.0
719,1377777146,398.0
719,1377777151,391.0
719,1377777156,396.0
719,1377777161,388.0
719,1377777166,388.0
719,1377777171,385.0
719,1377777176,385.0
719,1377777181,382.0
719,1377777186,388.0
719,1377777191,387.0
719,1377777196,387.0
719,1377777201,382.0
719,1377777206,382.0
719,1377777211,382.0
719,1377777216,381.0
719,1377777221,379.0
719,1377777226,380.0
719,1377777231,379.0
719,1377777236,382.0
719,1377777241,382.0
719,1377777246,379.0
719,1377777251,382.0
719,1377777256,381.0
719,1377777261,382.0
719,1377777266,382.0
719,1377777271,385.0
719,1377777276,381.0
719,1377777281,382.0
719,1377777286,383.0
719,1377777291,383.0
719,1377777296,387.0
719,1377777301,393.0
719,1377777306,382.0
719,1377777311,382.0
719,1377777316,382.0
719,1377777321,380.0
719,1377777326,379.0
719,1377777331,380.0
719,1377777336,379.0
719,1377777341,388.0
719,1377777346,388.0
719,1377777351,388.0
719,1377777356,382.0
719,1377777361,384.0
719,1377777366,388.0
719,1377777371,382.0
719,1377777376,387.0
719,1377777381,385.0
719,1377777386,392.0
719,1377777391,387.0
719,1377777396,390.0
719,1377777401,392.0
719,1377777406,391.0
719,1377777411,382.0
719,1377777416,392.0
719,1377777421,382.0
719,1377777426,382.0
719,1377777431,375.0
719,1377777436,384.0
719,1377777441,385.0
719,1377777446,387.0
719,1377777451,392.0
719,1377777456,392.0
719,1377777461,392.0
719,1377777466,387.0
719,1377777471,388.0
719,1377777476,385.0
719,1377777481,387.0
719,1377777486,392.0
719,1377777491,392.0
719,1377777496,391.0
719,1377777501,395.0
719,1377777506,391.0
719,1377777511,391.0
719,1377777516,393.0
719,1377777521,393.0
719,1377777526,382.0
719,1377777531,385.0
719,1377777536,382.0
719,1377777541,388.0
719,1377777546,387.0
719,1377777551,389.0
719,1377777556,384.0
719,1377777561,381.0
719,1377777566,382.0
719,1377777571,382.0
719,1377777576,384.0
719,1377777581,385.0
719,1377777586,383.0
719,1377777591,382.0
719,1377777596,388.0
719,1377777601,385.0
719,1377777606,382.0
719,1377777611,391.0
719,1377777616,396.0
719,1377777621,395.0
719,1377777626,397.0
719,1377777631,390.0
719,1377777636,396.0
719,1377777641,393.0
719,1377777646,393.0
719,1377777651,387.0
719,1377777656,396.0
719,1377777661,390.0
719,1377777666,395.0
719,1377777671,396.0
719,1377777676,391.0
719,1377777681,392.0
719,1377777686,388.0
719,1377777691,382.0
719,1377777696,382.0
719,1377777701,382.0
719,1377777706,382.0
719,1377777711,382.0
719,1377777716,382.0
719,1377777721,388.0
719,1377777726,387.0
719,1377777731,388.0
719,1377777736,384.0
719,1377777741,375.0
719,1377777746,375.0
719,1377777751,377.0
719,1377777756,374.0
719,1377777761,379.0
719,1377777766,374.0
719,1377777771,375.0
719,1377777776,379.0
719,1377777781,384.0
719,1377777786,380.0
719,1377777791,382.0
719,1377777796,381.0
719,1377777801,388.0
719,1377777806,392.0
719,1377777811,393.0
719,1377777816,395.0
719,1377777821,396.0
719,1377777826,396.0
719,1377777831,390.0
719,1377777836,387.0
719,1377777841,387.0
719,1377777846,390.0
719,1377777851,396.0
719,1377777856,390.0
719,1377777861,387.0
719,1377777866,383.0
719,1377777871,380.0
719,1377777876,381.0
719,1377777881,375.0
719,1377777886,379.0
719,1377777891,377.0
719,1377777896,375.0
719,1377777901,380.0
719,1377777906,385.0
719,1377777911,388.0
719,1377777916,382.0
719,1377777921,385.0
719,1377777926,385.0
719,1377777931,379.0
719,1377777936,375.0
719,1377777941,381.0
719,1377777946,384.0
719,1377777951,385.0
719,1377777956,384.0
719,1377777961,382.0
719,1377777966,382.0
719,1377777971,383.0
719,1377777976,388.0
719,1377777981,382.0
719,1377777986,390.0
719,1377777991,392.0
719,1377777996,385.0
719,1377778001,382.0
719,1377778006,375.0
719,1377778011,382.0
719,1377778016,380.0
719,1377778021,374.0
719,1377778026,384.0
719,1377778031,382.0
719,1377778036,385.0
719,1377778041,383.0
719,1377778046,387.0
719,1377778051,383.0
719,1377778056,385.0
719,1377778061,382.0
719,1377778066,382.0
719,1377778071,382.0
719,1377778076,385.0
719,1377778081,387.0
719,1377778086,393.0
719,1377778091,395.0
719,1377778096,401.0
719,1377778101,398.0
719,1377778106,397.0
719,1377778111,398.0
719,1377778116,395.0
719,1377778121,393.0
719,1377778126,390.0
719,1377778131,392.0
719,1377778136,391.0
719,1377778141,392.0
719,1377778146,391.0
719,1377778151,391.0
719,1377778156,393.0
719,1377778161,392.0
719,1377778166,383.0
719,1377778171,387.0
719,1377778176,385.0
719,1377778182,384.0
719,1377778186,380.0
719,1377778191,380.0
719,1377778196,374.0
719,1377778201,381.0
719,1377778206,382.0
719,1377778211,385.0
719,1377778216,387.0
719,1377778221,388.0
719,1377778226,390.0
719,1377778231,396.0
719,1377778236,396.0
719,1377778241,395.0
719,1377778246,392.0
719,1377778251,389.0
719,1377778256,384.0
719,1377778261,385.0
719,1377778266,385.0
719,1377778271,383.0
719,1377778276,382.0
719,1377778281,382.0
719,1377778286,382.0
719,1377778292,381.0
719,1377778296,383.0
719,1377778301,385.0
719,1377778306,382.0
719,1377778311,382.0
719,1377778316,391.0
719,1377778321,390.0
719,1377778326,390.0
719,1377778331,398.0
719,1377778336,398.0
719,1377778341,398.0
719,1377778346,395.0
719,1377778351,391.0
719,1377778356,393.0
719,1377778361,387.0
719,1377778366,387.0
719,1377778371,382.0
719,1377778376,388.0
719,1377778381,391.0
719,1377778386,393.0
719,1377778391,393.0
719,1377778396,390.0
719,1377778401,388.0
719,1377778406,382.0
719,1377778411,381.0
719,1377778416,392.0
719,1377778421,393.0
719,1377778426,397.0
719,1377778431,390.0
719,1377778436,387.0
719,1377778441,385.0
719,1377778446,385.0
719,1377778451,388.0
719,1377778456,390.0
719,1377778461,390.0
719,1377778466,396.0
719,1377778471,390.0
719,1377778476,390.0
719,1377778481,387.0
719,1377778486,391.0
719,1377778491,398.0
719,1377778496,404.0
719,1377778501,403.0
719,1377778506,391.0
719,1377778511,392.0
719,1377778516,392.0
719,1377778521,383.0
719,1377778526,387.0
719,1377778531,393.0
719,1377778536,391.0
719,1377778541,397.0
719,1377778546,398.0
719,1377778551,398.0
719,1377778556,398.0
719,1377778561,397.0
719,1377778566,396.0
719,1377778571,387.0
719,1377778576,382.0
719,1377778581,384.0
719,1377778586,385.0
719,1377778591,387.0
719,1377778596,385.0
719,1377778601,387.0
719,1377778606,390.0
719,1377778611,393.0
719,1377778616,391.0
719,1377778621,397.0
719,1377778626,391.0
719,1377778631,390.0
719,1377778636,391.0
719,1377778641,396.0
719,1377778646,395.0
719,1377778651,392.0
719,1377778656,388.0
719,1377778661,381.0
719,1377778666,382.0
719,1377778671,385.0
719,1377778676,387.0
719,1377778681,393.0
719,1377778686,395.0
719,1377778691,393.0
719,1377778696,392.0
719,1377778701,382.0
719,1377778706,388.0
719,1377778711,387.0
719,1377778716,388.0
719,1377778721,385.0
719,1377778726,383.0
719,1377778731,392.0
719,1377778736,396.0
719,1377778741,393.0
719,1377778746,390.0
719,1377778751,393.0
719,1377778756,392.0
719,1377778761,393.0
719,1377778766,388.0
719,1377778771,390.0
719,1377778776,393.0
719,1377778781,390.0
719,1377778786,387.0
719,1377778791,385.0
719,1377778796,388.0
719,1377778801,392.0
719,1377778806,387.0
719,1377778811,384.0
719,1377778816,388.0
719,1377778821,384.0
719,1377778826,385.0
719,1377778831,385.0
719,1377778836,382.0
719,1377778841,382.0
719,1377778846,382.0
719,1377778851,386.0
719,1377778856,382.0
719,1377778861,382.0
719,1377778866,385.0
719,1377778871,384.0
719,1377778876,382.0
719,1377778881,383.0
719,1377778886,387.0
719,1377778891,392.0
719,1377778896,396.0
719,1377778901,392.0
719,1377778906,391.0
719,1377778911,396.0
719,1377778916,391.0
719,1377778921,383.0
719,1377778926,383.0
719,1377778931,380.0
719,1377778936,380.0
719,1377778941,384.0
719,1377778946,382.0
719,1377778951,384.0
719,1377778956,382.0
719,1377778961,384.0
719,1377778966,387.0
719,1377778971,392.0
719,1377778976,392.0
719,1377778981,391.0
719,1377778986,392.0
719,1377778991,392.0
719,1377778996,382.0
719,1377779002,383.0
719,1377779006,375.0
719,1377779011,385.0
719,1377779016,379.0
719,1377779021,385.0
719,1377779026,387.0
719,1377779031,396.0
719,1377779036,388.0
719,1377779041,385.0
719,1377779046,384.0
719,1377779051,380.0
719,1377779056,384.0
719,1377779061,387.0
719,1377779066,382.0
719,1377779071,390.0
719,1377779076,387.0
719,1377779081,389.0
719,1377779086,390.0
719,1377779091,392.0
719,1377779096,390.0
719,1377779101,390.0
719,1377779106,396.0
719,1377779111,396.0
719,1377779116,395.0
719,1377779121,393.0
719,1377779126,390.0
719,1377779131,388.0
719,1377779136,388.0
719,1377779141,388.0
719,1377779146,382.0
719,1377779151,382.0
719,1377779156,387.0
719,1377779161,390.0
719,1377779166,392.0
719,1377779171,392.0
719,1377779176,382.0
719,1377779181,383.0
719,1377779186,384.0
719,1377779191,388.0
719,1377779196,383.0
719,1377779201,396.0
719,1377779206,396.0
719,1377779211,393.0
719,1377779216,393.0
719,1377779221,387.0
719,1377779226,384.0
719,1377779231,379.0
719,1377779236,377.0
719,1377779241,377.0
719,1377779246,382.0
719,1377779251,383.0
719,1377779256,387.0
719,1377779261,392.0
719,1377779266,385.0
719,1377779271,382.0
719,1377779276,385.0
719,1377779281,390.0
719,1377779286,393.0
719,1377779291,400.0
719,1377779296,404.0
719,1377779301,401.0
719,1377779306,396.0
719,1377779311,393.0
719,1377779316,392.0
719,1377779321,390.0
719,1377779326,392.0
719,1377779331,392.0
719,1377779336,388.0
719,1377779341,387.0
719,1377779346,388.0
719,1377779351,382.0
719,1377779356,383.0
719,1377779361,383.0
719,1377779366,388.0
719,1377779371,384.0
719,1377779376,380.0
719,1377779381,377.0
719,1377779386,377.0
719,1377779391,375.0
719,1377779396,385.0
719,1377779401,384.0
719,1377779406,382.0
719,1377779411,385.0
719,1377779416,390.0
719,1377779421,388.0
719,1377779426,391.0
719,1377779431,390.0
719,1377779436,396.0
719,1377779441,390.0
719,1377779446,391.0
719,1377779451,391.0
719,1377779456,396.0
719,1377779461,393.0
719,1377779466,387.0
719,1377779471,388.0
719,1377779476,392.0
719,1377779481,385.0
719,1377779486,382.0
719,1377779491,384.0
719,1377779496,385.0
719,1377779501,379.0
719,1377779506,382.0
719,1377779511,385.0
719,1377779516,388.0
719,1377779521,396.0
719,1377779526,385.0
719,1377779531,387.0
719,1377779536,388.0
719,1377779541,392.0
719,1377779546,396.0
719,1377779551,396.0
719,1377779556,393.0
719,1377779561,393.0
719,1377779566,391.0
719,1377779571,395.0
719,1377779576,393.0
719,1377779581,391.0
719,1377779586,391.0
719,1377779591,390.0
719,1377779596,392.0
719,1377779601,392.0
719,1377779606,388.0
719,1377779611,387.0
719,1377779616,387.0
719,1377779621,392.0
719,1377779626,390.0
719,1377779631,387.0
719,1377779636,392.0
719,1377779641,393.0
719,1377779646,390.0
719,1377779651,382.0
719,1377779656,382.0
719,1377779661,381.0
719,1377779666,385.0
719,1377779671,387.0
719,1377779676,387.0
719,1377779681,387.0
719,1377779686,387.0
719,1377779691,391.0
719,1377779696,391.0
719,1377779701,396.0
719,1377779706,390.0
719,1377779711,392.0
719,1377779716,396.0
719,1377779721,391.0
719,1377779726,393.0
719,1377779731,389.0
719,1377779736,387.0
719,1377779741,392.0
719,1377779746,392.0
719,1377779753,383.0
719,1377779756,388.0
719,1377779761,390.0
719,1377779766,390.0
719,1377779771,390.0
719,1377779776,389.0
719,1377779781,387.0
719,1377779786,385.0
719,1377779791,387.0
719,1377779796,382.0
719,1377779801,390.0
719,1377779806,390.0
719,1377779811,393.0
719,1377779816,387.0
719,1377779821,391.0
719,1377779826,392.0
719,1377779831,392.0
719,1377779836,387.0
719,1377779841,381.0
719,1377779846,388.0
719,1377779851,382.0
719,1377779856,385.0
719,1377779861,387.0
719,1377779866,390.0
719,1377779871,391.0
719,1377779876,393.0
719,1377779881,390.0
719,1377779886,393.0
719,1377779891,388.0
719,1377779896,382.0
719,1377779901,380.0
719,1377779906,388.0
719,1377779911,383.0
719,1377779916,385.0
719,1377779921,396.0
719,1377779926,393.0
719,1377779931,395.0
719,1377779936,392.0
719,1377779941,391.0
719,1377779946,390.0
719,1377779951,392.0
719,1377779956,396.0
719,1377779961,393.0
719,1377779966,391.0
719,1377779971,390.0
719,1377779976,391.0
719,1377779981,387.0
719,1377779986,387.0
719,1377779991,383.0
719,1377779996,383.0
719,1377780001,387.0
719,1377780006,385.0
719,1377780011,387.0
719,1377780016,392.0
719,1377780021,392.0
719,1377780026,393.0
719,1377780031,393.0
719,1377780036,385.0
719,1377780041,387.0
719,1377780046,383.0
719,1377780051,387.0
719,1377780056,392.0
719,1377780061,392.0
719,1377780066,392.0
719,1377780071,392.0
719,1377780076,388.0
719,1377780081,388.0
719,1377780086,393.0
719,1377780091,396.0
719,1377780096,390.0
719,1377780101,396.0
719,1377780106,396.0
719,1377780111,390.0
719,1377780116,396.0
719,1377780121,390.0
719,1377780126,390.0
719,1377780131,390.0
719,1377780136,391.0
719,1377780141,391.0
719,1377780146,396.0
719,1377780151,383.0
719,1377780156,388.0
719,1377780161,384.0
719,1377780166,382.0
719,1377780171,384.0
719,1377780176,385.0
719,1377780181,379.0
719,1377780186,384.0
719,1377780191,384.0
719,1377780196,385.0
719,1377780201,392.0
719,1377780206,383.0
719,1377780211,392.0
719,1377780216,391.0
719,1377780221,388.0
719,1377780226,385.0
719,1377780231,381.0
719,1377780236,382.0
719,1377780241,384.0
719,1377780246,385.0
719,1377780251,387.0
719,1377780256,390.0
719,1377780261,382.0
719,1377780266,382.0
719,1377780271,387.0
719,1377780276,387.0
719,1377780281,385.0
719,1377780286,393.0
719,1377780291,387.0
719,1377780296,385.0
719,1377780301,382.0
719,1377780306,384.0
719,1377780311,382.0
719,1377780316,387.0
719,1377780321,392.0
719,1377780326,387.0
719,1377780331,382.0
719,1377780336,379.0
719,1377780341,380.0
719,1377780346,380.0
719,1377780351,380.0
719,1377780356,382.0
719,1377780361,382.0
719,1377780366,387.0
719,1377780371,392.0
719,1377780376,390.0
719,1377780381,392.0
719,1377780386,390.0
719,1377780391,383.0
719,1377780396,393.0
719,1377780401,387.0
719,1377780406,392.0
719,1377780411,387.0
719,1377780416,392.0
719,1377780421,388.0
719,1377780426,388.0
719,1377780431,390.0
719,1377780436,391.0
719,1377780441,396.0
719,1377780446,391.0
719,1377780451,397.0
719,1377780456,396.0
719,1377780461,396.0
719,1377780466,387.0
719,1377780471,383.0
719,1377780476,388.0
719,1377780481,385.0
719,1377780486,387.0
719,1377780491,383.0
719,1377780496,382.0
719,1377780501,382.0
719,1377780508,387.0
719,1377780511,393.0
719,1377780516,393.0
719,1377780521,391.0
719,1377780526,393.0
719,1377780531,391.0
719,1377780536,391.0
719,1377780541,391.0
719,1377780546,390.0
719,1377780551,392.0
719,1377780556,388.0
719,1377780561,393.0
719,1377780566,383.0
719,1377780571,388.0
719,1377780576,388.0
719,1377780581,392.0
719,1377780586,396.0
719,1377780591,397.0
719,1377780596,398.0
719,1377780601,403.0
719,1377780606,401.0
719,1377780611,395.0
719,1377780616,393.0
719,1377780621,387.0
719,1377780626,385.0
719,1377780631,384.0
719,1377780636,382.0
719,1377780641,385.0
719,1377780646,385.0
719,1377780651,380.0
719,1377780656,385.0
719,1377780661,382.0
719,1377780666,388.0
719,1377780671,382.0
719,1377780676,383.0
719,1377780681,383.0
719,1377780686,390.0
719,1377780691,388.0
719,1377780696,391.0
719,1377780701,398.0
719,1377780706,396.0
719,1377780711,401.0
719,1377780716,395.0
719,1377780721,398.0
719,1377780726,395.0
719,1377780731,391.0
719,1377780736,390.0
719,1377780741,382.0
719,1377780746,387.0
719,1377780751,383.0
719,1377780756,387.0
719,1377780761,392.0
719,1377780766,391.0
719,1377780771,393.0
719,1377780776,392.0
719,1377780781,396.0
719,1377780786,391.0
719,1377780791,392.0
719,1377780796,392.0
719,1377780801,390.0
719,1377780806,392.0
719,1377780811,393.0
719,1377780816,382.0
719,1377780821,384.0
719,1377780826,381.0
719,1377780831,380.0
719,1377780836,380.0
719,1377780841,384.0
719,1377780846,388.0
719,1377780851,398.0
719,1377780856,397.0
719,1377780861,398.0
719,1377780866,391.0
719,1377780871,391.0
719,1377780876,387.0
719,1377780881,384.0
719,1377780886,385.0
719,1377780891,383.0
719,1377780896,390.0
719,1377780901,387.0
719,1377780906,388.0
719,1377780911,390.0
719,1377780916,382.0
719,1377780921,385.0
719,1377780926,383.0
719,1377780931,382.0
719,1377780936,385.0
719,1377780941,381.0
719,1377780946,385.0
719,1377780951,383.0
719,1377780956,385.0
719,1377780961,382.0
719,1377780966,387.0
719,1377780971,383.0
719,1377780976,395.0
719,1377780981,395.0
719,1377780986,395.0
719,1377780991,395.0
719,1377780996,400.0
719,1377781001,393.0
719,1377781006,393.0
719,1377781011,393.0
719,1377781016,390.0
719,1377781021,391.0
719,1377781026,392.0
719,1377781031,383.0
719,1377781036,387.0
719,1377781041,392.0
719,1377781046,387.0
719,1377781051,387.0
719,1377781056,390.0
719,1377781061,391.0
719,1377781066,392.0
719,1377781071,388.0
719,1377781076,382.0
719,1377781081,374.0
719,1377781086,374.0
719,1377781091,379.0
719,1377781096,381.0
719,1377781101,385.0
719,1377781106,384.0
719,1377781111,381.0
719,1377781116,384.0
719,1377781121,384.0
719,1377781126,384.0
719,1377781131,383.0
719,1377781136,392.0
719,1377781141,393.0
719,1377781146,397.0
719,1377781151,391.0
719,1377781156,397.0
719,1377781161,400.0
719,1377781166,398.0
719,1377781171,390.0
719,1377781176,390.0
719,1377781181,382.0
719,1377781186,387.0
719,1377781191,388.0
719,1377781196,381.0
719,1377781201,381.0
719,1377781206,381.0
719,1377781211,385.0
719,1377781216,392.0
719,1377781221,393.0
719,1377781226,398.0
719,1377781232,391.0
719,1377781236,390.0
719,1377781241,383.0
719,1377781246,388.0
719,1377781251,385.0
719,1377781256,385.0
719,1377781261,382.0
719,1377781266,393.0
719,1377781271,397.0
719,1377781276,393.0
719,1377781281,391.0
719,1377781286,390.0
719,1377781291,390.0
719,1377781296,390.0
719,1377781301,390.0
719,1377781306,391.0
719,1377781311,397.0
719,1377781316,395.0
719,1377781321,397.0
719,1377781326,397.0
719,1377781331,403.0
719,1377781336,400.0
719,1377781341,393.0
719,1377781346,392.0
719,1377781351,382.0
719,1377781356,381.0
719,1377781361,385.0
719,1377781366,392.0
719,1377781371,387.0
719,1377781376,392.0
719,1377781381,391.0
719,1377781386,393.0
719,1377781391,390.0
719,1377781396,393.0
719,1377781401,387.0
719,1377781406,385.0
719,1377781411,375.0
719,1377781416,376.0
719,1377781421,382.0
719,1377781426,393.0
719,1377781431,396.0
719,1377781436,401.0
719,1377781441,396.0
719,1377781446,392.0
719,1377781451,382.0
719,1377781456,382.0
719,1377781461,390.0
719,1377781466,390.0
719,1377781471,391.0
719,1377781476,390.0
719,1377781481,383.0
719,1377781486,387.0
719,1377781491,385.0
719,1377781496,390.0
719,1377781501,391.0
719,1377781506,396.0
719,1377781511,393.0
719,1377781516,393.0
719,1377781521,390.0
719,1377781526,382.0
719,1377781531,385.0
719,1377781536,377.0
719,1377781541,379.0
719,1377781546,380.0
719,1377781551,382.0
719,1377781556,385.0
719,1377781561,387.0
719,1377781566,392.0
719,1377781571,387.0
719,1377781576,383.0
719,1377781581,387.0
719,1377781586,388.0
719,1377781591,384.0
719,1377781596,382.0
719,1377781601,384.0
719,1377781606,382.0
719,1377781611,388.0
719,1377781616,383.0
719,1377781621,390.0
719,1377781626,396.0
719,1377781631,396.0
719,1377781636,396.0
719,1377781641,392.0
719,1377781646,393.0
719,1377781651,388.0
719,1377781656,389.0
719,1377781661,387.0
719,1377781666,387.0
719,1377781671,385.0
719,1377781676,383.0
719,1377781681,387.0
719,1377781686,396.0
719,1377781691,391.0
719,1377781696,397.0
719,1377781701,404.0
719,1377781706,402.0
719,1377781711,401.0
719,1377781716,396.0
719,1377781721,392.0
719,1377781726,384.0
719,1377781731,382.0
719,1377781736,383.0
719,1377781741,382.0
719,1377781746,384.0
719,1377781751,390.0
719,1377781756,390.0
719,1377781761,391.0
719,1377781766,396.0
719,1377781771,401.0
719,1377781776,393.0
719,1377781781,395.0
719,1377781786,391.0
719,1377781791,393.0
719,1377781796,385.0
719,1377781801,384.0
719,1377781806,382.0
719,1377781811,382.0
719,1377781816,385.0
719,1377781821,390.0
719,1377781826,396.0
719,1377781831,395.0
719,1377781836,395.0
719,1377781841,395.0
719,1377781846,392.0
719,1377781851,391.0
719,1377781856,389.0
719,1377781861,383.0
719,1377781866,379.0
719,1377781871,380.0
719,1377781876,387.0
719,1377781881,390.0
719,1377781886,391.0
719,1377781891,395.0
719,1377781896,400.0
719,1377781901,400.0
719,1377781906,398.0
719,1377781911,398.0
719,1377781916,397.0
719,1377781921,393.0
719,1377781926,396.0
719,1377781931,388.0
719,1377781936,385.0
719,1377781941,382.0
719,1377781946,384.0
719,1377781951,385.0
719,1377781956,384.0
719,1377781961,387.0
719,1377781966,387.0
719,1377781971,392.0
719,1377781976,390.0
719,1377781982,393.0
719,1377781986,395.0
719,1377781991,398.0
719,1377781996,398.0
719,1377782001,393.0
719,1377782006,382.0
719,1377782011,374.0
719,1377782016,377.0
719,1377782021,385.0
719,1377782026,385.0
719,1377782031,393.0
719,1377782036,391.0
719,1377782041,390.0
719,1377782046,390.0
719,1377782051,390.0
719,1377782056,396.0
719,1377782061,393.0
719,1377782066,383.0
719,1377782071,382.0
719,1377782076,392.0
719,1377782081,393.0
719,1377782086,393.0
719,1377782091,398.0
719,1377782096,403.0
719,1377782101,408.0
719,1377782106,398.0
719,1377782111,401.0
719,1377782116,396.0
719,1377782121,391.0
719,1377782126,392.0
719,1377782131,396.0
719,1377782136,388.0
719,1377782141,392.0
719,1377782146,392.0
719,1377782151,391.0
719,1377782156,391.0
719,1377782161,388.0
719,1377782166,392.0
719,1377782171,388.0
719,1377782176,390.0
719,1377782181,390.0
719,1377782186,392.0
719,1377782191,388.0
719,1377782196,385.0
719,1377782201,382.0
719,1377782206,384.0
719,1377782211,379.0
719,1377782216,388.0
719,1377782221,387.0
719,1377782226,385.0
719,1377782231,382.0
719,1377782236,382.0
719,1377782241,388.0
719,1377782246,384.0
719,1377782251,384.0
719,1377782256,392.0
719,1377782261,387.0
719,1377782266,387.0
719,1377782271,387.0
719,1377782276,390.0
719,1377782281,396.0
719,1377782286,391.0
719,1377782291,398.0
719,1377782296,396.0
719,1377782301,395.0
719,1377782306,392.0
719,1377782311,388.0
719,1377782316,385.0
719,1377782321,385.0
719,1377782326,384.0
719,1377782331,382.0
719,1377782336,384.0
719,1377782341,380.0
719,1377782346,382.0
719,1377782351,388.0
719,1377782356,382.0
719,1377782361,392.0
719,1377782366,383.0
719,1377782371,382.0
719,1377782376,385.0
719,1377782381,384.0
719,1377782386,385.0
719,1377782391,382.0
719,1377782396,392.0
719,1377782401,390.0
719,1377782406,388.0
719,1377782411,387.0
719,1377782416,392.0
719,1377782421,392.0
719,1377782426,393.0
719,1377782431,388.0
719,1377782436,390.0
719,1377782441,388.0
719,1377782446,382.0
719,1377782451,388.0
719,1377782456,388.0
719,1377782461,385.0
719,1377782466,387.0
719,1377782471,388.0
719,1377782476,387.0
719,1377782481,383.0
719,1377782486,388.0
719,1377782491,390.0
719,1377782496,396.0
719,1377782501,393.0
719,1377782506,395.0
719,1377782511,390.0
719,1377782516,391.0
719,1377782521,390.0
719,1377782526,388.0
719,1377782531,388.0
719,1377782536,392.0
719,1377782541,395.0
719,1377782546,397.0
719,1377782551,399.0
719,1377782556,406.0
719,1377782561,403.0
719,1377782566,395.0
719,1377782571,393.0
719,1377782576,392.0
719,1377782581,388.0
719,1377782586,382.0
719,1377782591,385.0
719,1377782596,382.0
719,1377782601,388.0
719,1377782606,385.0
719,1377782611,387.0
719,1377782616,387.0
719,1377782621,387.0
719,1377782626,389.0
719,1377782631,391.0
719,1377782636,393.0
719,1377782641,393.0
719,1377782646,395.0
719,1377782651,391.0
719,1377782656,390.0
719,1377782661,391.0
719,1377782666,393.0
719,1377782671,391.0
719,1377782676,396.0
719,1377782681,391.0
719,1377782686,397.0
719,1377782691,388.0
719,1377782696,385.0
719,1377782701,387.0
719,1377782706,390.0
719,1377782711,391.0
719,1377782716,396.0
719,1377782723,393.0
719,1377782726,390.0
719,1377782731,388.0
719,1377782736,387.0
719,1377782741,385.0
719,1377782746,385.0
719,1377782751,387.0
719,1377782756,383.0
719,1377782761,392.0
719,1377782766,393.0
719,1377782771,393.0
719,1377782776,392.0
719,1377782781,383.0
719,1377782786,387.0
719,1377782791,385.0
719,1377782796,385.0
719,1377782801,392.0
719,1377782806,387.0
719,1377782811,390.0
719,1377782816,385.0
719,1377782821,388.0
719,1377782826,375.0
719,1377782831,375.0
719,1377782836,380.0
719,1377782841,384.0
719,1377782846,383.0
719,1377782851,387.0
719,1377782856,387.0
719,1377782861,381.0
719,1377782866,382.0
719,1377782871,382.0
719,1377782876,383.0
719,1377782881,390.0
719,1377782886,396.0
719,1377782891,390.0
719,1377782896,393.0
719,1377782901,393.0
719,1377782906,396.0
719,1377782911,393.0
719,1377782916,396.0
719,1377782921,396.0
719,1377782926,400.0
719,1377782931,391.0
719,1377782936,390.0
719,1377782941,397.0
719,1377782946,401.0
719,1377782951,395.0
719,1377782956,391.0
719,1377782961,390.0
719,1377782966,392.0
719,1377782971,388.0
719,1377782976,382.0
719,1377782981,383.0
719,1377782986,391.0
719,1377782992,393.0
719,1377782996,393.0
719,1377783001,392.0
719,1377783006,391.0
719,1377783011,383.0
719,1377783016,389.0
719,1377783021,382.0
719,1377783026,396.0
719,1377783031,390.0
719,1377783036,385.0
719,1377783041,387.0
719,1377783046,391.0
719,1377783051,395.0
719,1377783056,392.0
719,1377783061,390.0
719,1377783066,392.0
719,1377783071,390.0
719,1377783076,393.0
719,1377783081,390.0
719,1377783086,385.0
719,1377783091,385.0
719,1377783096,385.0
719,1377783101,392.0
719,1377783106,393.0
719,1377783111,393.0
719,1377783116,391.0
719,1377783121,388.0
719,1377783126,383.0
719,1377783131,387.0
719,1377783136,383.0
719,1377783141,390.0
719,1377783146,396.0
719,1377783151,395.0
719,1377783156,401.0
719,1377783161,398.0
719,1377783166,397.0
719,1377783171,396.0
719,1377783176,396.0
719,1377783181,395.0
719,1377783186,393.0
719,1377783191,392.0
719,1377783196,395.0
719,1377783201,390.0
719,1377783206,393.0
719,1377783211,396.0
719,1377783216,393.0
719,1377783221,395.0
719,1377783226,397.0
719,1377783231,398.0
719,1377783236,390.0
719,1377783241,391.0
719,1377783246,390.0
719,1377783251,390.0
719,1377783256,392.0
719,1377783261,392.0
719,1377783266,388.0
719,1377783271,382.0
719,1377783276,383.0
719,1377783281,384.0
719,1377783286,385.0
719,1377783291,387.0
719,1377783296,383.0
719,1377783301,389.0
719,1377783306,387.0
719,1377783311,392.0
719,1377783316,392.0
719,1377783321,390.0
719,1377783326,387.0
719,1377783331,383.0
719,1377783336,393.0
719,1377783341,393.0
719,1377783346,392.0
719,1377783351,388.0
719,1377783356,388.0
719,1377783361,385.0
719,1377783366,388.0
719,1377783371,385.0
719,1377783376,392.0
719,1377783381,391.0
719,1377783386,393.0
719,1377783391,397.0
719,1377783396,396.0
719,1377783401,382.0
719,1377783406,387.0
719,1377783411,388.0
719,1377783416,393.0
719,1377783421,396.0
719,1377783426,397.0
719,1377783431,391.0
719,1377783436,393.0
719,1377783441,392.0
719,1377783446,392.0
719,1377783451,387.0
719,1377783456,379.0
719,1377783461,379.0
719,1377783466,379.0
719,1377783471,383.0
719,1377783476,387.0
719,1377783482,383.0
719,1377783486,388.0
719,1377783491,387.0
719,1377783496,383.0
719,1377783501,390.0
719,1377783506,390.0
719,1377783511,396.0
719,1377783516,390.0
719,1377783521,393.0
719,1377783526,390.0
719,1377783531,392.0
719,1377783536,385.0
719,1377783541,388.0
719,1377783546,387.0
719,1377783551,392.0
719,1377783556,390.0
719,1377783561,388.0
719,1377783566,385.0
719,1377783571,388.0
719,1377783576,385.0
719,1377783581,382.0
719,1377783586,392.0
719,1377783591,390.0
719,1377783596,390.0
719,1377783601,387.0
719,1377783606,388.0
719,1377783611,385.0
719,1377783616,385.0
719,1377783621,385.0
719,1377783626,388.0
719,1377783631,388.0
719,1377783636,393.0
719,1377783641,387.0
719,1377783646,392.0
719,1377783651,383.0
719,1377783656,385.0
719,1377783661,380.0
719,1377783666,375.0
719,1377783671,379.0
719,1377783676,381.0
719,1377783681,382.0
719,1377783686,392.0
719,1377783691,392.0
719,1377783696,395.0
719,1377783701,395.0
719,1377783706,391.0
719,1377783711,390.0
719,1377783716,390.0
719,1377783721,388.0
719,1377783726,385.0
719,1377783731,380.0
719,1377783736,375.0
719,1377783741,380.0
719,1377783746,384.0
719,1377783751,382.0
719,1377783756,375.0
719,1377783761,382.0
719,1377783766,382.0
719,1377783771,379.0
719,1377783776,381.0
719,1377783781,382.0
719,1377783786,387.0
719,1377783791,397.0
719,1377783796,396.0
719,1377783801,397.0
719,1377783806,396.0
719,1377783811,390.0
719,1377783816,382.0
719,1377783821,385.0
719,1377783826,382.0
719,1377783831,385.0
719,1377783836,387.0
719,1377783841,387.0
719,1377783846,390.0
719,1377783851,387.0
719,1377783856,390.0
719,1377783861,392.0
719,1377783866,392.0
719,1377783871,387.0
719,1377783876,382.0
719,1377783881,382.0
719,1377783886,379.0
719,1377783891,388.0
719,1377783896,392.0
719,1377783901,392.0
719,1377783906,391.0
719,1377783911,392.0
719,1377783916,387.0
719,1377783921,379.0
719,1377783926,382.0
719,1377783931,385.0
719,1377783936,388.0
719,1377783941,387.0
719,1377783946,388.0
719,1377783951,387.0
719,1377783956,390.0
719,1377783961,390.0
719,1377783966,389.0
719,1377783971,390.0
719,1377783976,390.0
719,1377783981,392.0
719,1377783986,396.0
719,1377783991,385.0
719,1377783996,379.0
719,1377784001,375.0
719,1377784006,377.0
719,1377784011,374.0
719,1377784016,375.0
719,1377784021,375.0
719,1377784026,380.0
719,1377784031,385.0
719,1377784036,388.0
719,1377784041,385.0
719,1377784046,381.0
719,1377784051,385.0
719,1377784056,375.0
719,1377784061,385.0
719,1377784066,388.0
719,1377784071,392.0
719,1377784076,388.0
719,1377784081,385.0
719,1377784086,385.0
719,1377784091,382.0
719,1377784096,381.0
719,1377784101,382.0
719,1377784106,388.0
719,1377784111,388.0
719,1377784116,396.0
719,1377784121,395.0
719,1377784126,391.0
719,1377784131,393.0
719,1377784136,395.0
719,1377784141,387.0
719,1377784146,388.0
719,1377784151,385.0
719,1377784156,396.0
719,1377784161,387.0
719,1377784166,382.0
719,1377784171,390.0
719,1377784176,390.0
719,1377784181,387.0
719,1377784186,392.0
719,1377784191,390.0
719,1377784196,396.0
719,1377784201,393.0
719,1377784206,390.0
719,1377784211,390.0
719,1377784217,390.0
719,1377784221,391.0
719,1377784226,398.0
719,1377784231,398.0
719,1377784236,401.0
719,1377784241,406.0
719,1377784246,401.0
719,1377784251,395.0
719,1377784256,387.0
719,1377784261,388.0
719,1377784266,375.0
719,1377784271,379.0
719,1377784276,384.0
719,1377784281,382.0
719,1377784286,392.0
719,1377784291,393.0
719,1377784296,390.0
719,1377784301,390.0
719,1377784306,382.0
719,1377784311,385.0
719,1377784316,382.0
719,1377784321,384.0
719,1377784326,377.0
719,1377784331,380.0
719,1377784336,388.0
719,1377784341,382.0
719,1377784346,390.0
719,1377784351,396.0
719,1377784356,393.0
719,1377784361,390.0
719,1377784366,390.0
719,1377784371,392.0
719,1377784376,390.0
719,1377784381,389.0
719,1377784386,387.0
719,1377784391,388.0
719,1377784396,390.0
719,1377784401,398.0
719,1377784406,391.0
719,1377784411,392.0
719,1377784416,382.0
719,1377784421,385.0
719,1377784426,396.0
719,1377784431,388.0
719,1377784436,387.0
719,1377784441,393.0
719,1377784446,397.0
719,1377784451,396.0
719,1377784456,391.0
719,1377784461,390.0
719,1377784466,393.0
719,1377784471,388.0
719,1377784476,385.0
719,1377784481,388.0
719,1377784486,388.0
719,1377784491,387.0
719,1377784496,393.0
719,1377784501,391.0
719,1377784506,396.0
719,1377784511,393.0
719,1377784516,390.0
719,1377784521,390.0
719,1377784526,382.0
719,1377784531,396.0
719,1377784536,388.0
719,1377784541,390.0
719,1377784546,390.0
719,1377784551,393.0
719,1377784556,392.0
719,1377784561,390.0
719,1377784566,396.0
719,1377784571,390.0
719,1377784576,396.0
719,1377784581,388.0
719,1377784586,382.0
719,1377784591,382.0
719,1377784596,385.0
719,1377784601,382.0
719,1377784606,382.0
719,1377784611,382.0
719,1377784616,375.0
719,1377784622,385.0
719,1377784626,385.0
719,1377784631,388.0
719,1377784636,388.0
719,1377784641,391.0
719,1377784646,395.0
719,1377784651,398.0
719,1377784656,397.0
719,1377784661,392.0
719,1377784666,388.0
719,1377784671,388.0
719,1377784676,392.0
719,1377784681,390.0
719,1377784686,391.0
719,1377784691,391.0
719,1377784696,390.0
719,1377784701,390.0
719,1377784706,387.0
719,1377784711,393.0
719,1377784716,393.0
719,1377784721,392.0
719,1377784726,387.0
719,1377784731,385.0
719,1377784736,380.0
719,1377784741,375.0
719,1377784746,375.0
719,1377784751,372.0
719,1377784756,377.0
719,1377784761,380.0
719,1377784766,384.0
719,1377784771,382.0
719,1377784776,385.0
719,1377784781,385.0
719,1377784786,382.0
719,1377784791,382.0
719,1377784796,383.0
719,1377784803,390.0
719,1377784806,392.0
719,1377784811,391.0
719,1377784816,393.0
719,1377784822,397.0
719,1377784826,396.0
719,1377784831,395.0
719,1377784836,398.0
719,1377784841,398.0
719,1377784846,404.0
719,1377784851,401.0
719,1377784856,395.0
719,1377784861,390.0
719,1377784866,389.0
719,1377784871,382.0
719,1377784876,392.0
719,1377784881,393.0
719,1377784886,398.0
719,1377784891,390.0
719,1377784897,395.0
719,1377784901,390.0
719,1377784906,392.0
719,1377784911,390.0
719,1377784916,392.0
719,1377784921,382.0
719,1377784926,383.0
719,1377784931,382.0
719,1377784936,384.0
719,1377784941,385.0
719,1377784946,385.0
719,1377784951,383.0
719,1377784956,383.0
719,1377784961,383.0
719,1377784966,382.0
719,1377784971,380.0
719,1377784976,380.0
719,1377784981,385.0
719,1377784986,389.0
719,1377784991,395.0
719,1377784996,393.0
719,1377785001,393.0
719,1377785006,395.0
719,1377785011,391.0
719,1377785016,396.0
719,1377785021,396.0
719,1377785026,398.0
719,1377785031,395.0
719,1377785036,391.0
719,1377785041,395.0
719,1377785046,393.0
719,1377785051,397.0
719,1377785056,393.0
719,1377785061,395.0
719,1377785066,396.0
719,1377785071,391.0
719,1377785076,393.0
719,1377785081,398.0
719,1377785086,393.0
719,1377785091,398.0
719,1377785096,398.0
719,1377785101,396.0
719,1377785106,396.0
719,1377785111,390.0
719,1377785116,383.0
719,1377785121,388.0
719,1377785126,382.0
719,1377785131,382.0
719,1377785136,385.0
719,1377785141,384.0
719,1377785146,380.0
719,1377785151,380.0
719,1377785156,382.0
719,1377785161,379.0
719,1377785166,388.0
719,1377785171,381.0
719,1377785176,385.0
719,1377785181,383.0
719,1377785186,388.0
719,1377785191,382.0
719,1377785196,393.0
719,1377785201,395.0
719,1377785206,398.0
719,1377785211,396.0
719,1377785216,383.0
719,1377785221,385.0
719,1377785226,388.0
719,1377785231,393.0
719,1377785236,393.0
719,1377785241,391.0
719,1377785246,390.0
719,1377785251,395.0
719,1377785256,396.0
719,1377785261,391.0
719,1377785266,387.0
719,1377785271,382.0
719,1377785276,392.0
719,1377785281,390.0
719,1377785286,393.0
719,1377785291,396.0
719,1377785296,388.0
719,1377785302,388.0
719,1377785306,385.0
719,1377785311,383.0
719,1377785316,388.0
719,1377785321,396.0
719,1377785326,389.0
719,1377785331,396.0
719,1377785336,396.0
719,1377785342,391.0
719,1377785346,393.0
719,1377785351,392.0
719,1377785356,387.0
719,1377785361,382.0
719,1377785366,379.0
719,1377785371,380.0
719,1377785376,379.0
719,1377785381,379.0
719,1377785386,382.0
719,1377785391,385.0
719,1377785396,385.0
719,1377785401,383.0
719,1377785406,390.0
719,1377785411,393.0
719,1377785416,393.0
719,1377785421,392.0
719,1377785426,387.0
719,1377785431,385.0
719,1377785436,383.0
719,1377785441,393.0
719,1377785446,404.0
719,1377785451,401.0
719,1377785456,401.0
719,1377785461,396.0
719,1377785466,383.0
719,1377785471,382.0
719,1377785476,382.0
719,1377785481,382.0
719,1377785486,388.0
719,1377785491,392.0
719,1377785496,392.0
719,1377785501,383.0
719,1377785506,393.0
719,1377785511,391.0
719,1377785516,396.0
719,1377785521,392.0
719,1377785526,388.0
719,1377785531,388.0
719,1377785536,396.0
719,1377785541,393.0
719,1377785546,391.0
719,1377785551,390.0
719,1377785556,382.0
719,1377785561,388.0
719,1377785566,384.0
719,1377785571,381.0
719,1377785576,388.0
719,1377785581,388.0
719,1377785586,385.0
719,1377785591,383.0
719,1377785596,390.0
719,1377785602,392.0
719,1377785606,382.0
719,1377785611,387.0
719,1377785616,396.0
719,1377785621,387.0
719,1377785626,393.0
719,1377785631,396.0
719,1377785636,393.0
719,1377785641,398.0
719,1377785646,396.0
719,1377785651,391.0
719,1377785656,392.0
719,1377785661,388.0
719,1377785666,396.0
719,1377785671,383.0
719,1377785676,388.0
719,1377785681,388.0
719,1377785686,390.0
719,1377785691,390.0
719,1377785696,397.0
719,1377785701,391.0
719,1377785706,401.0
719,1377785711,398.0
719,1377785716,391.0
719,1377785721,393.0
719,1377785726,391.0
719,1377785731,393.0
719,1377785736,393.0
719,1377785741,390.0
719,1377785746,392.0
719,1377785751,387.0
719,1377785756,388.0
719,1377785761,392.0
719,1377785766,382.0
719,1377785771,383.0
719,1377785776,385.0
719,1377785781,382.0
719,1377785786,383.0
719,1377785791,392.0
719,1377785796,389.0
719,1377785801,391.0
719,1377785806,391.0
719,1377785811,390.0
719,1377785816,393.0
719,1377785821,395.0
719,1377785826,398.0
719,1377785831,401.0
719,1377785836,396.0
719,1377785841,393.0
719,1377785846,395.0
719,1377785851,391.0
719,1377785856,393.0
719,1377785861,388.0
719,1377785866,382.0
719,1377785871,382.0
719,1377785876,384.0
719,1377785881,382.0
719,1377785886,382.0
719,1377785891,387.0
719,1377785896,390.0
719,1377785901,387.0
719,1377785906,387.0
719,1377785911,385.0
719,1377785916,382.0
719,1377785921,385.0
719,1377785926,382.0
719,1377785931,383.0
719,1377785936,382.0
719,1377785941,388.0
719,1377785946,388.0
719,1377785951,388.0
719,1377785956,390.0
719,1377785961,382.0
719,1377785966,388.0
719,1377785971,392.0
719,1377785976,387.0
719,1377785981,396.0
719,1377785986,396.0
719,1377785991,392.0
719,1377785996,390.0
719,1377786001,396.0
719,1377786006,391.0
719,1377786011,391.0
719,1377786016,389.0
719,1377786021,385.0
719,1377786026,383.0
719,1377786031,385.0
719,1377786036,385.0
719,1377786041,385.0
719,1377786046,382.0
719,1377786051,388.0
719,1377786056,385.0
719,1377786061,396.0
719,1377786066,391.0
719,1377786071,396.0
719,1377786076,383.0
719,1377786081,393.0
719,1377786086,396.0
719,1377786091,391.0
719,1377786096,393.0
719,1377786101,390.0
719,1377786106,392.0
719,1377786111,387.0
719,1377786116,396.0
719,1377786121,392.0
719,1377786126,391.0
719,1377786131,390.0
719,1377786136,390.0
719,1377786141,390.0
719,1377786146,390.0
719,1377786151,388.0
719,1377786156,385.0
719,1377786161,388.0
719,1377786166,392.0
719,1377786171,393.0
719,1377786176,390.0
719,1377786181,396.0
719,1377786186,397.0
719,1377786191,392.0
719,1377786196,393.0
719,1377786201,391.0
719,1377786206,390.0
719,1377786211,383.0
719,1377786216,388.0
719,1377786221,382.0
719,1377786226,387.0
719,1377786231,382.0
719,1377786236,382.0
719,1377786241,390.0
719,1377786246,396.0
719,1377786251,395.0
719,1377786256,396.0
719,1377786261,400.0
719,1377786266,398.0
719,1377786271,395.0
719,1377786276,396.0
719,1377786281,392.0
719,1377786286,388.0
719,1377786291,382.0
719,1377786297,382.0
719,1377786301,388.0
719,1377786306,382.0
719,1377786311,388.0
719,1377786316,388.0
719,1377786321,393.0
719,1377786326,393.0
719,1377786331,398.0
719,1377786336,396.0
719,1377786341,393.0
719,1377786346,390.0
719,1377786351,393.0
719,1377786356,396.0
719,1377786361,398.0
719,1377786366,395.0
719,1377786371,396.0
719,1377786376,395.0
719,1377786381,396.0
719,1377786386,391.0
719,1377786391,393.0
719,1377786396,393.0
719,1377786401,391.0
719,1377786406,393.0
719,1377786411,393.0
719,1377786416,396.0
719,1377786421,383.0
719,1377786426,390.0
719,1377786431,385.0
719,1377786436,385.0
719,1377786441,382.0
719,1377786446,385.0
719,1377786451,381.0
719,1377786456,384.0
719,1377786461,382.0
719,1377786466,387.0
719,1377786471,387.0
719,1377786476,385.0
719,1377786481,385.0
719,1377786486,384.0
719,1377786491,385.0
719,1377786496,383.0
719,1377786501,382.0
719,1377786506,392.0
719,1377786511,391.0
719,1377786516,392.0
719,1377786521,392.0
719,1377786526,385.0
719,1377786531,382.0
719,1377786536,388.0
719,1377786541,382.0
719,1377786546,388.0
719,1377786551,392.0
719,1377786556,390.0
719,1377786561,390.0
719,1377786566,393.0
719,1377786571,390.0
719,1377786576,388.0
719,1377786581,387.0
719,1377786586,384.0
719,1377786591,384.0
719,1377786596,385.0
719,1377786601,388.0
719,1377786606,390.0
719,1377786611,390.0
719,1377786616,395.0
719,1377786621,398.0
719,1377786626,396.0
719,1377786631,387.0
719,1377786636,382.0
719,1377786641,382.0
719,1377786646,383.0
719,1377786651,391.0
719,1377786656,390.0
719,1377786661,395.0
719,1377786666,395.0
719,1377786671,391.0
719,1377786676,396.0
719,1377786681,389.0
719,1377786686,396.0
719,1377786691,391.0
719,1377786696,397.0
719,1377786701,396.0
719,1377786706,395.0
719,1377786711,393.0
719,1377786716,390.0
719,1377786721,387.0
719,1377786726,392.0
719,1377786731,387.0
719,1377786736,382.0
719,1377786741,383.0
719,1377786746,390.0
719,1377786751,396.0
719,1377786756,387.0
719,1377786761,385.0
719,1377786766,383.0
719,1377786771,385.0
719,1377786776,382.0
719,1377786781,388.0
719,1377786786,388.0
719,1377786791,382.0
719,1377786796,388.0
719,1377786801,390.0
719,1377786806,401.0
719,1377786811,403.0
719,1377786816,402.0
719,1377786821,399.0
719,1377786826,396.0
719,1377786831,396.0
719,1377786836,388.0
719,1377786841,387.0
719,1377786846,381.0
719,1377786851,382.0
719,1377786856,382.0
719,1377786861,387.0
719,1377786866,396.0
719,1377786871,398.0
719,1377786876,391.0
719,1377786881,388.0
719,1377786886,390.0
719,1377786891,383.0
719,1377786896,393.0
719,1377786901,395.0
719,1377786906,402.0
719,1377786911,404.0
719,1377786916,403.0
719,1377786921,391.0
719,1377786926,395.0
719,1377786931,392.0
719,1377786936,390.0
719,1377786941,391.0
719,1377786946,393.0
719,1377786951,396.0
719,1377786956,404.0
719,1377786961,393.0
719,1377786966,392.0
719,1377786971,382.0
719,1377786976,385.0
719,1377786981,388.0
719,1377786986,390.0
719,1377786991,391.0
719,1377786996,405.0
719,1377787001,406.0
719,1377787006,401.0
719,1377787011,398.0
719,1377787016,388.0
719,1377787021,388.0
719,1377787026,385.0
719,1377787031,383.0
719,1377787036,392.0
719,1377787041,396.0
719,1377787046,392.0
719,1377787051,390.0
719,1377787056,382.0
719,1377787061,387.0
719,1377787066,388.0
719,1377787071,390.0
719,1377787076,392.0
719,1377787081,395.0
719,1377787086,396.0
719,1377787091,391.0
719,1377787096,397.0
719,1377787101,395.0
719,1377787106,396.0
719,1377787111,390.0
719,1377787116,387.0
719,1377787121,385.0
719,1377787126,387.0
719,1377787131,388.0
719,1377787136,388.0
719,1377787141,383.0
719,1377787146,392.0
719,1377787151,390.0
719,1377787156,393.0
719,1377787161,383.0
719,1377787166,388.0
719,1377787171,387.0
719,1377787176,393.0
719,1377787181,392.0
719,1377787186,393.0
719,1377787191,393.0
719,1377787196,400.0
719,1377787201,395.0
719,1377787206,398.0
719,1377787211,401.0
719,1377787216,403.0
719,1377787221,402.0
719,1377787226,401.0
719,1377787231,397.0
719,1377787236,395.0
719,1377787241,390.0
719,1377787246,391.0
719,1377787251,390.0
719,1377787256,390.0
719,1377787261,382.0
719,1377787266,377.0
719,1377787271,376.0
719,1377787276,377.0
719,1377787281,377.0
719,1377787286,387.0
719,1377787291,390.0
719,1377787296,398.0
719,1377787301,401.0
719,1377787306,402.0
719,1377787311,402.0
719,1377787316,398.0
719,1377787321,398.0
719,1377787326,390.0
719,1377787331,395.0
719,1377787336,393.0
719,1377787341,396.0
719,1377787346,393.0
719,1377787351,393.0
719,1377787356,390.0
719,1377787361,387.0
719,1377787366,392.0
719,1377787371,391.0
719,1377787376,393.0
719,1377787381,396.0
719,1377787386,391.0
719,1377787391,398.0
719,1377787396,402.0
719,1377787401,398.0
719,1377787406,401.0
719,1377787411,403.0
719,1377787416,406.0
719,1377787421,398.0
719,1377787426,408.0
719,1377787431,401.0
719,1377787436,398.0
719,1377787441,393.0
719,1377787446,400.0
719,1377787451,395.0
719,1377787456,395.0
719,1377787461,390.0
719,1377787466,393.0
719,1377787471,383.0
719,1377787476,385.0
719,1377787481,382.0
719,1377787486,390.0
719,1377787491,390.0
719,1377787496,396.0
719,1377787501,397.0
719,1377787506,398.0
719,1377787511,401.0
719,1377787516,391.0
719,1377787521,393.0
719,1377787526,392.0
719,1377787531,387.0
719,1377787536,392.0
719,1377787541,392.0
719,1377787546,393.0
719,1377787551,398.0
719,1377787556,393.0
719,1377787561,398.0
719,1377787566,396.0
719,1377787571,391.0
719,1377787576,390.0
719,1377787581,395.0
719,1377787586,390.0
719,1377787591,400.0
719,1377787596,396.0
719,1377787601,398.0
719,1377787606,401.0
719,1377787611,401.0
719,1377787616,398.0
719,1377787621,393.0
719,1377787626,392.0
719,1377787631,391.0
719,1377787636,391.0
719,1377787641,395.0
719,1377787646,400.0
719,1377787651,397.0
719,1377787656,393.0
719,1377787661,387.0
719,1377787666,389.0
719,1377787671,385.0
719,1377787676,387.0
719,1377787681,388.0
719,1377787686,392.0
719,1377787691,393.0
719,1377787696,400.0
719,1377787701,400.0
719,1377787706,398.0
719,1377787711,396.0
719,1377787716,397.0
719,1377787721,387.0
719,1377787726,392.0
719,1377787731,393.0
719,1377787736,395.0
719,1377787741,391.0
719,1377787746,396.0
719,1377787751,390.0
719,1377787756,388.0
719,1377787761,382.0
719,1377787766,388.0
719,1377787771,390.0
719,1377787776,396.0
719,1377787781,395.0
719,1377787786,397.0
719,1377787791,401.0
719,1377787796,395.0
719,1377787801,401.0
719,1377787806,398.0
719,1377787811,400.0
719,1377787816,396.0
719,1377787821,397.0
719,1377787829,398.0
719,1377787831,398.0
719,1377787836,403.0
719,1377787841,404.0
719,1377787846,398.0
719,1377787851,396.0
719,1377787856,390.0
719,1377787861,393.0
719,1377787866,391.0
719,1377787871,393.0
719,1377787876,393.0
719,1377787881,391.0
719,1377787886,392.0
719,1377787891,387.0
719,1377787896,388.0
719,1377787901,387.0
719,1377787906,393.0
719,1377787911,396.0
719,1377787916,397.0
719,1377787921,396.0
719,1377787926,398.0
719,1377787931,398.0
719,1377787936,396.0
719,1377787941,395.0
719,1377787946,391.0
719,1377787951,390.0
719,1377787956,393.0
719,1377787961,387.0
719,1377787966,392.0
719,1377787971,382.0
719,1377787976,385.0
719,1377787981,381.0
719,1377787986,384.0
719,1377787991,384.0
719,1377787996,384.0
719,1377788001,383.0
719,1377788006,384.0
719,1377788011,385.0
719,1377788016,387.0
719,1377788021,382.0
719,1377788026,392.0
719,1377788031,392.0
719,1377788036,388.0
719,1377788041,390.0
719,1377788046,390.0
719,1377788051,396.0
719,1377788056,401.0
719,1377788061,403.0
719,1377788066,403.0
719,1377788071,399.0
719,1377788076,398.0
719,1377788081,403.0
719,1377788086,390.0
719,1377788091,393.0
719,1377788096,392.0
719,1377788101,390.0
719,1377788106,397.0
719,1377788111,397.0
719,1377788116,402.0
719,1377788121,397.0
719,1377788126,395.0
719,1377788131,391.0
719,1377788136,390.0
719,1377788141,387.0
719,1377788146,383.0
719,1377788151,387.0
719,1377788156,382.0
719,1377788161,384.0
719,1377788166,383.0
719,1377788171,382.0
719,1377788176,385.0
719,1377788181,388.0
719,1377788186,395.0
719,1377788191,398.0
719,1377788196,398.0
719,1377788201,396.0
719,1377788206,401.0
719,1377788211,398.0
719,1377788216,401.0
719,1377788221,398.0
719,1377788226,398.0
719,1377788231,403.0
719,1377788236,404.0
719,1377788241,398.0
719,1377788246,403.0
719,1377788251,401.0
719,1377788256,401.0
719,1377788261,399.0
719,1377788266,404.0
719,1377788271,412.0
719,1377788276,397.0
719,1377788281,398.0
719,1377788286,398.0
719,1377788291,397.0
719,1377788296,396.0
719,1377788301,397.0
719,1377788306,393.0
719,1377788311,393.0
719,1377788316,387.0
719,1377788321,391.0
719,1377788326,390.0
719,1377788331,390.0
719,1377788336,390.0
719,1377788341,396.0
719,1377788346,393.0
719,1377788351,395.0
719,1377788356,403.0
719,1377788361,407.0
719,1377788366,407.0
719,1377788371,401.0
719,1377788376,404.0
719,1377788381,400.0
719,1377788386,393.0
719,1377788391,396.0
719,1377788396,392.0
719,1377788401,392.0
719,1377788406,391.0
719,1377788411,396.0
719,1377788416,397.0
719,1377788421,401.0
719,1377788426,408.0
719,1377788431,416.0
719,1377788436,412.0
719,1377788441,409.0
719,1377788446,406.0
719,1377788451,402.0
719,1377788456,390.0
719,1377788461,385.0
719,1377788466,388.0
719,1377788471,387.0
719,1377788476,387.0
719,1377788481,396.0
719,1377788486,391.0
719,1377788491,395.0
719,1377788496,391.0
719,1377788501,391.0
719,1377788506,391.0
719,1377788511,391.0
719,1377788516,392.0
719,1377788521,388.0
719,1377788526,382.0
719,1377788531,390.0
719,1377788536,392.0
719,1377788541,396.0
719,1377788546,396.0
719,1377788551,396.0
719,1377788556,395.0
719,1377788561,397.0
719,1377788566,396.0
719,1377788571,391.0
719,1377788576,393.0
719,1377788581,400.0
719,1377788586,398.0
719,1377788591,400.0
719,1377788596,396.0
719,1377788601,390.0
719,1377788606,396.0
719,1377788611,404.0
719,1377788616,397.0
719,1377788621,397.0
719,1377788626,393.0
719,1377788631,393.0
719,1377788636,390.0
719,1377788641,396.0
719,1377788646,391.0
719,1377788651,396.0
719,1377788656,391.0
719,1377788661,396.0
719,1377788666,396.0
719,1377788671,393.0
719,1377788676,393.0
719,1377788681,387.0
719,1377788686,396.0
719,1377788691,388.0
719,1377788696,393.0
719,1377788701,392.0
719,1377788706,390.0
719,1377788711,390.0
719,1377788716,393.0
719,1377788721,388.0
719,1377788726,390.0
719,1377788731,392.0
719,1377788736,390.0
719,1377788741,390.0
719,1377788746,393.0
719,1377788751,390.0
719,1377788756,395.0
719,1377788761,397.0
719,1377788766,397.0
719,1377788771,402.0
719,1377788776,403.0
719,1377788781,406.0
719,1377788786,398.0
719,1377788791,398.0
719,1377788796,390.0
719,1377788801,388.0
719,1377788806,387.0
719,1377788811,404.0
719,1377788816,401.0
719,1377788821,397.0
719,1377788826,391.0
719,1377788831,391.0
719,1377788836,396.0
719,1377788841,393.0
719,1377788846,390.0
719,1377788851,390.0
719,1377788856,383.0
719,1377788861,383.0
719,1377788866,387.0
719,1377788871,396.0
719,1377788876,396.0
719,1377788881,401.0
719,1377788886,401.0
719,1377788891,398.0
719,1377788896,401.0
719,1377788901,400.0
719,1377788906,398.0
719,1377788911,397.0
719,1377788916,397.0
719,1377788921,396.0
719,1377788926,401.0
719,1377788931,393.0
719,1377788936,390.0
719,1377788941,383.0
719,1377788946,392.0
719,1377788951,390.0
719,1377788956,398.0
719,1377788961,398.0
719,1377788966,402.0
719,1377788971,397.0
719,1377788976,398.0
719,1377788981,397.0
719,1377788986,391.0
719,1377788991,397.0
719,1377788996,390.0
719,1377789001,397.0
719,1377789006,396.0
719,1377789011,401.0
719,1377789016,397.0
719,1377789021,393.0
719,1377789026,392.0
719,1377789031,385.0
719,1377789036,385.0
719,1377789041,391.0
719,1377789046,393.0
719,1377789051,395.0
719,1377789056,396.0
719,1377789061,399.0
719,1377789066,389.0
719,1377789071,393.0
719,1377789076,391.0
719,1377789081,390.0
719,1377789086,390.0
719,1377789091,392.0
719,1377789096,381.0
719,1377789101,379.0
719,1377789106,382.0
719,1377789111,387.0
719,1377789116,391.0
719,1377789121,403.0
719,1377789126,403.0
719,1377789131,401.0
719,1377789136,396.0
719,1377789141,396.0
719,1377789146,391.0
719,1377789151,396.0
719,1377789156,390.0
719,1377789161,388.0
719,1377789166,382.0
719,1377789171,385.0
719,1377789176,383.0
719,1377789181,393.0
719,1377789186,396.0
719,1377789191,396.0
719,1377789196,398.0
719,1377789201,396.0
719,1377789206,396.0
719,1377789211,396.0
719,1377789216,390.0
719,1377789221,387.0
719,1377789226,393.0
719,1377789231,396.0
719,1377789236,395.0
719,1377789241,396.0
719,1377789246,396.0
719,1377789251,390.0
719,1377789256,398.0
719,1377789261,398.0
719,1377789266,398.0
719,1377789271,395.0
719,1377789276,393.0
719,1377789281,395.0
719,1377789286,393.0
719,1377789291,387.0
719,1377789296,385.0
719,1377789301,387.0
719,1377789306,384.0
719,1377789313,382.0
719,1377789316,383.0
719,1377789321,396.0
719,1377789326,388.0
719,1377789331,383.0
719,1377789336,383.0
719,1377789341,392.0
719,1377789346,393.0
719,1377789351,400.0
719,1377789356,402.0
719,1377789361,401.0
719,1377789366,393.0
719,1377789371,395.0
719,1377789376,393.0
719,1377789381,388.0
719,1377789386,382.0
719,1377789391,383.0
719,1377789396,388.0
719,1377789401,382.0
719,1377789406,382.0
719,1377789411,385.0
719,1377789416,385.0
719,1377789421,388.0
719,1377789426,392.0
719,1377789431,395.0
719,1377789436,397.0
719,1377789441,395.0
719,1377789446,397.0
719,1377789451,390.0
719,1377789456,395.0
719,1377789461,395.0
719,1377789466,395.0
719,1377789471,395.0
719,1377789476,401.0
719,1377789481,398.0
719,1377789486,397.0
719,1377789491,398.0
719,1377789496,398.0
719,1377789501,396.0
719,1377789506,393.0
719,1377789511,393.0
719,1377789516,391.0
719,1377789521,400.0
719,1377789526,395.0
719,1377789531,393.0
719,1377789536,390.0
719,1377789541,396.0
719,1377789546,387.0
719,1377789551,387.0
719,1377789556,387.0
719,1377789561,388.0
719,1377789566,387.0
719,1377789571,392.0
719,1377789576,390.0
719,1377789581,393.0
719,1377789586,397.0
719,1377789591,395.0
719,1377789596,390.0
719,1377789601,393.0
719,1377789606,387.0
719,1377789611,382.0
719,1377789616,385.0
719,1377789621,383.0
719,1377789626,396.0
719,1377789631,393.0
719,1377789636,391.0
719,1377789641,397.0
719,1377789646,398.0
719,1377789651,396.0
719,1377789656,396.0
719,1377789661,396.0
719,1377789666,393.0
719,1377789671,391.0
719,1377789676,390.0
719,1377789681,391.0
719,1377789686,391.0
719,1377789691,396.0
719,1377789696,390.0
719,1377789701,396.0
719,1377789706,393.0
719,1377789711,388.0
719,1377789717,385.0
719,1377789721,382.0
719,1377789726,382.0
719,1377789731,384.0
719,1377789736,380.0
719,1377789741,388.0
719,1377789746,387.0
719,1377789751,391.0
719,1377789756,390.0
719,1377789761,390.0
719,1377789766,393.0
719,1377789771,396.0
719,1377789776,393.0
719,1377789781,391.0
719,1377789786,398.0
719,1377789791,398.0
719,1377789796,398.0
719,1377789801,406.0
719,1377789806,398.0
719,1377789811,402.0
719,1377789816,395.0
719,1377789821,391.0
719,1377789826,395.0
719,1377789831,400.0
719,1377789836,401.0
719,1377789841,402.0
719,1377789846,404.0
719,1377789851,409.0
719,1377789856,406.0
719,1377789861,406.0
719,1377789866,401.0
719,1377789871,403.0
719,1377789876,403.0
719,1377789881,398.0
719,1377789886,391.0
719,1377789891,390.0
719,1377789896,396.0
719,1377789901,387.0
719,1377789906,383.0
719,1377789911,385.0
719,1377789916,386.0
719,1377789921,383.0
719,1377789926,390.0
719,1377789931,395.0
719,1377789936,398.0
719,1377789941,395.0
719,1377789946,400.0
719,1377789951,396.0
719,1377789956,401.0
719,1377789961,396.0
719,1377789966,397.0
719,1377789971,396.0
719,1377789976,401.0
719,1377789981,392.0
719,1377789986,387.0
719,1377789991,385.0
719,1377789996,386.0
719,1377790001,388.0
719,1377790006,385.0
719,1377790014,387.0
719,1377790016,385.0
719,1377790021,390.0
719,1377790026,387.0
719,1377790031,388.0
719,1377790036,389.0
719,1377790041,392.0
719,1377790046,393.0
719,1377790051,396.0
719,1377790056,398.0
719,1377790061,401.0
719,1377790066,395.0
719,1377790071,395.0
719,1377790076,397.0
719,1377790081,391.0
719,1377790086,392.0
719,1377790091,382.0
719,1377790096,385.0
719,1377790101,387.0
719,1377790106,388.0
719,1377790111,383.0
719,1377790116,391.0
719,1377790121,393.0
719,1377790126,398.0
719,1377790131,395.0
719,1377790136,400.0
719,1377790141,400.0
719,1377790146,397.0
719,1377790151,390.0
719,1377790156,393.0
719,1377790161,390.0
719,1377790166,396.0
719,1377790171,391.0
719,1377790176,391.0
719,1377790181,392.0
719,1377790186,390.0
719,1377790191,396.0
719,1377790196,393.0
719,1377790201,392.0
719,1377790206,397.0
719,1377790211,391.0
719,1377790216,395.0
719,1377790221,396.0
719,1377790226,391.0
719,1377790231,391.0
719,1377790236,397.0
719,1377790241,402.0
719,1377790246,399.0
719,1377790251,404.0
719,1377790256,393.0
719,1377790261,391.0
719,1377790266,391.0
719,1377790271,392.0
719,1377790276,384.0
719,1377790281,379.0
719,1377790286,379.0
719,1377790291,375.0
719,1377790296,383.0
719,1377790301,388.0
719,1377790306,388.0
719,1377790311,391.0
719,1377790316,391.0
719,1377790321,391.0
719,1377790326,397.0
719,1377790331,401.0
719,1377790336,398.0
719,1377790341,401.0
719,1377790346,395.0
719,1377790351,404.0
719,1377790356,406.0
719,1377790361,416.0
719,1377790366,420.0
719,1377790371,407.0
719,1377790376,412.0
719,1377790381,408.0
719,1377790386,408.0
719,1377790391,408.0
719,1377790396,416.0
719,1377790401,407.0
719,1377790406,406.0
719,1377790411,409.0
719,1377790416,416.0
719,1377790421,409.0
719,1377790426,411.0
719,1377790431,420.0
719,1377790436,422.0
719,1377790441,419.0
719,1377790446,420.0
719,1377790451,413.0
719,1377790456,411.0
719,1377790461,416.0
719,1377790466,413.0
719,1377790471,411.0
719,1377790476,419.0
719,1377790481,428.0
719,1377790486,428.0
719,1377790491,431.0
719,1377790496,427.0
719,1377790501,422.0
719,1377790506,422.0
719,1377790511,422.0
719,1377790516,419.0
719,1377790521,422.0
719,1377790526,422.0
719,1377790531,422.0
719,1377790536,425.0
719,1377790541,428.0
719,1377790546,423.0
719,1377790551,430.0
719,1377790556,433.0
719,1377790561,429.0
719,1377790566,430.0
719,1377790571,434.0
719,1377790576,433.0
719,1377790581,434.0
719,1377790586,429.0
719,1377790591,436.0
719,1377790596,435.0
719,1377790601,440.0
719,1377790606,448.0
719,1377790611,443.0
719,1377790616,452.0
719,1377790621,456.0
719,1377790626,451.0
719,1377790631,443.0
719,1377790636,446.0
719,1377790641,441.0
719,1377790646,438.0
719,1377790651,439.0
719,1377790656,441.0
719,1377790661,441.0
719,1377790666,441.0
719,1377790671,435.0
719,1377790676,435.0
719,1377790681,444.0
719,1377790686,438.0
719,1377790691,435.0
719,1377790696,440.0
719,1377790701,430.0
719,1377790706,429.0
719,1377790711,432.0
719,1377790716,434.0
719,1377790721,433.0
719,1377790726,434.0
719,1377790731,440.0
719,1377790736,439.0
719,1377790741,440.0
719,1377790746,435.0
719,1377790751,436.0
719,1377790756,433.0
719,1377790761,435.0
719,1377790766,430.0
719,1377790771,433.0
719,1377790776,440.0
719,1377790781,444.0
719,1377790786,448.0
719,1377790791,448.0
719,1377790796,443.0
719,1377790801,444.0
719,1377790806,439.0
719,1377790811,448.0
719,1377790816,439.0
719,1377790821,452.0
719,1377790826,456.0
719,1377790831,457.0
719,1377790836,447.0
719,1377790841,452.0
719,1377790846,443.0
719,1377790851,452.0
719,1377790856,439.0
719,1377790861,444.0
719,1377790866,441.0
719,1377790871,444.0
719,1377790876,443.0
719,1377790881,439.0
719,1377790886,448.0
719,1377790891,446.0
719,1377790896,439.0
719,1377790901,448.0
719,1377790906,446.0
719,1377790911,446.0
719,1377790916,443.0
719,1377790921,443.0
719,1377790926,443.0
719,1377790931,439.0
719,1377790936,448.0
719,1377790941,439.0
719,1377790946,438.0
719,1377790951,436.0
719,1377790956,441.0
719,1377790961,429.0
719,1377790966,433.0
719,1377790971,434.0
719,1377790976,430.0
719,1377790981,433.0
719,1377790986,441.0
719,1377790991,439.0
719,1377790996,439.0
719,1377791001,444.0
719,1377791006,446.0
719,1377791011,443.0
719,1377791016,443.0
719,1377791021,439.0
719,1377791026,440.0
719,1377791031,435.0
719,1377791036,435.0
719,1377791041,433.0
719,1377791046,440.0
719,1377791051,441.0
719,1377791056,444.0
719,1377791061,448.0
719,1377791066,444.0
719,1377791071,441.0
719,1377791076,435.0
719,1377791081,433.0
719,1377791086,430.0
719,1377791091,432.0
719,1377791096,428.0
719,1377791101,423.0
719,1377791106,425.0
719,1377791111,427.0
719,1377791116,429.0
719,1377791121,436.0
719,1377791126,440.0
719,1377791131,434.0
719,1377791136,429.0
719,1377791141,433.0
719,1377791146,433.0
719,1377791151,433.0
719,1377791156,434.0
719,1377791161,430.0
719,1377791166,429.0
719,1377791171,433.0
719,1377791176,435.0
719,1377791181,435.0
719,1377791186,435.0
719,1377791191,430.0
719,1377791196,438.0
719,1377791201,438.0
719,1377791206,448.0
719,1377791211,439.0
719,1377791216,443.0
719,1377791221,440.0
719,1377791226,435.0
719,1377791231,435.0
719,1377791236,429.0
719,1377791241,437.0
719,1377791246,440.0
719,1377791251,438.0
719,1377791256,429.0
719,1377791261,425.0
719,1377791266,423.0
719,1377791271,425.0
719,1377791276,419.0
719,1377791281,422.0
719,1377791286,433.0
719,1377791291,433.0
719,1377791296,435.0
719,1377791301,432.0
719,1377791306,430.0
719,1377791311,422.0
719,1377791316,425.0
719,1377791321,427.0
719,1377791326,425.0
719,1377791331,423.0
719,1377791336,425.0
719,1377791341,422.0
719,1377791346,423.0
719,1377791351,425.0
719,1377791356,422.0
719,1377791361,422.0
719,1377791366,422.0
719,1377791371,423.0
719,1377791376,422.0
719,1377791381,424.0
719,1377791386,424.0
719,1377791391,420.0
719,1377791396,423.0
719,1377791401,422.0
719,1377791406,422.0
719,1377791411,420.0
719,1377791416,411.0
719,1377791421,419.0
719,1377791426,422.0
719,1377791431,420.0
719,1377791436,422.0
719,1377791441,425.0
719,1377791449,423.0
719,1377791451,430.0
719,1377791456,436.0
719,1377791461,430.0
719,1377791466,430.0
719,1377791471,423.0
719,1377791476,428.0
719,1377791481,422.0
719,1377791486,428.0
719,1377791491,428.0
719,1377791496,429.0
719,1377791501,433.0
719,1377791506,440.0
719,1377791511,438.0
719,1377791516,439.0
719,1377791521,430.0
719,1377791526,427.0
719,1377791531,428.0
719,1377791536,419.0
719,1377791541,424.0
719,1377791546,422.0
719,1377791551,415.0
719,1377791556,422.0
719,1377791561,418.0
719,1377791566,413.0
719,1377791571,415.0
719,1377791576,415.0
719,1377791581,425.0
719,1377791586,422.0
719,1377791591,425.0
719,1377791596,423.0
719,1377791601,428.0
719,1377791606,420.0
719,1377791611,427.0
719,1377791616,428.0
719,1377791621,428.0
719,1377791626,423.0
719,1377791631,425.0
719,1377791636,428.0
719,1377791641,423.0
719,1377791646,425.0
719,1377791651,419.0
719,1377791656,411.0
719,1377791661,412.0
719,1377791666,411.0
719,1377791671,422.0
719,1377791676,423.0
719,1377791681,429.0
719,1377791686,430.0
719,1377791691,422.0
719,1377791696,419.0
719,1377791701,418.0
719,1377791706,420.0
719,1377791711,418.0
719,1377791716,415.0
719,1377791721,420.0
719,1377791726,423.0
719,1377791731,422.0
719,1377791736,430.0
719,1377791741,422.0
719,1377791746,428.0
719,1377791751,428.0
719,1377791756,424.0
719,1377791761,418.0
719,1377791766,411.0
719,1377791771,408.0
719,1377791776,403.0
719,1377791781,412.0
719,1377791786,412.0
719,1377791791,411.0
719,1377791796,419.0
719,1377791801,425.0
719,1377791806,428.0
719,1377791811,423.0
719,1377791816,428.0
719,1377791821,423.0
719,1377791826,428.0
719,1377791831,425.0
719,1377791836,419.0
719,1377791841,419.0
719,1377791846,420.0
719,1377791851,415.0
719,1377791856,424.0
719,1377791861,425.0
719,1377791866,415.0
719,1377791871,411.0
719,1377791876,407.0
719,1377791881,407.0
719,1377791886,409.0
719,1377791891,407.0
719,1377791896,417.0
719,1377791901,418.0
719,1377791906,413.0
719,1377791911,409.0
719,1377791916,407.0
719,1377791921,412.0
719,1377791926,406.0
719,1377791931,420.0
719,1377791936,425.0
719,1377791941,427.0
719,1377791946,430.0
719,1377791951,428.0
719,1377791956,427.0
719,1377791961,422.0
719,1377791966,422.0
719,1377791971,415.0
719,1377791976,415.0
719,1377791981,424.0
719,1377791986,422.0
719,1377791991,422.0
719,1377791996,419.0
719,1377792001,422.0
719,1377792006,418.0
719,1377792011,411.0
719,1377792016,411.0
719,1377792021,411.0
719,1377792026,414.0
719,1377792031,414.0
719,1377792036,416.0
719,1377792041,411.0
719,1377792046,411.0
719,1377792051,419.0
719,1377792056,420.0
719,1377792061,428.0
719,1377792066,423.0
719,1377792071,423.0
719,1377792076,415.0
719,1377792081,411.0
719,1377792086,412.0
719,1377792091,406.0
719,1377792096,407.0
719,1377792101,411.0
719,1377792106,414.0
719,1377792111,419.0
719,1377792116,418.0
719,1377792121,413.0
719,1377792126,413.0
719,1377792131,411.0
719,1377792136,416.0
719,1377792141,415.0
719,1377792146,424.0
719,1377792151,429.0
719,1377792156,433.0
719,1377792161,422.0
719,1377792167,423.0
719,1377792171,424.0
719,1377792176,424.0
719,1377792181,422.0
719,1377792186,424.0
719,1377792191,413.0
719,1377792196,413.0
719,1377792201,412.0
719,1377792206,409.0
719,1377792211,412.0
719,1377792216,412.0
719,1377792221,413.0
719,1377792226,415.0
719,1377792231,422.0
719,1377792236,425.0
719,1377792241,420.0
719,1377792246,419.0
719,1377792251,424.0
719,1377792256,422.0
719,1377792261,415.0
719,1377792266,418.0
719,1377792271,413.0
719,1377792276,420.0
719,1377792281,424.0
719,1377792286,415.0
719,1377792291,419.0
719,1377792296,406.0
719,1377792301,411.0
719,1377792306,413.0
719,1377792311,411.0
719,1377792316,428.0
719,1377792321,423.0
719,1377792326,427.0
719,1377792331,430.0
719,1377792336,423.0
719,1377792341,424.0
719,1377792346,423.0
719,1377792351,428.0
719,1377792356,432.0
719,1377792361,436.0
719,1377792366,431.0
719,1377792371,433.0
719,1377792376,433.0
719,1377792381,430.0
719,1377792386,430.0
719,1377792391,435.0
719,1377792396,435.0
719,1377792401,438.0
719,1377792406,441.0
719,1377792411,436.0
719,1377792416,430.0
719,1377792421,435.0
719,1377792426,435.0
719,1377792431,436.0
719,1377792436,435.0
719,1377792441,444.0
719,1377792446,448.0
719,1377792451,446.0
719,1377792456,447.0
719,1377792461,447.0
719,1377792467,448.0
719,1377792471,440.0
719,1377792476,440.0
719,1377792481,436.0
719,1377792486,438.0
719,1377792491,439.0
719,1377792496,439.0
719,1377792501,452.0
719,1377792506,452.0
719,1377792511,439.0
719,1377792516,443.0
719,1377792521,443.0
719,1377792526,448.0
719,1377792531,448.0
719,1377792536,444.0
719,1377792541,446.0
719,1377792546,447.0
719,1377792551,452.0
719,1377792556,454.0
719,1377792561,447.0
719,1377792566,447.0
719,1377792571,449.0
719,1377792576,443.0
719,1377792581,452.0
719,1377792586,446.0
719,1377792591,447.0
719,1377792596,443.0
719,1377792601,452.0
719,1377792606,448.0
719,1377792611,452.0
719,1377792616,443.0
719,1377792621,447.0
719,1377792626,450.0
719,1377792631,452.0
719,1377792636,447.0
719,1377792641,457.0
719,1377792646,456.0
719,1377792651,460.0
719,1377792656,456.0
719,1377792661,452.0
719,1377792666,447.0
719,1377792671,460.0
719,1377792676,462.0
719,1377792681,461.0
719,1377792686,461.0
719,1377792691,465.0
719,1377792696,467.0
719,1377792701,466.0
719,1377792710,465.0
719,1377792716,462.0
719,1377792727,476.0
719,1377792731,468.0
719,1377792740,476.0
719,1377792745,472.0
719,1377792751,472.0
719,1377792757,467.0
719,1377792765,465.0
719,1377792770,466.0
719,1377792771,460.0
719,1377792784,461.0
719,1377792786,460.0
719,1377792792,460.0
719,1377792798,460.0
719,1377792805,459.0
719,1377792821,468.0
719,1377792832,473.0
719,1377792852,473.0
719,1377792869,472.0
719,1377792883,461.0
719,1377792895,473.0
719,1377792896,480.0
719,1377792911,489.0
719,1377792927,487.0
719,1377792931,491.0
719,1377792939,489.0
719,1377792948,497.0
719,1377792965,502.0
719,1377792971,504.0
719,1377792978,512.0
719,1377792999,505.0
719,1377793000,510.0
719,1377793001,507.0
719,1377793014,499.0
719,1377793026,499.0
719,1377793040,503.0
719,1377793048,505.0
719,1377793065,514.0
719,1377793066,511.0
719,1377793084,519.0
719,1377793090,524.0
719,1377793098,520.0
719,1377793109,509.0
719,1377793127,511.0
719,1377793140,524.0
719,1377793141,526.0
719,1377793163,529.0
719,1377793166,530.0
719,1377793171,529.0
719,1377793176,529.0
719,1377793181,521.0
719,1377793200,518.0
719,1377793201,515.0
719,1377793206,518.0
719,1377793211,521.0
719,1377793216,519.0
719,1377793232,516.0
719,1377793257,534.0
719,1377793261,546.0
719,1377793266,548.0
719,1377793298,556.0
719,1377793304,561.0
719,1377793306,560.0
719,1377793331,550.0
719,1377793336,550.0
719,1377793341,541.0
719,1377793347,547.0
719,1377793352,541.0
719,1377793360,552.0
719,1377793361,551.0
719,1377793376,558.0
719,1377793390,561.0
719,1377793391,556.0
719,1377793399,551.0
719,1377793411,558.0
719,1377793412,558.0
719,1377793429,566.0
719,1377793431,566.0
719,1377793444,568.0
719,1377793452,562.0
719,1377793460,558.0
719,1377793467,551.0
719,1377793481,561.0
719,1377793497,558.0
719,1377793511,555.0
719,1377793522,564.0
719,1377793532,568.0
719,1377793536,559.0
719,1377793541,557.0
719,1377793546,558.0
719,1377793553,566.0
719,1377793562,571.0
719,1377793567,571.0
719,1377793584,566.0
719,1377793587,563.0
719,1377793593,566.0
719,1377793618,563.0
719,1377793629,563.0
719,1377793631,561.0
719,1377793636,557.0
719,1377793642,563.0
719,1377793646,572.0
719,1377793651,569.0
719,1377793656,567.0
719,1377793661,572.0
719,1377793666,568.0
719,1377793671,561.0
719,1377793676,551.0
719,1377793681,541.0
719,1377793686,545.0
719,1377793691,546.0
719,1377793696,546.0
719,1377793701,547.0
719,1377793706,550.0
719,1377793711,546.0
719,1377793716,550.0
719,1377793721,539.0
719,1377793731,546.0
719,1377793736,561.0
719,1377793741,556.0
719,1377793746,558.0
719,1377793751,556.0
719,1377793756,553.0
719,1377793761,543.0
719,1377793766,545.0
719,1377793771,541.0
719,1377793776,539.0
719,1377793781,541.0
719,1377793786,537.0
719,1377793791,536.0
719,1377793796,526.0
719,1377793801,530.0
719,1377793806,531.0
719,1377793811,526.0
719,1377793816,529.0
719,1377793821,526.0
719,1377793826,524.0
719,1377793831,526.0
719,1377793836,529.0
719,1377793841,531.0
719,1377793846,526.0
719,1377793851,529.0
719,1377793856,524.0
719,1377793861,523.0
719,1377793866,521.0
719,1377793871,529.0
719,1377793876,529.0
719,1377793881,528.0
719,1377793886,524.0
719,1377793891,519.0
719,1377793896,521.0
719,1377793901,519.0
719,1377793906,521.0
719,1377793911,524.0
719,1377793916,519.0
719,1377793921,519.0
719,1377793926,518.0
719,1377793931,511.0
719,1377793936,515.0
719,1377793941,515.0
719,1377793946,518.0
719,1377793951,515.0
719,1377793956,524.0
719,1377793961,529.0
719,1377793966,525.0
719,1377793971,530.0
719,1377793976,534.0
719,1377793981,521.0
719,1377793986,524.0
719,1377793991,518.0
719,1377793996,516.0
719,1377794001,508.0
719,1377794006,505.0
719,1377794011,508.0
719,1377794016,514.0
719,1377794021,515.0
719,1377794026,518.0
719,1377794031,511.0
719,1377794036,509.0
719,1377794041,518.0
719,1377794046,509.0
719,1377794051,515.0
719,1377794056,518.0
719,1377794061,511.0
719,1377794066,511.0
719,1377794071,513.0
719,1377794076,512.0
719,1377794081,507.0
719,1377794086,514.0
719,1377794091,518.0
719,1377794096,516.0
719,1377794101,516.0
719,1377794106,512.0
719,1377794111,507.0
719,1377794116,505.0
719,1377794121,509.0
719,1377794126,508.0
719,1377794131,508.0
719,1377794136,508.0
719,1377794141,507.0
719,1377794146,508.0
719,1377794151,505.0
719,1377794156,508.0
719,1377794161,510.0
719,1377794166,507.0
719,1377794171,505.0
719,1377794176,514.0
719,1377794181,505.0
719,1377794186,499.0
719,1377794191,504.0
719,1377794196,508.0
719,1377794201,505.0
719,1377794206,509.0
719,1377794211,512.0
719,1377794216,503.0
719,1377794221,503.0
719,1377794226,514.0
719,1377794231,514.0
719,1377794236,509.0
719,1377794241,503.0
719,1377794246,507.0
719,1377794251,503.0
719,1377794256,503.0
719,1377794261,505.0
719,1377794266,505.0
719,1377794271,499.0
719,1377794276,504.0
719,1377794281,504.0
719,1377794286,502.0
719,1377794291,502.0
719,1377794296,502.0
719,1377794301,503.0
719,1377794306,503.0
719,1377794311,516.0
719,1377794316,518.0
719,1377794321,524.0
719,1377794326,515.0
719,1377794331,518.0
719,1377794336,508.0
719,1377794341,514.0
719,1377794346,514.0
719,1377794351,514.0
719,1377794356,505.0
719,1377794361,508.0
719,1377794366,497.0
719,1377794371,497.0
719,1377794376,504.0
719,1377794381,503.0
719,1377794386,503.0
719,1377794391,508.0
719,1377794396,504.0
719,1377794401,497.0
719,1377794406,498.0
719,1377794411,492.0
719,1377794416,502.0
719,1377794421,504.0
719,1377794426,504.0
719,1377794431,500.0
719,1377794436,503.0
719,1377794444,504.0
719,1377794446,499.0
719,1377794451,504.0
719,1377794456,505.0
719,1377794461,504.0
719,1377794466,504.0
719,1377794471,504.0
719,1377794476,499.0
719,1377794481,503.0
719,1377794486,505.0
719,1377794491,502.0
719,1377794496,502.0
719,1377794501,503.0
719,1377794506,505.0
719,1377794511,504.0
719,1377794516,502.0
719,1377794521,494.0
719,1377794526,497.0
719,1377794531,494.0
719,1377794536,497.0
719,1377794541,497.0
719,1377794546,494.0
719,1377794551,502.0
719,1377794556,505.0
719,1377794561,508.0
719,1377794566,508.0
719,1377794571,502.0
719,1377794576,493.0
719,1377794581,493.0
719,1377794586,492.0
719,1377794591,493.0
719,1377794596,494.0
719,1377794601,504.0
719,1377794606,500.0
719,1377794611,504.0
719,1377794616,497.0
719,1377794621,504.0
719,1377794626,499.0
719,1377794631,497.0
719,1377794636,499.0
719,1377794641,499.0
719,1377794646,497.0
719,1377794651,496.0
719,1377794656,489.0
719,1377794661,486.0
719,1377794666,494.0
719,1377794671,493.0
719,1377794676,497.0
719,1377794681,495.0
719,1377794686,499.0
719,1377794691,500.0
719,1377794696,504.0
719,1377794701,502.0
719,1377794706,508.0
719,1377794711,507.0
719,1377794716,521.0
719,1377794721,534.0
719,1377794726,540.0
719,1377794731,561.0
719,1377794736,567.0
719,1377794741,588.0
719,1377794746,610.0
719,1377794751,614.0
719,1377794756,605.0
719,1377794761,605.0
719,1377794766,604.0
719,1377794771,590.0
719,1377794776,574.0
719,1377794781,566.0
719,1377794786,563.0
719,1377794791,561.0
719,1377794796,556.0
719,1377794801,543.0
719,1377794806,550.0
719,1377794811,546.0
719,1377794816,546.0
719,1377794821,535.0
719,1377794826,537.0
719,1377794831,536.0
719,1377794836,531.0
719,1377794841,536.0
719,1377794846,532.0
719,1377794851,536.0
719,1377794856,536.0
719,1377794861,535.0
719,1377794866,540.0
719,1377794871,540.0
719,1377794876,540.0
719,1377794881,540.0
719,1377794886,539.0
719,1377794891,539.0
719,1377794896,547.0
719,1377794901,541.0
719,1377794906,540.0
719,1377794911,542.0
719,1377794916,535.0
719,1377794921,539.0
719,1377794926,535.0
719,1377794931,540.0
719,1377794936,544.0
719,1377794941,540.0
719,1377794946,535.0
719,1377794951,535.0
719,1377794956,536.0
719,1377794961,536.0
719,1377794966,536.0
719,1377794971,526.0
719,1377794976,531.0
719,1377794981,530.0
719,1377794986,536.0
719,1377794991,532.0
719,1377794996,531.0
719,1377795001,530.0
719,1377795006,529.0
719,1377795011,525.0
719,1377795016,529.0
719,1377795021,534.0
719,1377795026,531.0
719,1377795031,531.0
719,1377795036,526.0
719,1377795041,524.0
719,1377795047,515.0
719,1377795051,509.0
719,1377795056,518.0
719,1377795061,519.0
719,1377795066,531.0
719,1377795071,526.0
719,1377795076,526.0
719,1377795081,526.0
719,1377795086,503.0
719,1377795091,512.0
719,1377795096,503.0
719,1377795101,507.0
719,1377795106,515.0
719,1377795111,518.0
719,1377795116,521.0
719,1377795121,521.0
719,1377795126,523.0
719,1377795131,519.0
719,1377795137,521.0
719,1377795141,525.0
719,1377795146,531.0
719,1377795151,526.0
719,1377795156,529.0
719,1377795161,526.0
719,1377795166,524.0
719,1377795171,515.0
719,1377795176,515.0
719,1377795181,520.0
719,1377795186,515.0
719,1377795191,524.0
719,1377795196,528.0
719,1377795201,524.0
719,1377795206,529.0
719,1377795211,526.0
719,1377795217,518.0
719,1377795221,509.0
719,1377795226,518.0
719,1377795231,508.0
719,1377795236,505.0
719,1377795241,505.0
719,1377795246,507.0
719,1377795251,514.0
719,1377795256,515.0
719,1377795261,511.0
719,1377795266,509.0
719,1377795271,508.0
719,1377795276,508.0
719,1377795281,514.0
719,1377795286,518.0
719,1377795291,515.0
719,1377795296,508.0
719,1377795301,518.0
719,1377795306,503.0
719,1377795311,505.0
719,1377795316,507.0
719,1377795321,505.0
719,1377795326,510.0
719,1377795331,508.0
719,1377795336,512.0
719,1377795341,509.0
719,1377795346,513.0
719,1377795351,511.0
719,1377795356,515.0
719,1377795361,526.0
719,1377795366,507.0
719,1377795371,507.0
719,1377795376,514.0
719,1377795381,499.0
719,1377795386,499.0
719,1377795391,499.0
719,1377795396,499.0
719,1377795401,499.0
719,1377795406,497.0
719,1377795411,494.0
719,1377795416,494.0
719,1377795421,492.0
719,1377795426,487.0
719,1377795431,486.0
719,1377795436,486.0
719,1377795441,482.0
719,1377795446,477.0
719,1377795451,480.0
719,1377795456,479.0
719,1377795461,483.0
719,1377795466,492.0
719,1377795471,491.0
719,1377795476,496.0
719,1377795481,487.0
719,1377795486,494.0
719,1377795491,488.0
719,1377795496,488.0
719,1377795501,486.0
719,1377795506,486.0
719,1377795511,492.0
719,1377795516,497.0
719,1377795521,504.0
719,1377795526,502.0
719,1377795531,504.0
719,1377795536,505.0
719,1377795541,503.0
719,1377795546,507.0
719,1377795551,515.0
719,1377795556,515.0
719,1377795561,509.0
719,1377795566,505.0
719,1377795571,508.0
719,1377795576,508.0
719,1377795581,507.0
719,1377795586,509.0
719,1377795591,514.0
719,1377795596,514.0
719,1377795601,516.0
719,1377795606,514.0
719,1377795611,509.0
719,1377795616,515.0
719,1377795621,515.0
719,1377795626,524.0
719,1377795631,526.0
719,1377795636,529.0
719,1377795641,526.0
719,1377795646,528.0
719,1377795651,521.0
719,1377795656,524.0
719,1377795661,519.0
719,1377795666,509.0
719,1377795671,518.0
719,1377795676,516.0
719,1377795681,524.0
719,1377795686,523.0
719,1377795691,531.0
719,1377795696,537.0
719,1377795701,535.0
719,1377795706,535.0
719,1377795711,535.0
719,1377795716,536.0
719,1377795721,529.0
719,1377795726,523.0
719,1377795731,526.0
719,1377795736,531.0
719,1377795741,539.0
719,1377795746,541.0
719,1377795751,548.0
719,1377795756,543.0
719,1377795761,553.0
719,1377795766,560.0
719,1377795771,563.0
719,1377795776,566.0
719,1377795781,569.0
719,1377795786,567.0
719,1377795791,569.0
719,1377795796,563.0
719,1377795801,572.0
719,1377795806,567.0
719,1377795811,574.0
719,1377795816,567.0
719,1377795822,582.0
719,1377795826,580.0
719,1377795831,588.0
719,1377795836,588.0
719,1377795841,593.0
719,1377795846,595.0
719,1377795851,600.0
719,1377795856,595.0
719,1377795861,599.0
719,1377795867,583.0
719,1377795871,588.0
719,1377795876,571.0
719,1377795881,571.0
719,1377795886,571.0
719,1377795891,584.0
719,1377795896,592.0
719,1377795901,600.0
719,1377795906,595.0
719,1377795911,599.0
719,1377795916,603.0
719,1377795921,605.0
719,1377795926,609.0
719,1377795931,607.0
719,1377795936,607.0
719,1377795941,614.0
719,1377795946,605.0
719,1377795951,609.0
719,1377795956,599.0
719,1377795961,599.0
719,1377795966,599.0
719,1377795971,603.0
719,1377795976,601.0
719,1377795981,610.0
719,1377795986,614.0
719,1377795991,599.0
719,1377795996,601.0
719,1377796001,608.0
719,1377796006,605.0
719,1377796011,617.0
719,1377796016,622.0
719,1377796021,620.0
719,1377796026,620.0
719,1377796031,632.0
719,1377796036,627.0
719,1377796041,621.0
719,1377796046,636.0
719,1377796051,631.0
719,1377796056,638.0
719,1377796061,643.0
719,1377796066,643.0
719,1377796071,641.0
719,1377796076,638.0
719,1377796081,636.0
719,1377796086,632.0
719,1377796091,627.0
719,1377796096,633.0
719,1377796101,640.0
719,1377796106,638.0
719,1377796111,646.0
719,1377796116,646.0
719,1377796121,639.0
719,1377796126,656.0
719,1377796131,654.0
719,1377796136,652.0
719,1377796141,654.0
719,1377796146,652.0
719,1377796151,654.0
719,1377796156,660.0
719,1377796161,660.0
719,1377796166,654.0
719,1377796171,653.0
719,1377796176,653.0
719,1377796181,659.0
719,1377796186,657.0
719,1377796191,664.0
719,1377796196,653.0
719,1377796201,659.0
719,1377796206,659.0
719,1377796211,664.0
719,1377796216,668.0
719,1377796221,664.0
719,1377796226,654.0
719,1377796231,659.0
719,1377796236,662.0
719,1377796241,663.0
719,1377796246,672.0
719,1377796251,668.0
719,1377796256,675.0
719,1377796261,668.0
719,1377796266,662.0
719,1377796271,665.0
719,1377796276,663.0
719,1377796281,669.0
719,1377796286,680.0
719,1377796291,676.0
719,1377796296,671.0
719,1377796301,676.0
719,1377796306,671.0
719,1377796311,675.0
719,1377796316,681.0
719,1377796321,681.0
719,1377796326,675.0
719,1377796331,681.0
719,1377796336,679.0
719,1377796341,684.0
719,1377796346,689.0
719,1377796351,688.0
719,1377796356,669.0
719,1377796361,669.0
719,1377796366,678.0
719,1377796371,671.0
719,1377796376,665.0
719,1377796381,668.0
719,1377796386,672.0
719,1377796391,659.0
719,1377796396,665.0
719,1377796401,668.0
719,1377796406,675.0
719,1377796411,675.0
719,1377796416,671.0
719,1377796421,686.0
719,1377796426,686.0
719,1377796431,685.0
719,1377796436,681.0
719,1377796441,675.0
719,1377796446,676.0
719,1377796451,675.0
719,1377796456,675.0
719,1377796461,684.0
719,1377796466,686.0
719,1377796471,691.0
719,1377796476,691.0
719,1377796481,691.0
719,1377796486,689.0
719,1377796491,678.0
719,1377796496,679.0
719,1377796501,680.0
719,1377796506,679.0
719,1377796511,686.0
719,1377796516,686.0
719,1377796521,671.0
719,1377796526,678.0
719,1377796531,678.0
719,1377796536,686.0
719,1377796541,684.0
719,1377796546,684.0
719,1377796551,689.0
719,1377796556,686.0
719,1377796561,681.0
719,1377796566,675.0
719,1377796571,678.0
719,1377796576,678.0
719,1377796581,671.0
719,1377796586,675.0
719,1377796591,684.0
719,1377796596,679.0
719,1377796601,686.0
719,1377796606,679.0
719,1377796612,691.0
719,1377796616,691.0
719,1377796621,694.0
719,1377796626,691.0
719,1377796631,686.0
719,1377796636,684.0
719,1377796641,688.0
719,1377796646,689.0
719,1377796651,686.0
719,1377796656,691.0
719,1377796661,692.0
719,1377796666,691.0
719,1377796671,694.0
719,1377796676,690.0
719,1377796681,688.0
719,1377796686,684.0
719,1377796691,689.0
719,1377796696,681.0
719,1377796701,678.0
719,1377796706,675.0
719,1377796711,681.0
719,1377796716,688.0
719,1377796721,691.0
719,1377796726,686.0
719,1377796731,695.0
719,1377796736,697.0
719,1377796741,696.0
719,1377796746,691.0
719,1377796751,694.0
719,1377796756,691.0
719,1377796761,704.0
719,1377796766,704.0
719,1377796771,708.0
719,1377796776,710.0
719,1377796781,695.0
719,1377796786,708.0
719,1377796791,707.0
719,1377796796,708.0
719,1377796801,704.0
719,1377796806,704.0
719,1377796811,704.0
719,1377796816,705.0
719,1377796821,710.0
719,1377796826,707.0
719,1377796831,706.0
719,1377796836,691.0
719,1377796841,689.0
719,1377796846,681.0
719,1377796851,678.0
719,1377796856,684.0
719,1377796861,691.0
719,1377796866,696.0
719,1377796871,697.0
719,1377796876,700.0
719,1377796881,699.0
719,1377796886,704.0
719,1377796891,695.0
719,1377796896,699.0
719,1377796901,699.0
719,1377796906,708.0
719,1377796911,716.0
719,1377796916,718.0
719,1377796921,713.0
719,1377796926,711.0
719,1377796931,716.0
719,1377796936,707.0
719,1377796941,708.0
719,1377796946,710.0
719,1377796951,704.0
719,1377796956,695.0
719,1377796961,710.0
719,1377796966,707.0
719,1377796971,707.0
719,1377796976,716.0
719,1377796981,716.0
719,1377796986,710.0
719,1377796991,706.0
719,1377796996,699.0
719,1377797001,697.0
719,1377797006,700.0
719,1377797011,686.0
719,1377797016,691.0
719,1377797021,691.0
719,1377797026,697.0
719,1377797031,695.0
719,1377797036,695.0
719,1377797041,708.0
719,1377797046,706.0
719,1377797051,705.0
719,1377797056,704.0
719,1377797061,695.0
719,1377797066,697.0
719,1377797071,691.0
719,1377797076,694.0
719,1377797081,696.0
719,1377797086,695.0
719,1377797091,694.0
719,1377797096,697.0
719,1377797101,706.0
719,1377797106,700.0
719,1377797111,704.0
719,1377797116,695.0
719,1377797121,694.0
719,1377797126,691.0
719,1377797131,691.0
719,1377797136,686.0
719,1377797141,689.0
719,1377797146,685.0
719,1377797151,686.0
719,1377797156,686.0
719,1377797161,688.0
719,1377797166,684.0
719,1377797171,686.0
719,1377797176,685.0
719,1377797181,686.0
719,1377797186,691.0
719,1377797191,696.0
719,1377797196,686.0
719,1377797201,691.0
719,1377797206,700.0
719,1377797211,691.0
719,1377797216,697.0
719,1377797221,697.0
719,1377797226,691.0
719,1377797231,700.0
719,1377797236,700.0
719,1377797241,691.0
719,1377797246,679.0
719,1377797251,679.0
719,1377797256,689.0
719,1377797261,691.0
719,1377797266,684.0
719,1377797271,685.0
719,1377797276,681.0
719,1377797281,678.0
719,1377797286,681.0
719,1377797291,686.0
719,1377797296,686.0
719,1377797301,689.0
719,1377797306,684.0
719,1377797311,678.0
719,1377797316,671.0
719,1377797321,678.0
719,1377797326,671.0
719,1377797331,675.0
719,1377797336,684.0
719,1377797341,689.0
719,1377797346,691.0
719,1377797351,695.0
719,1377797356,696.0
719,1377797361,691.0
719,1377797366,691.0
719,1377797371,686.0
719,1377797376,691.0
719,1377797381,691.0
719,1377797386,694.0
719,1377797394,696.0
719,1377797396,686.0
719,1377797401,696.0
719,1377797406,696.0
719,1377797411,686.0
719,1377797416,686.0
719,1377797421,684.0
719,1377797426,671.0
719,1377797431,675.0
719,1377797436,679.0
719,1377797441,679.0
719,1377797446,686.0
719,1377797451,684.0
719,1377797456,689.0
719,1377797461,690.0
719,1377797466,691.0
719,1377797471,700.0
719,1377797476,699.0
719,1377797481,706.0
719,1377797486,704.0
719,1377797491,686.0
719,1377797496,689.0
719,1377797501,684.0
719,1377797506,684.0
719,1377797511,686.0
719,1377797516,690.0
719,1377797521,691.0
719,1377797526,695.0
719,1377797531,710.0
719,1377797536,703.0
719,1377797541,703.0
719,1377797547,708.0
719,1377797551,704.0
719,1377797556,691.0
719,1377797561,696.0
719,1377797566,690.0
719,1377797571,686.0
719,1377797576,697.0
719,1377797581,704.0
719,1377797586,707.0
719,1377797591,716.0
719,1377797596,713.0
719,1377797601,718.0
719,1377797606,721.0
719,1377797611,713.0
719,1377797616,699.0
719,1377797621,699.0
719,1377797626,712.0
719,1377797631,718.0
719,1377797636,703.0
719,1377797641,718.0
719,1377797646,721.0
719,1377797651,713.0
719,1377797656,710.0
719,1377797661,699.0
719,1377797666,705.0
719,1377797671,710.0
719,1377797676,713.0
719,1377797681,717.0
719,1377797686,723.0
719,1377797691,722.0
719,1377797696,716.0
719,1377797701,721.0
719,1377797706,711.0
719,1377797711,710.0
719,1377797716,710.0
719,1377797721,710.0
719,1377797726,695.0
719,1377797731,699.0
719,1377797736,699.0
719,1377797741,707.0
719,1377797746,708.0
719,1377797751,706.0
719,1377797756,708.0
719,1377797761,699.0
719,1377797766,712.0
719,1377797771,716.0
719,1377797776,707.0
719,1377797781,699.0
719,1377797786,703.0
719,1377797791,712.0
719,1377797796,715.0
719,1377797801,717.0
719,1377797806,722.0
719,1377797811,721.0
719,1377797816,720.0
719,1377797821,716.0
719,1377797826,707.0
719,1377797831,702.0
719,1377797836,694.0
719,1377797841,706.0
719,1377797846,700.0
719,1377797851,694.0
719,1377797856,699.0
719,1377797861,711.0
719,1377797866,721.0
719,1377797871,722.0
719,1377797876,721.0
719,1377797881,703.0
719,1377797886,710.0
719,1377797891,716.0
719,1377797896,718.0
719,1377797901,718.0
719,1377797906,721.0
719,1377797911,721.0
719,1377797917,723.0
719,1377797921,723.0
719,1377797926,723.0
719,1377797931,716.0
719,1377797936,703.0
719,1377797941,699.0
719,1377797946,708.0
719,1377797951,702.0
719,1377797956,708.0
719,1377797961,708.0
719,1377797966,712.0
719,1377797971,708.0
719,1377797976,712.0
719,1377797981,710.0
719,1377797986,716.0
719,1377797991,707.0
719,1377797996,718.0
719,1377798001,716.0
719,1377798006,711.0
719,1377798011,711.0
719,1377798016,723.0
719,1377798021,723.0
719,1377798026,728.0
719,1377798031,717.0
719,1377798036,721.0
719,1377798041,718.0
719,1377798046,716.0
719,1377798051,723.0
719,1377798056,723.0
719,1377798061,728.0
719,1377798066,729.0
719,1377798071,728.0
719,1377798076,721.0
719,1377798081,717.0
719,1377798086,721.0
719,1377798091,718.0
719,1377798096,718.0
719,1377798101,721.0
719,1377798106,718.0
719,1377798111,718.0
719,1377798116,715.0
719,1377798121,720.0
719,1377798126,713.0
719,1377798131,720.0
719,1377798137,721.0
719,1377798141,718.0
719,1377798146,717.0
719,1377798151,718.0
719,1377798156,717.0
719,1377798161,718.0
719,1377798166,718.0
719,1377798171,723.0
719,1377798176,718.0
719,1377798181,729.0
719,1377798186,729.0
719,1377798191,723.0
719,1377798196,716.0
719,1377798201,703.0
719,1377798206,708.0
719,1377798211,706.0
719,1377798216,695.0
719,1377798221,704.0
719,1377798226,699.0
719,1377798231,704.0
719,1377798236,712.0
719,1377798241,713.0
719,1377798246,721.0
719,1377798251,729.0
719,1377798256,738.0
719,1377798261,733.0
719,1377798266,742.0
719,1377798271,739.0
719,1377798276,733.0
719,1377798281,732.0
719,1377798286,729.0
719,1377798291,729.0
719,1377798296,717.0
719,1377798301,721.0
719,1377798306,710.0
719,1377798311,703.0
719,1377798316,716.0
719,1377798321,718.0
719,1377798326,729.0
719,1377798331,738.0
719,1377798336,736.0
719,1377798341,732.0
719,1377798346,729.0
719,1377798351,723.0
719,1377798356,729.0
719,1377798361,729.0
719,1377798366,732.0
719,1377798371,732.0
719,1377798376,738.0
719,1377798381,723.0
719,1377798386,717.0
719,1377798391,736.0
719,1377798396,732.0
719,1377798401,727.0
719,1377798406,738.0
719,1377798411,736.0
719,1377798416,742.0
719,1377798421,739.0
719,1377798426,733.0
719,1377798431,735.0
719,1377798436,753.0
719,1377798441,750.0
719,1377798446,755.0
719,1377798451,760.0
719,1377798456,760.0
719,1377798461,755.0
719,1377798466,758.0
719,1377798471,755.0
719,1377798476,755.0
719,1377798481,753.0
719,1377798486,749.0
719,1377798491,754.0
719,1377798496,750.0
719,1377798501,755.0
719,1377798506,748.0
719,1377798511,753.0
719,1377798516,755.0
719,1377798521,755.0
719,1377798526,753.0
719,1377798531,755.0
719,1377798536,753.0
719,1377798541,750.0
719,1377798546,755.0
719,1377798551,768.0
719,1377798556,761.0
719,1377798561,761.0
719,1377798566,759.0
719,1377798571,764.0
719,1377798576,766.0
719,1377798581,761.0
719,1377798586,769.0
719,1377798591,761.0
719,1377798596,776.0
719,1377798601,777.0
719,1377798606,777.0
719,1377798611,782.0
719,1377798616,776.0
719,1377798621,766.0
719,1377798626,771.0
719,1377798631,774.0
719,1377798636,771.0
719,1377798641,770.0
719,1377798646,765.0
719,1377798651,776.0
719,1377798656,777.0
719,1377798661,767.0
719,1377798666,774.0
719,1377798671,767.0
719,1377798676,765.0
719,1377798681,766.0
719,1377798686,755.0
719,1377798691,758.0
719,1377798696,761.0
719,1377798701,764.0
719,1377798706,766.0
719,1377798711,764.0
719,1377798716,766.0
719,1377798721,777.0
719,1377798726,780.0
719,1377798731,777.0
719,1377798736,774.0
719,1377798741,774.0
719,1377798746,776.0
719,1377798751,767.0
719,1377798756,780.0
719,1377798761,787.0
719,1377798766,800.0
719,1377798771,787.0
719,1377798776,787.0
719,1377798781,782.0
719,1377798786,782.0
719,1377798791,787.0
719,1377798796,800.0
719,1377798801,796.0
719,1377798806,783.0
719,1377798811,792.0
719,1377798816,782.0
719,1377798821,792.0
719,1377798826,787.0
719,1377798831,787.0
719,1377798836,793.0
719,1377798841,801.0
719,1377798846,793.0
719,1377798851,787.0
719,1377798856,796.0
719,1377798861,796.0
719,1377798866,791.0
719,1377798871,791.0
719,1377798876,795.0
719,1377798881,796.0
719,1377798886,782.0
719,1377798891,790.0
719,1377798896,780.0
719,1377798901,777.0
719,1377798906,781.0
719,1377798911,791.0
719,1377798916,793.0
719,1377798921,791.0
719,1377798926,787.0
719,1377798931,791.0
719,1377798936,791.0
719,1377798941,800.0
719,1377798946,796.0
719,1377798951,796.0
719,1377798956,793.0
719,1377798961,800.0
719,1377798966,806.0
719,1377798971,809.0
719,1377798976,809.0
719,1377798981,816.0
719,1377798986,819.0
719,1377798991,819.0
719,1377798996,819.0
719,1377799001,819.0
719,1377799006,813.0
719,1377799011,814.0
719,1377799016,814.0
719,1377799021,814.0
719,1377799026,817.0
719,1377799031,812.0
719,1377799036,803.0
719,1377799041,797.0
719,1377799046,797.0
719,1377799051,807.0
719,1377799056,814.0
719,1377799061,807.0
719,1377799066,825.0
719,1377799071,819.0
719,1377799076,832.0
719,1377799081,832.0
719,1377799086,824.0
719,1377799091,817.0
719,1377799096,803.0
719,1377799101,809.0
719,1377799106,806.0
719,1377799111,795.0
719,1377799116,793.0
719,1377799121,795.0
719,1377799126,801.0
719,1377799131,803.0
719,1377799136,803.0
719,1377799141,797.0
719,1377799146,797.0
719,1377799151,795.0
719,1377799156,809.0
719,1377799161,812.0
719,1377799166,806.0
719,1377799171,799.0
719,1377799176,806.0
719,1377799181,809.0
719,1377799186,799.0
719,1377799191,806.0
719,1377799196,806.0
719,1377799201,804.0
719,1377799206,806.0
719,1377799211,799.0
719,1377799216,809.0
719,1377799221,814.0
719,1377799226,819.0
719,1377799231,814.0
719,1377799236,819.0
719,1377799241,817.0
719,1377799246,822.0
719,1377799251,815.0
719,1377799256,830.0
719,1377799261,824.0
719,1377799266,814.0
719,1377799271,817.0
719,1377799276,819.0
719,1377799281,817.0
719,1377799286,797.0
719,1377799291,804.0
719,1377799296,797.0
719,1377799301,816.0
719,1377799306,817.0
719,1377799311,814.0
719,1377799316,824.0
719,1377799321,813.0
719,1377799326,806.0
719,1377799331,806.0
719,1377799336,803.0
719,1377799341,795.0
719,1377799346,795.0
719,1377799351,806.0
719,1377799356,806.0
719,1377799361,813.0
719,1377799366,824.0
719,1377799371,817.0
719,1377799376,814.0
719,1377799381,817.0
719,1377799386,825.0
719,1377799391,825.0
719,1377799396,814.0
719,1377799401,814.0
719,1377799406,825.0
719,1377799411,825.0
719,1377799416,819.0
719,1377799421,819.0
719,1377799426,814.0
719,1377799431,819.0
719,1377799436,824.0
719,1377799441,823.0
719,1377799446,825.0
719,1377799451,832.0
719,1377799456,832.0
719,1377799461,838.0
719,1377799466,844.0
719,1377799471,841.0
719,1377799476,844.0
719,1377799481,835.0
719,1377799486,838.0
719,1377799491,827.0
719,1377799496,836.0
719,1377799501,836.0
719,1377799506,836.0
719,1377799511,827.0
719,1377799516,838.0
719,1377799521,827.0
719,1377799526,833.0
719,1377799531,838.0
719,1377799536,844.0
719,1377799541,846.0
719,1377799546,851.0
719,1377799551,849.0
719,1377799556,841.0
719,1377799561,848.0
719,1377799566,846.0
719,1377799571,844.0
719,1377799576,839.0
719,1377799581,838.0
719,1377799586,836.0
719,1377799591,832.0
719,1377799596,823.0
719,1377799601,836.0
719,1377799606,827.0
719,1377799611,848.0
719,1377799616,844.0
719,1377799621,844.0
719,1377799626,846.0
719,1377799631,827.0
719,1377799636,827.0
719,1377799642,838.0
719,1377799646,827.0
719,1377799651,827.0
719,1377799656,823.0
719,1377799661,814.0
719,1377799666,819.0
719,1377799671,825.0
719,1377799676,838.0
719,1377799681,836.0
719,1377799686,827.0
719,1377799691,836.0
719,1377799696,838.0
719,1377799701,827.0
719,1377799706,836.0
719,1377799711,823.0
719,1377799716,840.0
719,1377799721,827.0
719,1377799726,846.0
719,1377799731,849.0
719,1377799736,844.0
719,1377799741,831.0
719,1377799746,840.0
719,1377799751,838.0
719,1377799756,825.0
719,1377799761,819.0
719,1377799766,823.0
719,1377799771,844.0
719,1377799776,835.0
719,1377799781,838.0
719,1377799786,838.0
719,1377799791,838.0
719,1377799796,844.0
719,1377799801,841.0
719,1377799806,849.0
719,1377799811,849.0
719,1377799816,846.0
719,1377799821,835.0
719,1377799826,836.0
719,1377799831,823.0
719,1377799836,827.0
719,1377799841,836.0
719,1377799846,838.0
719,1377799851,827.0
719,1377799856,831.0
719,1377799861,844.0
719,1377799866,840.0
719,1377799871,827.0
719,1377799876,825.0
719,1377799881,827.0
719,1377799886,838.0
719,1377799891,840.0
719,1377799896,831.0
719,1377799901,838.0
719,1377799906,844.0
719,1377799911,844.0
719,1377799916,844.0
719,1377799921,856.0
719,1377799926,850.0
719,1377799931,841.0
719,1377799936,844.0
719,1377799941,844.0
719,1377799946,827.0
719,1377799951,823.0
719,1377799956,822.0
719,1377799961,823.0
719,1377799966,836.0
719,1377799971,838.0
719,1377799976,827.0
719,1377799981,838.0
719,1377799986,844.0
719,1377799991,840.0
719,1377799996,840.0
719,1377800001,825.0
719,1377800006,836.0
719,1377800011,831.0
719,1377800016,848.0
719,1377800021,856.0
719,1377800026,851.0
719,1377800031,851.0
719,1377800036,846.0
719,1377800041,851.0
719,1377800046,851.0
719,1377800051,846.0
719,1377800056,860.0
719,1377800061,846.0
719,1377800066,840.0
719,1377800071,823.0
719,1377800076,838.0
719,1377800081,844.0
719,1377800086,846.0
719,1377800091,846.0
719,1377800096,846.0
719,1377800101,849.0
719,1377800106,849.0
719,1377800111,849.0
719,1377800116,844.0
719,1377800121,849.0
719,1377800126,843.0
719,1377800131,831.0
719,1377800136,844.0
719,1377800141,831.0
719,1377800146,841.0
719,1377800151,838.0
719,1377800156,827.0
719,1377800161,827.0
719,1377800166,844.0
719,1377800171,838.0
719,1377800176,851.0
719,1377800181,846.0
719,1377800186,851.0
719,1377800191,845.0
719,1377800196,856.0
719,1377800201,855.0
719,1377800206,870.0
719,1377800211,866.0
719,1377800216,851.0
719,1377800221,851.0
719,1377800226,851.0
719,1377800231,840.0
719,1377800236,840.0
719,1377800241,844.0
719,1377800246,848.0
719,1377800251,831.0
719,1377800256,838.0
719,1377800261,823.0
719,1377800266,824.0
719,1377800271,814.0
719,1377800276,814.0
719,1377800281,819.0
719,1377800286,814.0
719,1377800291,824.0
719,1377800296,822.0
719,1377800301,814.0
719,1377800306,819.0
719,1377800311,817.0
719,1377800316,799.0
719,1377800321,797.0
719,1377800326,797.0
719,1377800331,806.0
719,1377800336,799.0
719,1377800341,803.0
719,1377800346,793.0
719,1377800351,793.0
719,1377800356,785.0
719,1377800361,787.0
719,1377800366,780.0
719,1377800371,780.0
719,1377800376,782.0
719,1377800381,787.0
719,1377800386,785.0
719,1377800391,780.0
719,1377800396,771.0
719,1377800401,765.0
719,1377800407,777.0
719,1377800411,777.0
719,1377800416,779.0
719,1377800421,774.0
719,1377800426,777.0
719,1377800431,780.0
719,1377800436,777.0
719,1377800441,774.0
719,1377800446,766.0
719,1377800451,765.0
719,1377800456,763.0
719,1377800461,751.0
719,1377800466,760.0
719,1377800471,750.0
719,1377800476,760.0
719,1377800481,760.0
719,1377800486,755.0
719,1377800491,753.0
719,1377800496,753.0
719,1377800501,753.0
719,1377800506,753.0
719,1377800511,748.0
719,1377800516,753.0
719,1377800521,749.0
719,1377800526,753.0
719,1377800531,748.0
719,1377800536,748.0
719,1377800541,748.0
719,1377800546,753.0
719,1377800551,749.0
719,1377800556,755.0
719,1377800561,750.0
719,1377800566,743.0
719,1377800571,739.0
719,1377800576,738.0
719,1377800581,733.0
719,1377800586,732.0
719,1377800591,723.0
719,1377800596,716.0
719,1377800601,721.0
719,1377800606,717.0
719,1377800611,726.0
719,1377800616,732.0
719,1377800621,729.0
719,1377800626,736.0
719,1377800631,729.0
719,1377800636,726.0
719,1377800641,726.0
719,1377800646,732.0
719,1377800651,723.0
719,1377800656,721.0
719,1377800661,723.0
719,1377800666,713.0
719,1377800671,720.0
719,1377800676,710.0
719,1377800681,710.0
719,1377800686,721.0
719,1377800691,718.0
719,1377800696,723.0
719,1377800701,726.0
719,1377800706,732.0
719,1377800711,729.0
719,1377800716,739.0
719,1377800721,723.0
719,1377800726,727.0
719,1377800731,727.0
719,1377800736,736.0
719,1377800741,716.0
719,1377800746,721.0
719,1377800751,703.0
719,1377800756,713.0
719,1377800761,712.0
719,1377800766,710.0
719,1377800771,699.0
719,1377800776,699.0
719,1377800781,708.0
719,1377800786,695.0
719,1377800791,699.0
719,1377800796,706.0
719,1377800801,697.0
719,1377800806,691.0
719,1377800811,697.0
719,1377800816,700.0
719,1377800821,700.0
719,1377800826,694.0
719,1377800831,695.0
719,1377800836,695.0
719,1377800841,704.0
719,1377800846,712.0
719,1377800851,710.0
719,1377800856,699.0
719,1377800861,703.0
719,1377800866,710.0
719,1377800871,703.0
719,1377800876,695.0
719,1377800881,695.0
719,1377800886,691.0
719,1377800891,689.0
719,1377800896,686.0
719,1377800901,695.0
719,1377800906,710.0
719,1377800911,712.0
719,1377800916,706.0
719,1377800921,696.0
719,1377800926,684.0
719,1377800931,686.0
719,1377800936,689.0
719,1377800941,678.0
719,1377800946,671.0
719,1377800951,667.0
719,1377800956,667.0
719,1377800961,669.0
719,1377800966,678.0
719,1377800971,684.0
719,1377800976,684.0
719,1377800981,691.0
719,1377800986,692.0
719,1377800991,681.0
719,1377800996,688.0
719,1377801001,679.0
719,1377801006,681.0
719,1377801011,669.0
719,1377801016,667.0
719,1377801021,678.0
719,1377801026,669.0
719,1377801031,675.0
719,1377801036,678.0
719,1377801041,676.0
719,1377801046,678.0
719,1377801051,671.0
719,1377801056,678.0
719,1377801061,686.0
719,1377801066,681.0
719,1377801071,671.0
719,1377801076,674.0
719,1377801081,669.0
719,1377801086,676.0
719,1377801091,672.0
719,1377801096,662.0
719,1377801101,653.0
719,1377801106,657.0
719,1377801111,659.0
719,1377801116,664.0
719,1377801121,664.0
719,1377801126,665.0
719,1377801131,654.0
719,1377801136,657.0
719,1377801142,657.0
719,1377801146,647.0
719,1377801151,651.0
719,1377801156,652.0
719,1377801161,652.0
719,1377801166,654.0
719,1377801171,653.0
719,1377801176,657.0
719,1377801181,649.0
719,1377801186,653.0
719,1377801191,652.0
719,1377801196,649.0
719,1377801201,652.0
719,1377801206,649.0
719,1377801211,652.0
719,1377801216,651.0
719,1377801221,651.0
719,1377801226,652.0
719,1377801231,657.0
719,1377801236,659.0
719,1377801241,654.0
719,1377801246,652.0
719,1377801251,639.0
719,1377801256,648.0
719,1377801261,648.0
719,1377801266,652.0
719,1377801271,652.0
719,1377801276,649.0
719,1377801281,652.0
719,1377801286,656.0
719,1377801291,652.0
719,1377801296,652.0
719,1377801301,638.0
719,1377801306,631.0
719,1377801311,635.0
719,1377801316,635.0
719,1377801321,631.0
719,1377801326,644.0
719,1377801331,644.0
719,1377801336,631.0
719,1377801341,631.0
719,1377801346,635.0
719,1377801351,636.0
719,1377801356,638.0
719,1377801361,641.0
719,1377801366,641.0
719,1377801371,643.0
719,1377801376,646.0
719,1377801381,652.0
719,1377801386,644.0
719,1377801391,648.0
719,1377801396,636.0
719,1377801401,638.0
719,1377801406,638.0
719,1377801411,638.0
719,1377801416,638.0
719,1377801421,640.0
719,1377801426,636.0
719,1377801431,632.0
719,1377801436,621.0
719,1377801441,622.0
719,1377801446,630.0
719,1377801451,636.0
719,1377801456,627.0
719,1377801461,625.0
719,1377801466,625.0
719,1377801471,620.0
719,1377801476,614.0
719,1377801481,610.0
719,1377801486,605.0
719,1377801491,617.0
719,1377801496,625.0
719,1377801501,627.0
719,1377801506,632.0
719,1377801511,632.0
719,1377801516,638.0
719,1377801521,636.0
719,1377801526,641.0
719,1377801531,639.0
719,1377801536,646.0
719,1377801541,648.0
719,1377801546,648.0
719,1377801551,646.0
719,1377801556,652.0
719,1377801561,654.0
719,1377801566,657.0
719,1377801571,652.0
719,1377801576,648.0
719,1377801581,644.0
719,1377801586,644.0
719,1377801591,643.0
719,1377801596,656.0
719,1377801601,654.0
719,1377801606,664.0
719,1377801611,664.0
719,1377801616,654.0
719,1377801621,657.0
719,1377801626,649.0
719,1377801631,639.0
719,1377801636,648.0
719,1377801641,646.0
719,1377801646,639.0
719,1377801651,646.0
719,1377801656,657.0
719,1377801662,662.0
719,1377801666,662.0
719,1377801671,659.0
719,1377801676,659.0
719,1377801681,647.0
719,1377801686,657.0
719,1377801691,647.0
719,1377801696,649.0
719,1377801701,646.0
719,1377801706,646.0
719,1377801711,641.0
719,1377801716,641.0
719,1377801721,638.0
719,1377801726,630.0
719,1377801731,641.0
719,1377801736,648.0
719,1377801741,648.0
719,1377801746,649.0
719,1377801751,638.0
719,1377801756,639.0
719,1377801761,638.0
719,1377801766,640.0
719,1377801771,636.0
719,1377801776,640.0
719,1377801781,632.0
719,1377801786,621.0
719,1377801791,615.0
719,1377801796,614.0
719,1377801801,611.0
719,1377801806,614.0
719,1377801811,614.0
719,1377801816,614.0
719,1377801821,611.0
719,1377801826,610.0
719,1377801831,601.0
719,1377801836,608.0
719,1377801841,608.0
719,1377801846,604.0
719,1377801851,598.0
719,1377801856,610.0
719,1377801861,599.0
719,1377801866,599.0
719,1377801871,603.0
719,1377801876,614.0
719,1377801882,603.0
719,1377801886,608.0
719,1377801891,604.0
719,1377801896,603.0
719,1377801901,605.0
719,1377801906,611.0
719,1377801911,611.0
719,1377801916,607.0
719,1377801921,617.0
719,1377801926,611.0
719,1377801931,611.0
719,1377801936,603.0
719,1377801941,603.0
719,1377801946,603.0
719,1377801951,605.0
719,1377801956,611.0
719,1377801961,614.0
719,1377801966,615.0
719,1377801971,611.0
719,1377801976,616.0
719,1377801981,614.0
719,1377801986,614.0
719,1377801991,607.0
719,1377801996,614.0
719,1377802001,620.0
719,1377802006,617.0
719,1377802011,619.0
719,1377802016,627.0
719,1377802021,614.0
719,1377802026,615.0
719,1377802031,614.0
719,1377802036,611.0
719,1377802041,611.0
719,1377802046,614.0
719,1377802051,599.0
719,1377802056,604.0
719,1377802061,599.0
719,1377802066,599.0
719,1377802071,603.0
719,1377802076,614.0
719,1377802081,614.0
719,1377802086,620.0
719,1377802091,620.0
719,1377802096,627.0
719,1377802101,625.0
719,1377802106,622.0
719,1377802111,636.0
719,1377802116,622.0
719,1377802121,632.0
719,1377802126,628.0
719,1377802131,632.0
719,1377802136,636.0
719,1377802141,636.0
719,1377802146,632.0
719,1377802151,638.0
719,1377802156,614.0
719,1377802161,612.0
719,1377802166,610.0
719,1377802171,599.0
719,1377802176,601.0
719,1377802181,614.0
719,1377802186,605.0
719,1377802191,610.0
719,1377802196,605.0
719,1377802201,605.0
719,1377802206,599.0
719,1377802211,608.0
719,1377802216,604.0
719,1377802221,610.0
719,1377802226,611.0
719,1377802231,614.0
719,1377802236,605.0
719,1377802241,599.0
719,1377802246,604.0
719,1377802251,609.0
719,1377802256,603.0
719,1377802261,603.0
719,1377802266,601.0
719,1377802271,593.0
719,1377802276,590.0
719,1377802281,575.0
719,1377802286,582.0
719,1377802291,575.0
719,1377802296,579.0
719,1377802301,582.0
719,1377802306,575.0
719,1377802311,584.0
719,1377802316,582.0
719,1377802321,588.0
719,1377802326,585.0
719,1377802331,593.0
719,1377802336,600.0
719,1377802341,595.0
719,1377802346,599.0
719,1377802351,601.0
719,1377802356,604.0
719,1377802361,614.0
719,1377802366,600.0
719,1377802371,596.0
719,1377802376,592.0
719,1377802381,589.0
719,1377802386,588.0
719,1377802391,588.0
719,1377802396,587.0
719,1377802401,593.0
719,1377802406,593.0
719,1377802411,595.0
719,1377802416,595.0
719,1377802421,588.0
719,1377802426,598.0
719,1377802431,593.0
719,1377802436,593.0
719,1377802441,593.0
719,1377802446,589.0
719,1377802451,593.0
719,1377802456,583.0
719,1377802461,590.0
719,1377802466,587.0
719,1377802471,583.0
719,1377802476,583.0
719,1377802481,582.0
719,1377802486,579.0
719,1377802491,582.0
719,1377802496,588.0
719,1377802501,590.0
719,1377802506,585.0
719,1377802511,588.0
719,1377802516,592.0
719,1377802521,582.0
719,1377802526,575.0
719,1377802531,571.0
719,1377802536,582.0
719,1377802541,580.0
719,1377802546,571.0
719,1377802551,580.0
719,1377802556,567.0
719,1377802561,576.0
719,1377802566,582.0
719,1377802571,580.0
719,1377802579,584.0
719,1377802581,582.0
719,1377802586,567.0
719,1377802591,569.0
719,1377802596,572.0
719,1377802601,576.0
719,1377802606,575.0
719,1377802611,582.0
719,1377802616,582.0
719,1377802621,577.0
719,1377802626,571.0
719,1377802631,571.0
719,1377802636,571.0
719,1377802641,580.0
719,1377802646,578.0
719,1377802651,575.0
719,1377802656,580.0
719,1377802661,590.0
719,1377802666,582.0
719,1377802671,580.0
719,1377802676,576.0
719,1377802681,563.0
719,1377802686,563.0
719,1377802691,551.0
719,1377802696,556.0
719,1377802701,555.0
719,1377802706,556.0
719,1377802711,550.0
719,1377802716,551.0
719,1377802721,560.0
719,1377802726,561.0
719,1377802731,564.0
719,1377802736,568.0
719,1377802741,569.0
719,1377802746,580.0
719,1377802751,582.0
719,1377802756,588.0
719,1377802761,582.0
719,1377802766,579.0
719,1377802771,579.0
719,1377802776,585.0
719,1377802781,582.0
719,1377802786,593.0
719,1377802791,589.0
719,1377802796,593.0
719,1377802801,595.0
719,1377802806,601.0
719,1377802811,601.0
719,1377802816,598.0
719,1377802821,593.0
719,1377802826,593.0
719,1377802831,595.0
719,1377802836,596.0
719,1377802841,591.0
719,1377802846,600.0
719,1377802851,594.0
719,1377802856,592.0
719,1377802861,583.0
719,1377802866,571.0
719,1377802871,571.0
719,1377802876,567.0
719,1377802881,580.0
719,1377802886,582.0
719,1377802891,579.0
719,1377802896,588.0
719,1377802901,590.0
719,1377802906,587.0
719,1377802911,589.0
719,1377802916,579.0
719,1377802921,575.0
719,1377802926,582.0
719,1377802931,588.0
719,1377802936,595.0
719,1377802941,608.0
719,1377802946,604.0
719,1377802951,595.0
719,1377802956,598.0
719,1377802961,593.0
719,1377802966,590.0
719,1377802971,593.0
719,1377802976,589.0
719,1377802981,591.0
719,1377802986,596.0
719,1377802991,598.0
719,1377802997,598.0
719,1377803001,598.0
719,1377803006,605.0
719,1377803011,617.0
719,1377803016,622.0
719,1377803021,612.0
719,1377803026,612.0
719,1377803031,600.0
719,1377803036,590.0
719,1377803041,582.0
719,1377803046,575.0
719,1377803051,580.0
719,1377803056,578.0
719,1377803061,582.0
719,1377803066,582.0
719,1377803071,584.0
719,1377803076,585.0
719,1377803081,595.0
719,1377803086,590.0
719,1377803091,595.0
719,1377803096,593.0
719,1377803101,585.0
719,1377803106,585.0
719,1377803111,580.0
719,1377803116,569.0
719,1377803121,563.0
719,1377803126,557.0
719,1377803131,558.0
719,1377803137,564.0
719,1377803141,567.0
719,1377803146,569.0
719,1377803151,571.0
719,1377803156,567.0
719,1377803161,571.0
719,1377803166,571.0
719,1377803171,572.0
719,1377803176,571.0
719,1377803181,576.0
719,1377803186,571.0
719,1377803191,580.0
719,1377803196,571.0
719,1377803201,575.0
719,1377803206,582.0
719,1377803211,584.0
719,1377803216,588.0
719,1377803221,595.0
719,1377803226,594.0
719,1377803231,588.0
719,1377803236,584.0
719,1377803241,571.0
719,1377803246,572.0
719,1377803251,569.0
719,1377803256,572.0
719,1377803261,574.0
719,1377803266,578.0
719,1377803271,566.0
719,1377803276,572.0
719,1377803281,571.0
719,1377803286,582.0
719,1377803291,580.0
719,1377803296,587.0
719,1377803301,585.0
719,1377803306,582.0
719,1377803311,574.0
719,1377803316,572.0
719,1377803321,568.0
719,1377803326,567.0
719,1377803331,567.0
719,1377803336,582.0
719,1377803341,571.0
719,1377803346,569.0
719,1377803351,563.0
719,1377803356,555.0
719,1377803361,551.0
719,1377803366,556.0
719,1377803371,561.0
719,1377803376,557.0
719,1377803381,574.0
719,1377803386,568.0
719,1377803391,567.0
719,1377803396,563.0
719,1377803401,561.0
719,1377803406,556.0
719,1377803411,555.0
719,1377803416,553.0
719,1377803421,551.0
719,1377803426,543.0
719,1377803431,553.0
719,1377803436,550.0
719,1377803441,548.0
719,1377803446,550.0
719,1377803451,545.0
719,1377803456,546.0
719,1377803461,537.0
719,1377803466,540.0
719,1377803471,541.0
719,1377803476,543.0
719,1377803481,558.0
719,1377803486,558.0
719,1377803491,567.0
719,1377803496,569.0
719,1377803501,578.0
719,1377803506,571.0
719,1377803511,569.0
719,1377803516,566.0
719,1377803521,558.0
719,1377803526,566.0
719,1377803532,566.0
719,1377803536,571.0
719,1377803541,583.0
719,1377803546,582.0
719,1377803551,571.0
719,1377803556,569.0
719,1377803561,567.0
719,1377803566,576.0
719,1377803571,578.0
719,1377803576,574.0
719,1377803581,575.0
719,1377803586,571.0
719,1377803591,580.0
719,1377803596,582.0
719,1377803601,582.0
719,1377803606,582.0
719,1377803611,575.0
719,1377803616,572.0
719,1377803621,567.0
719,1377803626,567.0
719,1377803631,580.0
719,1377803636,583.0
719,1377803641,583.0
719,1377803646,588.0
719,1377803651,588.0
719,1377803656,578.0
719,1377803661,580.0
719,1377803666,563.0
719,1377803671,561.0
719,1377803676,569.0
719,1377803681,574.0
719,1377803686,571.0
719,1377803691,580.0
719,1377803696,578.0
719,1377803701,584.0
719,1377803706,580.0
719,1377803711,571.0
719,1377803716,569.0
719,1377803721,578.0
719,1377803726,567.0
719,1377803731,571.0
719,1377803736,571.0
719,1377803741,582.0
719,1377803746,575.0
719,1377803751,582.0
719,1377803756,584.0
719,1377803761,575.0
719,1377803766,576.0
719,1377803771,563.0
719,1377803776,572.0
719,1377803781,559.0
719,1377803786,576.0
719,1377803791,563.0
719,1377803796,572.0
719,1377803801,572.0
719,1377803806,567.0
719,1377803811,566.0
719,1377803816,571.0
719,1377803821,569.0
719,1377803826,568.0
719,1377803831,559.0
719,1377803836,561.0
719,1377803841,561.0
719,1377803846,558.0
719,1377803851,557.0
719,1377803856,557.0
719,1377803861,560.0
719,1377803866,551.0
719,1377803871,553.0
719,1377803876,563.0
719,1377803881,563.0
719,1377803886,563.0
719,1377803891,568.0
719,1377803896,561.0
719,1377803901,560.0
719,1377803906,561.0
719,1377803911,563.0
719,1377803916,566.0
719,1377803921,569.0
719,1377803926,576.0
719,1377803931,566.0
719,1377803936,569.0
719,1377803941,568.0
719,1377803946,564.0
719,1377803951,561.0
719,1377803956,561.0
719,1377803961,558.0
719,1377803966,550.0
719,1377803971,547.0
719,1377803976,540.0
719,1377803981,535.0
719,1377803986,536.0
719,1377803991,535.0
719,1377803996,547.0
719,1377804001,545.0
719,1377804006,553.0
719,1377804011,543.0
719,1377804016,547.0
719,1377804021,552.0
719,1377804026,550.0
719,1377804031,547.0
719,1377804036,550.0
719,1377804041,551.0
719,1377804046,563.0
719,1377804051,562.0
719,1377804056,568.0
719,1377804061,558.0
719,1377804066,559.0
719,1377804071,566.0
719,1377804076,561.0
719,1377804081,558.0
719,1377804086,547.0
719,1377804091,546.0
719,1377804096,537.0
719,1377804101,537.0
719,1377804106,535.0
719,1377804111,546.0
719,1377804116,540.0
719,1377804121,544.0
719,1377804126,534.0
719,1377804131,540.0
719,1377804136,535.0
719,1377804141,544.0
719,1377804146,544.0
719,1377804151,541.0
719,1377804156,550.0
719,1377804161,552.0
719,1377804166,550.0
719,1377804171,546.0
719,1377804176,547.0
719,1377804181,550.0
719,1377804186,541.0
719,1377804191,543.0
719,1377804196,547.0
719,1377804201,541.0
719,1377804206,539.0
719,1377804211,540.0
719,1377804216,541.0
719,1377804221,552.0
719,1377804226,552.0
719,1377804231,550.0
719,1377804236,541.0
719,1377804241,541.0
719,1377804246,541.0
719,1377804251,539.0
719,1377804256,550.0
719,1377804261,547.0
719,1377804266,550.0
719,1377804271,539.0
719,1377804276,541.0
719,1377804281,539.0
719,1377804286,548.0
719,1377804291,547.0
719,1377804296,539.0
719,1377804301,547.0
719,1377804306,546.0
719,1377804311,546.0
719,1377804316,539.0
719,1377804321,541.0
719,1377804326,546.0
719,1377804331,535.0
719,1377804336,531.0
719,1377804341,519.0
719,1377804346,524.0
719,1377804351,524.0
719,1377804356,524.0
719,1377804361,521.0
719,1377804366,526.0
719,1377804371,528.0
719,1377804376,524.0
719,1377804381,524.0
719,1377804386,524.0
719,1377804391,528.0
719,1377804396,521.0
719,1377804401,526.0
719,1377804406,536.0
719,1377804411,536.0
719,1377804416,531.0
719,1377804421,536.0
719,1377804426,536.0
719,1377804431,527.0
719,1377804436,531.0
719,1377804441,531.0
719,1377804446,537.0
719,1377804451,536.0
719,1377804456,530.0
719,1377804461,534.0
719,1377804466,536.0
719,1377804471,535.0
719,1377804476,539.0
719,1377804481,545.0
719,1377804486,537.0
719,1377804491,535.0
719,1377804496,537.0
719,1377804501,540.0
719,1377804506,540.0
719,1377804511,537.0
719,1377804516,534.0
719,1377804521,531.0
719,1377804526,518.0
719,1377804531,521.0
719,1377804536,524.0
719,1377804541,515.0
719,1377804546,509.0
719,1377804551,509.0
719,1377804556,518.0
719,1377804561,529.0
719,1377804566,536.0
719,1377804571,537.0
719,1377804576,536.0
719,1377804581,535.0
719,1377804586,531.0
719,1377804591,528.0
719,1377804596,526.0
719,1377804601,523.0
719,1377804606,525.0
719,1377804611,529.0
719,1377804616,526.0
719,1377804621,529.0
719,1377804626,521.0
719,1377804631,523.0
719,1377804636,531.0
719,1377804641,536.0
719,1377804646,531.0
719,1377804651,537.0
719,1377804656,526.0
719,1377804661,525.0
719,1377804666,521.0
719,1377804671,526.0
719,1377804676,529.0
719,1377804681,534.0
719,1377804686,536.0
719,1377804691,537.0
719,1377804696,537.0
719,1377804701,537.0
719,1377804706,536.0
719,1377804711,531.0
719,1377804716,534.0
719,1377804721,540.0
719,1377804726,535.0
719,1377804731,536.0
719,1377804736,529.0
719,1377804741,519.0
719,1377804746,524.0
719,1377804751,526.0
719,1377804756,524.0
719,1377804761,520.0
719,1377804766,516.0
719,1377804771,518.0
719,1377804776,515.0
719,1377804781,518.0
719,1377804786,528.0
719,1377804791,529.0
719,1377804796,530.0
719,1377804801,525.0
719,1377804806,525.0
719,1377804811,521.0
719,1377804816,515.0
719,1377804821,518.0
719,1377804827,523.0
719,1377804831,528.0
719,1377804836,529.0
719,1377804841,525.0
719,1377804846,526.0
719,1377804851,526.0
719,1377804856,529.0
719,1377804861,529.0
719,1377804866,520.0
719,1377804871,509.0
719,1377804876,520.0
719,1377804881,511.0
719,1377804886,519.0
719,1377804891,523.0
719,1377804896,519.0
719,1377804901,526.0
719,1377804906,521.0
719,1377804911,529.0
719,1377804916,526.0
719,1377804921,534.0
719,1377804926,519.0
719,1377804931,521.0
719,1377804936,516.0
719,1377804941,515.0
719,1377804946,515.0
719,1377804951,515.0
719,1377804956,511.0
719,1377804961,521.0
719,1377804966,515.0
719,1377804971,515.0
719,1377804976,521.0
719,1377804981,531.0
719,1377804986,526.0
719,1377804991,529.0
719,1377804996,524.0
719,1377805001,518.0
719,1377805006,525.0
719,1377805011,530.0
719,1377805016,526.0
719,1377805021,529.0
719,1377805026,529.0
719,1377805031,529.0
719,1377805036,526.0
719,1377805041,516.0
719,1377805046,520.0
719,1377805051,515.0
719,1377805056,507.0
719,1377805061,514.0
719,1377805066,507.0
719,1377805071,514.0
719,1377805076,508.0
719,1377805081,514.0
719,1377805086,515.0
719,1377805091,518.0
719,1377805096,518.0
719,1377805101,524.0
719,1377805106,521.0
719,1377805111,523.0
719,1377805116,521.0
719,1377805121,521.0
719,1377805126,520.0
719,1377805131,520.0
719,1377805136,509.0
719,1377805141,514.0
719,1377805146,510.0
719,1377805151,512.0
719,1377805156,521.0
719,1377805161,525.0
719,1377805166,525.0
719,1377805171,531.0
719,1377805176,515.0
719,1377805181,509.0
719,1377805186,507.0
719,1377805191,507.0
719,1377805196,509.0
719,1377805201,510.0
719,1377805206,505.0
719,1377805211,508.0
719,1377805216,507.0
719,1377805221,511.0
719,1377805226,524.0
719,1377805231,515.0
719,1377805236,509.0
719,1377805241,503.0
719,1377805246,510.0
719,1377805251,503.0
719,1377805256,518.0
719,1377805261,511.0
719,1377805266,511.0
719,1377805271,509.0
719,1377805276,515.0
719,1377805281,519.0
719,1377805286,524.0
719,1377805291,525.0
719,1377805296,531.0
719,1377805301,529.0
719,1377805306,526.0
719,1377805311,518.0
719,1377805316,514.0
719,1377805321,512.0
719,1377805326,502.0
719,1377805331,508.0
719,1377805336,512.0
719,1377805341,507.0
719,1377805346,509.0
719,1377805351,524.0
719,1377805356,520.0
719,1377805361,518.0
719,1377805366,516.0
719,1377805371,507.0
719,1377805376,516.0
719,1377805381,521.0
719,1377805386,526.0
719,1377805391,526.0
719,1377805396,516.0
719,1377805401,511.0
719,1377805406,520.0
719,1377805411,521.0
719,1377805416,518.0
719,1377805421,515.0
719,1377805426,508.0
719,1377805431,507.0
719,1377805436,518.0
719,1377805441,515.0
719,1377805446,518.0
719,1377805451,520.0
719,1377805456,509.0
719,1377805461,502.0
719,1377805466,503.0
719,1377805471,505.0
719,1377805476,508.0
719,1377805481,508.0
719,1377805486,507.0
719,1377805491,516.0
719,1377805496,507.0
719,1377805501,521.0
719,1377805506,524.0
719,1377805511,524.0
719,1377805516,518.0
719,1377805521,509.0
719,1377805526,511.0
719,1377805531,515.0
719,1377805536,515.0
719,1377805541,520.0
719,1377805546,526.0
719,1377805551,528.0
719,1377805556,529.0
719,1377805561,524.0
719,1377805566,526.0
719,1377805571,508.0
719,1377805576,503.0
719,1377805581,503.0
719,1377805586,503.0
719,1377805591,503.0
719,1377805596,499.0
719,1377805601,508.0
719,1377805606,508.0
719,1377805611,507.0
719,1377805616,509.0
719,1377805621,513.0
719,1377805626,512.0
719,1377805631,507.0
719,1377805636,504.0
719,1377805641,503.0
719,1377805646,495.0
719,1377805651,499.0
719,1377805656,504.0
719,1377805661,508.0
719,1377805666,512.0
719,1377805671,507.0
719,1377805676,509.0
719,1377805681,508.0
719,1377805686,509.0
719,1377805691,507.0
719,1377805696,509.0
719,1377805701,503.0
719,1377805706,507.0
719,1377805711,507.0
719,1377805716,507.0
719,1377805721,514.0
719,1377805726,514.0
719,1377805731,503.0
719,1377805736,503.0
719,1377805741,503.0
719,1377805746,504.0
719,1377805751,499.0
719,1377805756,503.0
719,1377805761,504.0
719,1377805766,505.0
719,1377805771,504.0
719,1377805776,503.0
719,1377805781,508.0
719,1377805786,503.0
719,1377805791,513.0
719,1377805796,509.0
719,1377805801,505.0
719,1377805806,503.0
719,1377805811,499.0
719,1377805816,497.0
719,1377805821,504.0
719,1377805826,507.0
719,1377805831,507.0
719,1377805836,511.0
719,1377805841,524.0
719,1377805846,521.0
719,1377805851,509.0
719,1377805856,507.0
719,1377805861,505.0
719,1377805866,502.0
719,1377805871,505.0
719,1377805876,507.0
719,1377805881,518.0
719,1377805886,518.0
719,1377805891,519.0
719,1377805896,524.0
719,1377805901,521.0
719,1377805906,519.0
719,1377805911,515.0
719,1377805916,508.0
719,1377805921,514.0
719,1377805926,512.0
719,1377805931,513.0
719,1377805936,507.0
719,1377805941,514.0
719,1377805946,505.0
719,1377805951,503.0
719,1377805956,518.0
719,1377805961,509.0
719,1377805966,507.0
719,1377805971,515.0
719,1377805976,508.0
719,1377805981,503.0
719,1377805986,508.0
719,1377805991,514.0
719,1377805996,507.0
719,1377806001,507.0
719,1377806006,509.0
719,1377806011,512.0
719,1377806016,508.0
719,1377806021,505.0
719,1377806026,502.0
719,1377806031,499.0
719,1377806036,503.0
719,1377806041,504.0
719,1377806046,500.0
719,1377806051,493.0
719,1377806056,499.0
719,1377806061,502.0
719,1377806066,505.0
719,1377806071,505.0
719,1377806076,505.0
719,1377806081,512.0
719,1377806086,508.0
719,1377806091,503.0
719,1377806096,502.0
719,1377806101,502.0
719,1377806106,503.0
719,1377806111,508.0
719,1377806116,507.0
719,1377806121,514.0
719,1377806126,512.0
719,1377806131,514.0
719,1377806136,503.0
719,1377806141,508.0
719,1377806146,512.0
719,1377806151,508.0
719,1377806156,508.0
719,1377806161,514.0
719,1377806166,516.0
719,1377806171,515.0
719,1377806176,518.0
719,1377806181,513.0
719,1377806186,505.0
719,1377806191,504.0
719,1377806196,500.0
719,1377806201,493.0
719,1377806206,499.0
719,1377806211,504.0
719,1377806216,505.0
719,1377806221,514.0
719,1377806226,508.0
719,1377806231,507.0
719,1377806236,508.0
719,1377806241,505.0
719,1377806246,503.0
719,1377806251,505.0
719,1377806256,508.0
719,1377806261,504.0
719,1377806266,508.0
719,1377806271,503.0
719,1377806276,507.0
719,1377806281,514.0
719,1377806286,507.0
719,1377806291,503.0
719,1377806296,518.0
719,1377806301,503.0
719,1377806306,505.0
719,1377806312,502.0
719,1377806316,508.0
719,1377806321,502.0
719,1377806326,505.0
719,1377806331,502.0
719,1377806336,505.0
719,1377806341,512.0
719,1377806346,516.0
719,1377806351,515.0
719,1377806356,513.0
719,1377806361,515.0
719,1377806366,507.0
719,1377806371,508.0
719,1377806376,508.0
719,1377806381,507.0
719,1377806386,507.0
719,1377806391,503.0
719,1377806396,508.0
719,1377806401,508.0
719,1377806406,503.0
719,1377806411,509.0
719,1377806416,512.0
719,1377806421,512.0
719,1377806426,505.0
719,1377806431,505.0
719,1377806436,508.0
719,1377806441,505.0
719,1377806446,514.0
719,1377806451,503.0
719,1377806456,507.0
719,1377806461,502.0
719,1377806466,497.0
719,1377806471,497.0
719,1377806476,498.0
719,1377806481,499.0
719,1377806486,504.0
719,1377806491,503.0
719,1377806496,504.0
719,1377806501,493.0
719,1377806506,494.0
719,1377806511,497.0
719,1377806516,499.0
719,1377806521,499.0
719,1377806526,505.0
719,1377806531,505.0
719,1377806536,512.0
719,1377806541,504.0
719,1377806546,502.0
719,1377806551,505.0
719,1377806556,505.0
719,1377806561,508.0
719,1377806566,499.0
719,1377806571,504.0
719,1377806576,497.0
719,1377806581,499.0
719,1377806586,494.0
719,1377806591,494.0
719,1377806596,497.0
719,1377806601,493.0
719,1377806606,499.0
719,1377806611,493.0
719,1377806616,499.0
719,1377806621,503.0
719,1377806626,502.0
719,1377806631,505.0
719,1377806636,494.0
719,1377806641,500.0
719,1377806646,500.0
719,1377806651,502.0
719,1377806656,504.0
719,1377806661,502.0
719,1377806666,499.0
719,1377806671,503.0
719,1377806676,505.0
719,1377806681,504.0
719,1377806686,512.0
719,1377806691,512.0
719,1377806696,508.0
719,1377806701,512.0
719,1377806706,514.0
719,1377806711,509.0
719,1377806716,505.0
719,1377806721,505.0
719,1377806726,503.0
719,1377806731,505.0
719,1377806736,512.0
719,1377806741,503.0
719,1377806746,507.0
719,1377806751,503.0
719,1377806756,507.0
719,1377806761,508.0
719,1377806766,508.0
719,1377806771,504.0
719,1377806776,497.0
719,1377806781,494.0
719,1377806786,494.0
719,1377806791,497.0
719,1377806796,499.0
719,1377806801,499.0
719,1377806806,504.0
719,1377806811,504.0
719,1377806816,503.0
719,1377806821,499.0
719,1377806826,499.0
719,1377806831,502.0
719,1377806836,495.0
719,1377806841,494.0
719,1377806846,486.0
719,1377806851,494.0
719,1377806856,487.0
719,1377806861,497.0
719,1377806866,495.0
719,1377806871,495.0
719,1377806876,505.0
719,1377806881,503.0
719,1377806886,508.0
719,1377806891,510.0
719,1377806896,499.0
719,1377806901,495.0
719,1377806906,497.0
719,1377806911,504.0
719,1377806916,504.0
719,1377806921,505.0
719,1377806926,499.0
719,1377806931,498.0
719,1377806936,492.0
719,1377806941,492.0
719,1377806946,492.0
719,1377806951,494.0
719,1377806956,504.0
719,1377806961,505.0
719,1377806966,502.0
719,1377806971,495.0
719,1377806976,494.0
719,1377806981,493.0
719,1377806986,494.0
719,1377806991,499.0
719,1377806996,499.0
719,1377807001,505.0
719,1377807006,514.0
719,1377807011,509.0
719,1377807016,518.0
719,1377807021,504.0
719,1377807026,500.0
719,1377807031,497.0
719,1377807036,497.0
719,1377807041,502.0
719,1377807046,505.0
719,1377807051,505.0
719,1377807056,512.0
719,1377807061,497.0
719,1377807066,493.0
719,1377807071,494.0
719,1377807076,494.0
719,1377807081,500.0
719,1377807086,499.0
719,1377807091,502.0
719,1377807096,493.0
719,1377807101,493.0
719,1377807106,488.0
719,1377807111,494.0
719,1377807116,492.0
719,1377807121,496.0
719,1377807126,499.0
719,1377807131,504.0
719,1377807136,504.0
719,1377807141,500.0
719,1377807146,497.0
719,1377807151,497.0
719,1377807156,497.0
719,1377807161,497.0
719,1377807166,493.0
719,1377807171,495.0
719,1377807176,494.0
719,1377807181,508.0
719,1377807186,504.0
719,1377807191,499.0
719,1377807196,499.0
719,1377807201,499.0
719,1377807206,493.0
719,1377807211,493.0
719,1377807216,499.0
719,1377807221,504.0
719,1377807226,503.0
719,1377807231,512.0
719,1377807236,508.0
719,1377807241,504.0
719,1377807246,494.0
719,1377807251,497.0
719,1377807256,494.0
719,1377807261,487.0
719,1377807266,497.0
719,1377807271,494.0
719,1377807276,499.0
719,1377807281,497.0
719,1377807286,499.0
719,1377807291,502.0
719,1377807296,507.0
719,1377807301,507.0
719,1377807306,515.0
719,1377807311,503.0
719,1377807316,499.0
719,1377807321,494.0
719,1377807326,494.0
719,1377807331,497.0
719,1377807336,499.0
719,1377807341,504.0
719,1377807346,505.0
719,1377807351,508.0
719,1377807356,512.0
719,1377807361,508.0
719,1377807366,505.0
719,1377807371,505.0
719,1377807376,505.0
719,1377807381,504.0
719,1377807386,503.0
719,1377807391,508.0
719,1377807396,505.0
719,1377807401,503.0
719,1377807406,504.0
719,1377807411,499.0
719,1377807416,494.0
719,1377807421,491.0
719,1377807426,494.0
719,1377807431,497.0
719,1377807436,499.0
719,1377807441,498.0
719,1377807446,497.0
719,1377807451,494.0
719,1377807456,499.0
719,1377807461,507.0
719,1377807466,507.0
719,1377807471,505.0
719,1377807476,504.0
719,1377807481,497.0
719,1377807486,494.0
719,1377807491,496.0
719,1377807496,492.0
719,1377807501,493.0
719,1377807506,497.0
719,1377807511,499.0
719,1377807516,497.0
719,1377807521,499.0
719,1377807526,498.0
719,1377807531,497.0
719,1377807536,495.0
719,1377807541,500.0
719,1377807546,499.0
719,1377807551,494.0
719,1377807556,499.0
719,1377807561,499.0
719,1377807566,497.0
719,1377807571,499.0
719,1377807576,508.0
719,1377807581,507.0
719,1377807586,507.0
719,1377807591,505.0
719,1377807596,499.0
719,1377807601,497.0
719,1377807606,496.0
719,1377807611,494.0
719,1377807616,504.0
719,1377807621,503.0
719,1377807626,504.0
719,1377807631,505.0
719,1377807636,497.0
719,1377807641,502.0
719,1377807646,500.0
719,1377807651,498.0
719,1377807656,499.0
719,1377807661,505.0
719,1377807666,500.0
719,1377807671,510.0
719,1377807676,498.0
719,1377807681,497.0
719,1377807686,499.0
719,1377807691,494.0
719,1377807696,493.0
719,1377807701,497.0
719,1377807706,496.0
719,1377807711,497.0
719,1377807716,497.0
719,1377807721,499.0
719,1377807726,500.0
719,1377807731,505.0
719,1377807736,505.0
719,1377807741,494.0
719,1377807746,493.0
719,1377807751,494.0
719,1377807756,489.0
719,1377807761,489.0
719,1377807766,486.0
719,1377807771,489.0
719,1377807776,489.0
719,1377807781,494.0
719,1377807786,497.0
719,1377807791,497.0
719,1377807796,494.0
719,1377807801,492.0
719,1377807806,492.0
719,1377807811,489.0
719,1377807816,487.0
719,1377807821,492.0
719,1377807826,497.0
719,1377807831,498.0
719,1377807836,502.0
719,1377807841,502.0
719,1377807846,502.0
719,1377807851,499.0
719,1377807856,493.0
719,1377807861,486.0
719,1377807866,488.0
719,1377807871,486.0
719,1377807876,487.0
719,1377807881,497.0
719,1377807886,504.0
719,1377807891,508.0
719,1377807896,502.0
719,1377807901,502.0
719,1377807906,505.0
719,1377807911,504.0
719,1377807916,504.0
719,1377807921,504.0
719,1377807926,499.0
719,1377807931,497.0
719,1377807936,494.0
719,1377807941,492.0
719,1377807946,489.0
719,1377807951,489.0
719,1377807956,494.0
719,1377807961,494.0
719,1377807966,496.0
719,1377807971,494.0
719,1377807976,499.0
719,1377807981,498.0
719,1377807986,497.0
719,1377807991,497.0
719,1377807996,494.0
719,1377808001,497.0
719,1377808006,496.0
719,1377808011,492.0
719,1377808016,500.0
719,1377808021,499.0
719,1377808026,499.0
719,1377808031,499.0
719,1377808036,499.0
719,1377808041,493.0
719,1377808046,497.0
719,1377808051,499.0
719,1377808056,512.0
719,1377808061,493.0
719,1377808066,500.0
719,1377808071,502.0
719,1377808076,504.0
719,1377808081,493.0
719,1377808086,494.0
719,1377808091,496.0
719,1377808096,494.0
719,1377808101,494.0
719,1377808106,500.0
719,1377808111,499.0
719,1377808116,494.0
719,1377808121,494.0
719,1377808126,502.0
719,1377808131,499.0
719,1377808136,495.0
719,1377808141,505.0
719,1377808146,502.0
719,1377808151,503.0
719,1377808156,505.0
719,1377808161,508.0
719,1377808166,505.0
719,1377808171,499.0
719,1377808176,496.0
719,1377808181,486.0
719,1377808186,494.0
719,1377808191,494.0
719,1377808196,499.0
719,1377808201,494.0
719,1377808206,497.0
719,1377808211,489.0
719,1377808216,494.0
719,1377808221,497.0
719,1377808226,497.0
719,1377808231,499.0
719,1377808236,503.0
719,1377808241,503.0
719,1377808246,507.0
719,1377808251,505.0
719,1377808256,499.0
719,1377808261,498.0
719,1377808266,497.0
719,1377808271,494.0
719,1377808276,497.0
719,1377808281,494.0
719,1377808286,497.0
719,1377808291,494.0
719,1377808296,492.0
719,1377808301,493.0
719,1377808306,499.0
719,1377808311,496.0
719,1377808316,496.0
719,1377808321,496.0
719,1377808326,494.0
719,1377808331,494.0
719,1377808336,487.0
719,1377808341,487.0
719,1377808346,486.0
719,1377808351,488.0
719,1377808356,487.0
719,1377808361,492.0
719,1377808366,499.0
719,1377808371,497.0
719,1377808376,497.0
719,1377808381,497.0
719,1377808386,487.0
719,1377808391,489.0
719,1377808396,494.0
719,1377808401,499.0
719,1377808406,497.0
719,1377808411,500.0
719,1377808416,499.0
719,1377808421,497.0
719,1377808426,497.0
719,1377808431,495.0
719,1377808436,494.0
719,1377808441,494.0
719,1377808446,497.0
719,1377808451,499.0
719,1377808456,497.0
719,1377808461,499.0
719,1377808466,505.0
719,1377808471,499.0
719,1377808476,508.0
719,1377808481,508.0
719,1377808486,505.0
719,1377808491,508.0
719,1377808496,504.0
719,1377808501,494.0
719,1377808506,497.0
719,1377808511,497.0
719,1377808516,502.0
719,1377808521,499.0
719,1377808526,505.0
719,1377808531,505.0
719,1377808536,505.0
719,1377808541,504.0
719,1377808546,510.0
719,1377808551,505.0
719,1377808556,505.0
719,1377808561,497.0
719,1377808566,502.0
719,1377808571,497.0
719,1377808576,497.0
719,1377808581,497.0
719,1377808586,496.0
719,1377808591,494.0
719,1377808596,492.0
719,1377808601,498.0
719,1377808606,502.0
719,1377808611,502.0
719,1377808616,504.0
719,1377808621,498.0
719,1377808626,494.0
719,1377808631,494.0
719,1377808636,498.0
719,1377808641,493.0
719,1377808646,492.0
719,1377808651,499.0
719,1377808656,499.0
719,1377808661,504.0
719,1377808666,504.0
719,1377808671,503.0
719,1377808676,499.0
719,1377808681,499.0
719,1377808686,503.0
719,1377808691,505.0
719,1377808696,504.0
719,1377808701,502.0
719,1377808706,494.0
719,1377808711,502.0
719,1377808716,499.0
719,1377808721,499.0
719,1377808726,504.0
719,1377808731,503.0
719,1377808736,502.0
719,1377808741,504.0
719,1377808746,497.0
719,1377808751,491.0
719,1377808756,486.0
719,1377808761,494.0
719,1377808766,496.0
719,1377808771,497.0
719,1377808776,494.0
719,1377808781,492.0
719,1377808786,493.0
719,1377808791,497.0
719,1377808796,497.0
719,1377808801,494.0
719,1377808806,497.0
719,1377808811,494.0
719,1377808816,497.0
719,1377808821,498.0
719,1377808826,500.0
719,1377808831,493.0
719,1377808836,497.0
719,1377808841,499.0
719,1377808846,491.0
719,1377808851,497.0
719,1377808856,499.0
719,1377808861,505.0
719,1377808866,508.0
719,1377808871,509.0
719,1377808876,503.0
719,1377808881,508.0
719,1377808886,502.0
719,1377808891,497.0
719,1377808896,493.0
719,1377808901,497.0
719,1377808906,489.0
719,1377808911,488.0
719,1377808916,487.0
719,1377808921,494.0
719,1377808926,504.0
719,1377808931,509.0
719,1377808936,509.0
719,1377808941,518.0
719,1377808946,508.0
719,1377808951,504.0
719,1377808956,493.0
719,1377808961,494.0
719,1377808966,499.0
719,1377808971,505.0
719,1377808976,494.0
719,1377808981,499.0
719,1377808986,494.0
719,1377808991,502.0
719,1377808996,508.0
719,1377809001,505.0
719,1377809006,509.0
719,1377809011,509.0
719,1377809016,515.0
719,1377809021,514.0
719,1377809026,515.0
719,1377809031,515.0
719,1377809036,525.0
719,1377809041,529.0
719,1377809046,531.0
719,1377809051,534.0
719,1377809056,536.0
719,1377809061,531.0
719,1377809066,528.0
719,1377809071,531.0
719,1377809076,531.0
719,1377809081,537.0
719,1377809086,537.0
719,1377809091,534.0
719,1377809096,536.0
719,1377809101,526.0
719,1377809106,534.0
719,1377809112,534.0
719,1377809116,540.0
719,1377809121,531.0
719,1377809126,536.0
719,1377809131,526.0
719,1377809136,531.0
719,1377809141,529.0
719,1377809146,530.0
719,1377809151,526.0
719,1377809156,525.0
719,1377809162,529.0
719,1377809166,523.0
719,1377809171,521.0
719,1377809176,518.0
719,1377809181,519.0
719,1377809186,524.0
719,1377809191,526.0
719,1377809196,528.0
719,1377809201,526.0
719,1377809206,531.0
719,1377809211,531.0
719,1377809216,535.0
719,1377809221,539.0
719,1377809226,540.0
719,1377809231,539.0
719,1377809236,541.0
719,1377809241,543.0
719,1377809246,553.0
719,1377809251,561.0
719,1377809256,558.0
719,1377809261,561.0
719,1377809266,562.0
719,1377809271,563.0
719,1377809276,561.0
719,1377809281,553.0
719,1377809286,553.0
719,1377809291,556.0
719,1377809296,551.0
719,1377809301,551.0
719,1377809306,553.0
719,1377809311,547.0
719,1377809316,550.0
719,1377809321,540.0
719,1377809326,540.0
719,1377809331,546.0
719,1377809336,541.0
719,1377809341,541.0
719,1377809346,541.0
719,1377809351,550.0
719,1377809356,548.0
719,1377809361,547.0
719,1377809366,539.0
719,1377809371,545.0
719,1377809376,545.0
719,1377809382,541.0
719,1377809386,546.0
719,1377809391,547.0
719,1377809396,552.0
719,1377809401,550.0
719,1377809406,541.0
719,1377809411,547.0
719,1377809416,537.0
719,1377809421,535.0
719,1377809426,531.0
719,1377809431,536.0
719,1377809436,526.0
719,1377809441,535.0
719,1377809446,540.0
719,1377809451,539.0
719,1377809456,550.0
719,1377809461,547.0
719,1377809466,550.0
719,1377809471,558.0
719,1377809476,558.0
719,1377809481,569.0
719,1377809486,571.0
719,1377809491,575.0
719,1377809496,588.0
719,1377809501,582.0
719,1377809506,579.0
719,1377809511,571.0
719,1377809516,571.0
719,1377809521,582.0
719,1377809526,580.0
719,1377809531,571.0
719,1377809536,580.0
719,1377809541,576.0
719,1377809546,582.0
719,1377809551,576.0
719,1377809556,571.0
719,1377809561,569.0
719,1377809566,563.0
719,1377809571,558.0
719,1377809576,556.0
719,1377809581,563.0
719,1377809586,561.0
719,1377809591,561.0
719,1377809596,551.0
719,1377809601,553.0
719,1377809606,551.0
719,1377809611,556.0
719,1377809616,556.0
719,1377809621,558.0
719,1377809626,553.0
719,1377809631,551.0
719,1377809636,553.0
719,1377809641,552.0
719,1377809646,547.0
719,1377809651,552.0
719,1377809656,545.0
719,1377809661,547.0
719,1377809666,541.0
719,1377809671,550.0
719,1377809676,558.0
719,1377809681,556.0
719,1377809686,561.0
719,1377809691,567.0
719,1377809696,563.0
719,1377809701,561.0
719,1377809706,558.0
719,1377809711,558.0
719,1377809716,553.0
719,1377809721,550.0
719,1377809726,539.0
719,1377809731,540.0
719,1377809736,540.0
719,1377809741,550.0
719,1377809746,539.0
719,1377809751,546.0
719,1377809756,550.0
719,1377809761,551.0
719,1377809766,543.0
719,1377809771,541.0
719,1377809776,547.0
719,1377809781,550.0
719,1377809786,558.0
719,1377809791,550.0
719,1377809796,552.0
719,1377809801,545.0
719,1377809806,540.0
719,1377809811,527.0
719,1377809816,536.0
719,1377809821,527.0
719,1377809826,531.0
719,1377809831,532.0
719,1377809836,537.0
719,1377809841,540.0
719,1377809846,540.0
719,1377809851,546.0
719,1377809856,540.0
719,1377809861,540.0
719,1377809866,535.0
719,1377809871,531.0
719,1377809876,531.0
719,1377809881,527.0
719,1377809886,541.0
719,1377809891,541.0
719,1377809896,543.0
719,1377809901,558.0
719,1377809906,547.0
719,1377809911,543.0
719,1377809916,535.0
719,1377809921,539.0
719,1377809926,544.0
719,1377809931,539.0
719,1377809936,541.0
719,1377809941,546.0
719,1377809946,540.0
719,1377809951,544.0
719,1377809956,537.0
719,1377809961,548.0
719,1377809966,543.0
719,1377809971,553.0
719,1377809976,550.0
719,1377809981,550.0
719,1377809986,541.0
719,1377809991,546.0
719,1377809996,535.0
719,1377810001,531.0
719,1377810006,531.0
719,1377810011,529.0
719,1377810016,525.0
719,1377810021,526.0
719,1377810026,526.0
719,1377810031,515.0
719,1377810036,524.0
719,1377810041,515.0
719,1377810046,521.0
719,1377810051,525.0
719,1377810056,534.0
719,1377810061,540.0
719,1377810066,547.0
719,1377810071,548.0
719,1377810076,547.0
719,1377810081,540.0
719,1377810086,539.0
719,1377810091,539.0
719,1377810096,546.0
719,1377810101,539.0
719,1377810106,536.0
719,1377810111,536.0
719,1377810116,536.0
719,1377810121,532.0
719,1377810126,535.0
719,1377810131,544.0
719,1377810136,542.0
719,1377810141,544.0
719,1377810146,535.0
719,1377810151,537.0
719,1377810156,534.0
719,1377810161,531.0
719,1377810166,529.0
719,1377810171,526.0
719,1377810176,521.0
719,1377810181,526.0
719,1377810186,524.0
719,1377810191,529.0
719,1377810196,524.0
719,1377810201,529.0
719,1377810206,536.0
719,1377810211,537.0
719,1377810216,539.0
719,1377810221,546.0
719,1377810226,534.0
719,1377810231,529.0
719,1377810236,526.0
719,1377810241,521.0
719,1377810246,518.0
719,1377810251,519.0
719,1377810256,524.0
719,1377810261,529.0
719,1377810266,534.0
719,1377810271,531.0
719,1377810276,529.0
719,1377810281,525.0
719,1377810286,528.0
719,1377810291,526.0
719,1377810296,518.0
719,1377810301,525.0
719,1377810306,537.0
719,1377810311,539.0
719,1377810316,539.0
719,1377810321,536.0
719,1377810326,526.0
719,1377810331,521.0
719,1377810336,519.0
719,1377810341,521.0
719,1377810346,529.0
719,1377810351,535.0
719,1377810356,546.0
719,1377810361,540.0
719,1377810366,536.0
719,1377810371,536.0
719,1377810376,529.0
719,1377810381,525.0
719,1377810386,526.0
719,1377810391,528.0
719,1377810396,525.0
719,1377810401,526.0
719,1377810406,524.0
719,1377810411,521.0
719,1377810416,519.0
719,1377810421,519.0
719,1377810426,524.0
719,1377810431,521.0
719,1377810436,521.0
719,1377810441,531.0
719,1377810446,525.0
719,1377810451,531.0
719,1377810456,524.0
719,1377810461,526.0
719,1377810466,524.0
719,1377810471,529.0
719,1377810476,531.0
719,1377810481,535.0
719,1377810486,540.0
719,1377810491,536.0
719,1377810496,531.0
719,1377810501,531.0
719,1377810506,526.0
719,1377810511,526.0
719,1377810516,526.0
719,1377810521,531.0
719,1377810526,526.0
719,1377810531,526.0
719,1377810536,526.0
719,1377810541,518.0
719,1377810546,516.0
719,1377810551,518.0
719,1377810556,516.0
719,1377810561,519.0
719,1377810566,526.0
719,1377810571,531.0
719,1377810576,529.0
719,1377810581,532.0
719,1377810586,531.0
719,1377810591,529.0
719,1377810596,524.0
719,1377810601,526.0
719,1377810606,528.0
719,1377810611,524.0
719,1377810616,515.0
719,1377810621,511.0
719,1377810626,518.0
719,1377810631,524.0
719,1377810636,526.0
719,1377810641,524.0
719,1377810646,529.0
719,1377810651,524.0
719,1377810656,521.0
719,1377810661,521.0
719,1377810666,520.0
719,1377810671,523.0
719,1377810676,529.0
719,1377810681,531.0
719,1377810686,544.0
719,1377810691,535.0
719,1377810696,524.0
719,1377810701,521.0
719,1377810706,529.0
719,1377810711,526.0
719,1377810716,531.0
719,1377810721,537.0
719,1377810726,535.0
719,1377810731,532.0
719,1377810736,529.0
719,1377810741,526.0
719,1377810746,529.0
719,1377810751,526.0
719,1377810756,526.0
719,1377810761,528.0
719,1377810766,524.0
719,1377810771,509.0
719,1377810776,509.0
719,1377810781,511.0
719,1377810786,520.0
719,1377810791,521.0
719,1377810796,519.0
719,1377810801,519.0
719,1377810806,519.0
719,1377810811,524.0
719,1377810816,521.0
719,1377810821,509.0
719,1377810826,515.0
719,1377810831,518.0
719,1377810836,518.0
719,1377810841,526.0
719,1377810846,527.0
719,1377810851,527.0
719,1377810856,531.0
719,1377810861,531.0
719,1377810866,525.0
719,1377810871,524.0
719,1377810876,509.0
719,1377810881,511.0
719,1377810886,518.0
719,1377810891,521.0
719,1377810896,529.0
719,1377810901,526.0
719,1377810906,526.0
719,1377810911,531.0
719,1377810916,528.0
719,1377810921,524.0
719,1377810926,521.0
719,1377810931,518.0
719,1377810936,521.0
719,1377810941,524.0
719,1377810946,518.0
719,1377810951,526.0
719,1377810956,531.0
719,1377810961,532.0
719,1377810966,526.0
719,1377810971,530.0
719,1377810976,525.0
719,1377810981,524.0
719,1377810986,524.0
719,1377810991,516.0
719,1377810996,509.0
719,1377811001,515.0
719,1377811006,511.0
719,1377811011,520.0
719,1377811016,526.0
719,1377811021,524.0
719,1377811026,526.0
719,1377811031,526.0
719,1377811036,531.0
719,1377811041,529.0
719,1377811046,532.0
719,1377811051,531.0
719,1377811056,531.0
719,1377811061,526.0
719,1377811066,518.0
719,1377811071,507.0
719,1377811076,507.0
719,1377811081,503.0
719,1377811086,503.0
719,1377811091,513.0
719,1377811096,509.0
719,1377811101,518.0
719,1377811106,511.0
719,1377811111,521.0
719,1377811116,521.0
719,1377811121,525.0
719,1377811126,525.0
719,1377811131,531.0
719,1377811136,521.0
719,1377811141,521.0
719,1377811146,515.0
719,1377811151,511.0
719,1377811156,515.0
719,1377811161,518.0
719,1377811166,521.0
719,1377811171,524.0
719,1377811176,515.0
719,1377811181,511.0
719,1377811186,514.0
719,1377811191,513.0
719,1377811196,514.0
719,1377811201,507.0
719,1377811206,516.0
719,1377811211,511.0
719,1377811216,509.0
719,1377811221,516.0
719,1377811226,505.0
719,1377811231,508.0
719,1377811236,508.0
719,1377811241,512.0
719,1377811246,514.0
719,1377811251,518.0
719,1377811256,509.0
719,1377811261,518.0
719,1377811266,518.0
719,1377811271,511.0
719,1377811276,521.0
719,1377811281,524.0
719,1377811286,519.0
719,1377811291,519.0
719,1377811296,519.0
719,1377811301,524.0
719,1377811306,519.0
719,1377811311,521.0
719,1377811316,518.0
719,1377811321,518.0
719,1377811326,515.0
719,1377811331,520.0
719,1377811336,524.0
719,1377811341,528.0
719,1377811346,519.0
719,1377811351,526.0
719,1377811356,521.0
719,1377811361,528.0
719,1377811366,526.0
719,1377811371,525.0
719,1377811376,525.0
719,1377811381,523.0
719,1377811386,519.0
719,1377811391,518.0
719,1377811396,509.0
719,1377811401,513.0
719,1377811406,503.0
719,1377811411,515.0
719,1377811416,514.0
719,1377811421,512.0
719,1377811426,505.0
719,1377811431,512.0
719,1377811436,504.0
719,1377811441,503.0
719,1377811446,512.0
719,1377811453,509.0
719,1377811456,508.0
719,1377811461,508.0
719,1377811466,505.0
719,1377811471,505.0
719,1377811476,503.0
719,1377811481,508.0
719,1377811486,515.0
719,1377811491,518.0
719,1377811496,516.0
719,1377811501,515.0
719,1377811506,509.0
719,1377811511,508.0
719,1377811516,508.0
719,1377811521,509.0
719,1377811526,518.0
719,1377811531,528.0
719,1377811536,529.0
719,1377811541,521.0
719,1377811546,521.0
719,1377811551,518.0
719,1377811556,520.0
719,1377811561,509.0
719,1377811566,514.0
719,1377811571,512.0
719,1377811576,508.0
719,1377811581,505.0
719,1377811586,503.0
719,1377811591,507.0
719,1377811596,507.0
719,1377811601,509.0
719,1377811606,515.0
719,1377811611,512.0
719,1377811616,503.0
719,1377811621,508.0
719,1377811626,508.0
719,1377811631,507.0
719,1377811636,505.0
719,1377811641,512.0
719,1377811646,503.0
719,1377811651,503.0
719,1377811656,509.0
719,1377811661,511.0
719,1377811666,524.0
719,1377811671,519.0
719,1377811676,509.0
719,1377811681,508.0
719,1377811686,502.0
719,1377811691,512.0
719,1377811696,514.0
719,1377811701,526.0
719,1377811706,511.0
719,1377811711,515.0
719,1377811716,507.0
719,1377811721,508.0
719,1377811726,508.0
719,1377811731,508.0
719,1377811736,504.0
719,1377811741,508.0
719,1377811746,508.0
719,1377811751,508.0
719,1377811756,503.0
719,1377811761,505.0
719,1377811766,503.0
719,1377811771,510.0
719,1377811776,503.0
719,1377811781,505.0
719,1377811786,514.0
719,1377811791,507.0
719,1377811796,516.0
719,1377811801,508.0
719,1377811806,514.0
719,1377811811,504.0
719,1377811816,505.0
719,1377811821,499.0
719,1377811826,508.0
719,1377811831,502.0
719,1377811836,508.0
719,1377811841,512.0
719,1377811846,507.0
719,1377811851,512.0
719,1377811856,512.0
719,1377811861,516.0
719,1377811866,515.0
719,1377811871,516.0
719,1377811876,518.0
719,1377811881,519.0
719,1377811886,519.0
719,1377811891,515.0
719,1377811896,515.0
719,1377811901,515.0
719,1377811906,514.0
719,1377811911,518.0
719,1377811916,505.0
719,1377811921,508.0
719,1377811926,510.0
719,1377811931,514.0
719,1377811936,509.0
719,1377811941,526.0
719,1377811946,507.0
719,1377811951,514.0
719,1377811956,494.0
719,1377811961,493.0
719,1377811966,497.0
719,1377811971,504.0
719,1377811976,512.0
719,1377811981,516.0
719,1377811986,515.0
719,1377811991,521.0
719,1377811996,518.0
719,1377812001,515.0
719,1377812006,509.0
719,1377812011,505.0
719,1377812016,507.0
719,1377812021,508.0
719,1377812026,508.0
719,1377812031,499.0
719,1377812036,512.0
719,1377812041,505.0
719,1377812046,508.0
719,1377812051,504.0
719,1377812056,503.0
719,1377812061,497.0
719,1377812066,500.0
719,1377812071,495.0
719,1377812076,508.0
719,1377812081,504.0
719,1377812086,502.0
719,1377812091,495.0
719,1377812096,504.0
719,1377812101,504.0
719,1377812106,507.0
719,1377812111,507.0
719,1377812116,521.0
719,1377812121,511.0
719,1377812126,511.0
719,1377812131,509.0
719,1377812136,509.0
719,1377812141,515.0
719,1377812146,526.0
719,1377812151,525.0
719,1377812156,529.0
719,1377812161,529.0
719,1377812166,519.0
719,1377812171,524.0
719,1377812176,516.0
719,1377812181,515.0
719,1377812187,509.0
719,1377812191,514.0
719,1377812196,507.0
719,1377812201,507.0
719,1377812206,507.0
719,1377812211,512.0
719,1377812216,508.0
719,1377812221,508.0
719,1377812226,515.0
719,1377812231,516.0
719,1377812236,515.0
719,1377812241,509.0
719,1377812246,518.0
719,1377812251,509.0
719,1377812256,515.0
719,1377812261,505.0
719,1377812266,505.0
719,1377812271,505.0
719,1377812276,505.0
719,1377812281,503.0
719,1377812286,507.0
719,1377812291,518.0
719,1377812296,524.0
719,1377812301,511.0
719,1377812306,518.0
719,1377812311,509.0
719,1377812316,507.0
719,1377812321,505.0
719,1377812326,508.0
719,1377812331,505.0
719,1377812336,507.0
719,1377812341,509.0
719,1377812346,515.0
719,1377812351,516.0
719,1377812356,509.0
719,1377812361,508.0
719,1377812366,505.0
719,1377812371,505.0
719,1377812376,503.0
719,1377812381,508.0
719,1377812386,503.0
719,1377812391,507.0
719,1377812396,503.0
719,1377812401,507.0
719,1377812406,508.0
719,1377812411,512.0
719,1377812416,508.0
719,1377812421,515.0
719,1377812426,516.0
719,1377812431,515.0
719,1377812436,518.0
719,1377812441,519.0
719,1377812446,519.0
719,1377812451,524.0
719,1377812456,514.0
719,1377812461,507.0
719,1377812466,508.0
719,1377812471,499.0
719,1377812476,499.0
719,1377812481,505.0
719,1377812486,512.0
719,1377812491,515.0
719,1377812496,518.0
719,1377812501,523.0
719,1377812506,524.0
719,1377812511,518.0
719,1377812516,518.0
719,1377812521,503.0
719,1377812526,508.0
719,1377812531,510.0
719,1377812536,503.0
719,1377812541,503.0
719,1377812546,508.0
719,1377812551,507.0
719,1377812556,507.0
719,1377812561,513.0
719,1377812566,511.0
719,1377812571,518.0
719,1377812576,521.0
719,1377812581,509.0
719,1377812586,507.0
719,1377812591,508.0
719,1377812596,505.0
719,1377812601,502.0
719,1377812606,508.0
719,1377812611,503.0
719,1377812616,503.0
719,1377812621,514.0
719,1377812626,505.0
719,1377812631,512.0
719,1377812636,499.0
719,1377812641,499.0
719,1377812646,497.0
719,1377812651,502.0
719,1377812656,512.0
719,1377812661,516.0
719,1377812666,520.0
719,1377812671,520.0
719,1377812676,511.0
719,1377812681,507.0
719,1377812686,512.0
719,1377812691,503.0
719,1377812696,505.0
719,1377812701,505.0
719,1377812706,499.0
719,1377812711,495.0
719,1377812716,502.0
719,1377812721,502.0
719,1377812726,505.0
719,1377812731,507.0
719,1377812736,512.0
719,1377812741,514.0
719,1377812746,509.0
719,1377812751,515.0
719,1377812756,518.0
719,1377812761,507.0
719,1377812766,507.0
719,1377812771,509.0
719,1377812776,507.0
719,1377812781,515.0
719,1377812786,514.0
719,1377812791,509.0
719,1377812796,518.0
719,1377812801,509.0
719,1377812806,509.0
719,1377812811,503.0
719,1377812816,518.0
719,1377812821,503.0
719,1377812826,508.0
719,1377812831,514.0
719,1377812836,518.0
719,1377812841,526.0
719,1377812846,524.0
719,1377812851,511.0
719,1377812856,518.0
719,1377812861,518.0
719,1377812866,516.0
719,1377812871,509.0
719,1377812876,507.0
719,1377812881,512.0
719,1377812886,508.0
719,1377812891,512.0
719,1377812896,508.0
719,1377812901,508.0
719,1377812906,507.0
719,1377812911,508.0
719,1377812916,505.0
719,1377812921,514.0
719,1377812926,512.0
719,1377812931,507.0
719,1377812936,500.0
719,1377812941,497.0
719,1377812946,494.0
719,1377812951,494.0
719,1377812956,497.0
719,1377812961,500.0
719,1377812966,502.0
719,1377812971,503.0
719,1377812976,505.0
719,1377812981,499.0
719,1377812986,508.0
719,1377812991,508.0
719,1377812996,507.0
719,1377813001,510.0
719,1377813006,502.0
719,1377813011,497.0
719,1377813016,499.0
719,1377813021,494.0
719,1377813026,493.0
719,1377813031,502.0
719,1377813036,503.0
719,1377813041,508.0
719,1377813046,518.0
719,1377813051,503.0
719,1377813056,508.0
719,1377813061,514.0
719,1377813066,507.0
719,1377813071,515.0
719,1377813076,509.0
719,1377813081,512.0
719,1377813086,512.0
719,1377813091,512.0
719,1377813096,508.0
719,1377813101,502.0
719,1377813106,504.0
719,1377813111,502.0
719,1377813116,508.0
719,1377813121,507.0
719,1377813126,511.0
719,1377813131,521.0
719,1377813136,516.0
719,1377813141,520.0
719,1377813146,518.0
719,1377813151,515.0
719,1377813156,511.0
719,1377813161,520.0
719,1377813166,519.0
719,1377813171,511.0
719,1377813176,505.0
719,1377813181,504.0
719,1377813186,494.0
719,1377813191,495.0
719,1377813196,494.0
719,1377813201,499.0
719,1377813206,504.0
719,1377813211,508.0
719,1377813216,503.0
719,1377813221,512.0
719,1377813226,507.0
719,1377813231,518.0
719,1377813236,520.0
719,1377813241,518.0
719,1377813246,515.0
719,1377813251,507.0
719,1377813256,514.0
719,1377813261,503.0
719,1377813266,512.0
719,1377813271,508.0
719,1377813276,504.0
719,1377813281,499.0
719,1377813286,495.0
719,1377813291,493.0
719,1377813296,497.0
719,1377813301,504.0
719,1377813306,505.0
719,1377813311,514.0
719,1377813316,515.0
719,1377813321,518.0
719,1377813326,509.0
719,1377813331,507.0
719,1377813336,507.0
719,1377813341,505.0
719,1377813346,505.0
719,1377813351,499.0
719,1377813356,503.0
719,1377813361,503.0
719,1377813366,514.0
719,1377813371,507.0
719,1377813376,514.0
719,1377813381,507.0
719,1377813386,512.0
719,1377813391,503.0
719,1377813396,508.0
719,1377813401,499.0
719,1377813406,499.0
719,1377813411,508.0
719,1377813416,497.0
719,1377813421,499.0
719,1377813426,497.0
719,1377813431,495.0
719,1377813436,502.0
719,1377813441,503.0
719,1377813446,508.0
719,1377813451,512.0
719,1377813456,500.0
719,1377813461,505.0
719,1377813466,505.0
719,1377813471,503.0
719,1377813476,508.0
719,1377813481,518.0
719,1377813486,521.0
719,1377813491,526.0
719,1377813496,521.0
719,1377813501,520.0
719,1377813506,516.0
719,1377813511,515.0
719,1377813516,509.0
719,1377813521,515.0
719,1377813526,503.0
719,1377813531,498.0
719,1377813536,497.0
719,1377813541,497.0
719,1377813546,504.0
719,1377813551,505.0
719,1377813556,512.0
719,1377813561,503.0
719,1377813566,518.0
719,1377813571,508.0
719,1377813576,515.0
719,1377813581,507.0
719,1377813586,516.0
719,1377813591,503.0
719,1377813596,499.0
719,1377813601,497.0
719,1377813606,497.0
719,1377813611,505.0
719,1377813616,508.0
719,1377813621,503.0
719,1377813626,512.0
719,1377813631,505.0
719,1377813636,505.0
719,1377813641,503.0
719,1377813646,507.0
719,1377813651,508.0
719,1377813656,503.0
719,1377813661,514.0
719,1377813666,508.0
719,1377813671,509.0
719,1377813676,515.0
719,1377813681,518.0
719,1377813686,509.0
719,1377813691,505.0
719,1377813696,503.0
719,1377813701,503.0
719,1377813706,503.0
719,1377813711,508.0
719,1377813716,502.0
719,1377813721,494.0
719,1377813726,497.0
719,1377813731,499.0
719,1377813736,508.0
719,1377813741,514.0
719,1377813746,510.0
719,1377813751,499.0
719,1377813756,494.0
719,1377813761,494.0
719,1377813766,499.0
719,1377813771,494.0
719,1377813776,494.0
719,1377813781,502.0
719,1377813786,504.0
719,1377813791,508.0
719,1377813796,508.0
719,1377813801,505.0
719,1377813806,505.0
719,1377813811,508.0
719,1377813816,507.0
719,1377813821,518.0
719,1377813826,511.0
719,1377813831,508.0
719,1377813836,503.0
719,1377813841,499.0
719,1377813846,502.0
719,1377813851,504.0
719,1377813856,502.0
719,1377813861,505.0
719,1377813866,507.0
719,1377813871,518.0
719,1377813876,520.0
719,1377813881,518.0
719,1377813886,515.0
719,1377813891,508.0
719,1377813896,507.0
719,1377813901,514.0
719,1377813906,505.0
719,1377813911,503.0
719,1377813916,512.0
719,1377813921,507.0
719,1377813926,508.0
719,1377813931,505.0
719,1377813936,507.0
719,1377813941,512.0
719,1377813946,508.0
719,1377813951,505.0
719,1377813956,505.0
719,1377813961,514.0
719,1377813966,507.0
719,1377813971,512.0
719,1377813976,502.0
719,1377813981,508.0
719,1377813986,505.0
719,1377813991,505.0
719,1377813996,502.0
719,1377814001,514.0
719,1377814006,508.0
719,1377814011,503.0
719,1377814016,503.0
719,1377814021,502.0
719,1377814026,505.0
719,1377814031,503.0
719,1377814036,512.0
719,1377814041,512.0
719,1377814046,514.0
719,1377814051,505.0
719,1377814056,514.0
719,1377814061,503.0
719,1377814066,502.0
719,1377814071,504.0
719,1377814076,508.0
719,1377814081,503.0
719,1377814086,512.0
719,1377814091,502.0
719,1377814096,502.0
719,1377814101,510.0
719,1377814106,503.0
719,1377814111,505.0
719,1377814116,514.0
719,1377814121,514.0
719,1377814126,503.0
719,1377814131,512.0
719,1377814136,505.0
719,1377814141,512.0
719,1377814146,503.0
719,1377814151,518.0
719,1377814156,507.0
719,1377814161,512.0
719,1377814166,503.0
719,1377814171,509.0
719,1377814176,508.0
719,1377814181,509.0
719,1377814186,509.0
719,1377814191,503.0
719,1377814196,505.0
719,1377814201,503.0
719,1377814206,505.0
719,1377814211,514.0
719,1377814216,507.0
719,1377814221,503.0
719,1377814226,507.0
719,1377814231,512.0
719,1377814236,507.0
719,1377814241,512.0
719,1377814246,514.0
719,1377814251,508.0
719,1377814256,512.0
719,1377814261,508.0
719,1377814266,509.0
719,1377814271,512.0
719,1377814276,503.0
719,1377814281,505.0
719,1377814286,505.0
719,1377814291,500.0
719,1377814296,508.0
719,1377814301,508.0
719,1377814306,512.0
719,1377814311,505.0
719,1377814316,512.0
719,1377814321,503.0
719,1377814326,508.0
719,1377814331,508.0
719,1377814336,509.0
719,1377814341,515.0
719,1377814346,521.0
719,1377814351,524.0
719,1377814356,526.0
719,1377814361,515.0
719,1377814366,514.0
719,1377814371,509.0
719,1377814376,507.0
719,1377814381,508.0
719,1377814386,514.0
719,1377814391,503.0
719,1377814396,508.0
719,1377814401,512.0
719,1377814406,508.0
719,1377814411,504.0
719,1377814416,504.0
719,1377814421,505.0
719,1377814426,505.0
719,1377814431,505.0
719,1377814436,508.0
719,1377814443,514.0
719,1377814446,507.0
719,1377814451,509.0
719,1377814456,508.0
719,1377814461,514.0
719,1377814466,500.0
719,1377814471,497.0
719,1377814476,503.0
719,1377814481,512.0
719,1377814486,507.0
719,1377814491,508.0
719,1377814496,503.0
719,1377814501,503.0
719,1377814506,512.0
719,1377814511,516.0
719,1377814516,520.0
719,1377814521,524.0
719,1377814526,521.0
719,1377814531,521.0
719,1377814536,507.0
719,1377814541,502.0
719,1377814546,502.0
719,1377814551,504.0
719,1377814556,508.0
719,1377814561,508.0
719,1377814566,505.0
719,1377814571,512.0
719,1377814576,504.0
719,1377814581,504.0
719,1377814586,502.0
719,1377814591,505.0
719,1377814596,512.0
719,1377814601,518.0
719,1377814606,516.0
719,1377814611,509.0
719,1377814616,508.0
719,1377814621,508.0
719,1377814626,505.0
719,1377814631,505.0
719,1377814636,505.0
719,1377814641,502.0
719,1377814646,497.0
719,1377814651,502.0
719,1377814656,498.0
719,1377814661,499.0
719,1377814666,499.0
719,1377814671,500.0
719,1377814676,494.0
719,1377814681,494.0
719,1377814686,498.0
719,1377814691,489.0
719,1377814696,492.0
719,1377814701,493.0
719,1377814706,494.0
719,1377814711,495.0
719,1377814716,497.0
719,1377814721,497.0
719,1377814726,500.0
719,1377814731,504.0
719,1377814736,508.0
719,1377814741,503.0
719,1377814746,505.0
719,1377814751,508.0
719,1377814756,508.0
719,1377814761,505.0
719,1377814766,505.0
719,1377814771,509.0
719,1377814776,518.0
719,1377814781,520.0
719,1377814786,509.0
719,1377814791,508.0
719,1377814796,508.0
719,1377814801,499.0
719,1377814806,512.0
719,1377814811,513.0
719,1377814816,518.0
719,1377814821,509.0
719,1377814826,509.0
719,1377814831,514.0
719,1377814836,512.0
719,1377814841,504.0
719,1377814846,497.0
719,1377814851,499.0
719,1377814856,502.0
719,1377814861,502.0
719,1377814866,503.0
719,1377814871,508.0
719,1377814876,505.0
719,1377814881,505.0
719,1377814886,505.0
719,1377814891,509.0
719,1377814896,509.0
719,1377814901,515.0
719,1377814906,521.0
719,1377814911,525.0
719,1377814916,531.0
719,1377814921,523.0
719,1377814926,509.0
719,1377814931,512.0
719,1377814936,502.0
719,1377814941,505.0
719,1377814946,502.0
719,1377814951,499.0
719,1377814956,499.0
719,1377814961,504.0
719,1377814966,502.0
719,1377814971,505.0
719,1377814976,512.0
719,1377814981,507.0
719,1377814986,507.0
719,1377814991,514.0
719,1377814996,508.0
719,1377815001,499.0
719,1377815006,493.0
719,1377815011,498.0
719,1377815016,499.0
719,1377815021,499.0
719,1377815026,503.0
719,1377815031,514.0
719,1377815036,507.0
719,1377815041,509.0
719,1377815046,509.0
719,1377815051,514.0
719,1377815056,515.0
719,1377815061,524.0
719,1377815066,528.0
719,1377815071,523.0
719,1377815076,515.0
719,1377815081,520.0
719,1377815086,515.0
719,1377815091,515.0
719,1377815096,516.0
719,1377815101,507.0
719,1377815106,505.0
719,1377815111,508.0
719,1377815116,503.0
719,1377815121,512.0
719,1377815126,514.0
719,1377815131,508.0
719,1377815136,514.0
719,1377815141,503.0
719,1377815146,512.0
719,1377815151,505.0
719,1377815156,505.0
719,1377815161,504.0
719,1377815166,499.0
719,1377815173,499.0
719,1377815176,495.0
719,1377815181,504.0
719,1377815186,494.0
719,1377815191,499.0
719,1377815196,494.0
719,1377815201,505.0
719,1377815206,507.0
719,1377815211,507.0
719,1377815216,503.0
719,1377815221,505.0
719,1377815226,502.0
719,1377815231,499.0
719,1377815236,502.0
719,1377815241,502.0
719,1377815246,512.0
719,1377815251,514.0
719,1377815256,508.0
719,1377815261,514.0
719,1377815266,509.0
719,1377815271,499.0
719,1377815276,499.0
719,1377815281,499.0
719,1377815286,502.0
719,1377815291,505.0
719,1377815296,512.0
719,1377815301,508.0
719,1377815306,503.0
719,1377815311,505.0
719,1377815316,505.0
719,1377815321,502.0
719,1377815326,503.0
719,1377815331,516.0
719,1377815336,526.0
719,1377815341,526.0
719,1377815346,528.0
719,1377815351,524.0
719,1377815356,515.0
719,1377815361,518.0
719,1377815366,513.0
719,1377815371,514.0
719,1377815376,513.0
719,1377815381,512.0
719,1377815386,502.0
719,1377815391,505.0
719,1377815396,512.0
719,1377815401,509.0
719,1377815406,509.0
719,1377815411,520.0
719,1377815416,515.0
719,1377815421,515.0
719,1377815426,505.0
719,1377815431,512.0
719,1377815436,499.0
719,1377815441,499.0
719,1377815446,497.0
719,1377815451,499.0
719,1377815456,499.0
719,1377815461,514.0
719,1377815466,509.0
719,1377815471,512.0
719,1377815476,514.0
719,1377815481,507.0
719,1377815486,503.0
719,1377815491,512.0
719,1377815496,518.0
719,1377815501,512.0
719,1377815506,518.0
719,1377815511,508.0
719,1377815516,508.0
719,1377815521,505.0
719,1377815526,507.0
719,1377815531,507.0
719,1377815536,507.0
719,1377815541,505.0
719,1377815546,507.0
719,1377815551,502.0
719,1377815556,508.0
719,1377815561,512.0
719,1377815566,507.0
719,1377815571,514.0
719,1377815576,509.0
719,1377815581,505.0
719,1377815586,505.0
719,1377815591,502.0
719,1377815596,508.0
719,1377815601,509.0
719,1377815606,509.0
719,1377815611,520.0
719,1377815616,515.0
719,1377815621,519.0
719,1377815626,518.0
719,1377815631,507.0
719,1377815636,504.0
719,1377815641,499.0
719,1377815646,492.0
719,1377815651,494.0
719,1377815656,502.0
719,1377815661,504.0
719,1377815666,505.0
719,1377815671,503.0
719,1377815676,508.0
719,1377815681,503.0
719,1377815686,502.0
719,1377815691,514.0
719,1377815696,505.0
719,1377815701,508.0
719,1377815706,505.0
719,1377815711,503.0
719,1377815716,504.0
719,1377815721,507.0
719,1377815726,495.0
719,1377815731,493.0
719,1377815736,498.0
719,1377815741,493.0
719,1377815746,498.0
719,1377815751,493.0
719,1377815756,498.0
719,1377815761,512.0
719,1377815766,507.0
719,1377815771,518.0
719,1377815776,516.0
719,1377815781,509.0
719,1377815786,505.0
719,1377815791,514.0
719,1377815796,514.0
719,1377815801,514.0
719,1377815806,515.0
719,1377815811,503.0
719,1377815816,507.0
719,1377815821,504.0
719,1377815826,508.0
719,1377815831,505.0
719,1377815836,509.0
719,1377815841,515.0
719,1377815846,524.0
719,1377815851,516.0
719,1377815856,507.0
719,1377815861,508.0
719,1377815866,508.0
719,1377815871,505.0
719,1377815876,503.0
719,1377815881,514.0
719,1377815886,509.0
719,1377815892,518.0
719,1377815896,518.0
719,1377815901,518.0
719,1377815906,518.0
719,1377815911,512.0
719,1377815916,505.0
719,1377815921,504.0
719,1377815926,504.0
719,1377815931,514.0
719,1377815936,504.0
719,1377815941,500.0
719,1377815946,494.0
719,1377815951,502.0
719,1377815956,498.0
719,1377815961,502.0
719,1377815966,505.0
719,1377815971,503.0
719,1377815976,512.0
719,1377815981,505.0
719,1377815986,512.0
719,1377815991,509.0
719,1377815996,521.0
719,1377816001,520.0
719,1377816006,515.0
719,1377816011,516.0
719,1377816016,508.0
719,1377816021,512.0
719,1377816026,502.0
719,1377816031,499.0
719,1377816036,504.0
719,1377816041,504.0
719,1377816046,505.0
719,1377816051,494.0
719,1377816056,495.0
719,1377816061,499.0
719,1377816066,508.0
719,1377816071,503.0
719,1377816076,512.0
719,1377816081,514.0
719,1377816086,503.0
719,1377816091,503.0
719,1377816096,509.0
719,1377816101,514.0
719,1377816106,509.0
719,1377816111,507.0
719,1377816116,503.0
719,1377816121,505.0
719,1377816126,508.0
719,1377816131,512.0
719,1377816136,514.0
719,1377816141,512.0
719,1377816146,514.0
719,1377816151,509.0
719,1377816156,503.0
719,1377816161,508.0
719,1377816166,518.0
719,1377816171,511.0
719,1377816176,507.0
719,1377816181,509.0
719,1377816186,505.0
719,1377816191,502.0
719,1377816196,510.0
719,1377816201,516.0
719,1377816206,514.0
719,1377816211,516.0
719,1377816216,508.0
719,1377816221,518.0
719,1377816226,505.0
719,1377816231,502.0
719,1377816236,504.0
719,1377816241,503.0
719,1377816246,514.0
719,1377816251,518.0
719,1377816256,516.0
719,1377816261,507.0
719,1377816266,512.0
719,1377816271,504.0
719,1377816276,499.0
719,1377816281,503.0
719,1377816286,515.0
719,1377816291,519.0
719,1377816296,515.0
719,1377816301,509.0
719,1377816306,509.0
719,1377816311,508.0
719,1377816316,509.0
719,1377816321,507.0
719,1377816326,509.0
719,1377816331,503.0
719,1377816336,503.0
719,1377816341,504.0
719,1377816346,512.0
719,1377816351,494.0
719,1377816356,499.0
719,1377816361,499.0
719,1377816366,503.0
719,1377816371,510.0
719,1377816376,505.0
719,1377816381,505.0
719,1377816386,507.0
719,1377816391,507.0
719,1377816396,516.0
719,1377816401,515.0
719,1377816406,514.0
719,1377816411,503.0
719,1377816416,503.0
719,1377816421,507.0
719,1377816426,515.0
719,1377816431,520.0
719,1377816436,521.0
719,1377816441,524.0
719,1377816446,520.0
719,1377816451,518.0
719,1377816456,514.0
719,1377816461,507.0
719,1377816466,508.0
719,1377816471,507.0
719,1377816476,507.0
719,1377816481,518.0
719,1377816486,513.0
719,1377816491,516.0
719,1377816496,508.0
719,1377816501,514.0
719,1377816506,505.0
719,1377816511,502.0
719,1377816516,499.0
719,1377816521,499.0
719,1377816526,494.0
719,1377816531,494.0
719,1377816536,499.0
719,1377816541,508.0
719,1377816546,508.0
719,1377816551,521.0
719,1377816556,529.0
719,1377816561,531.0
719,1377816566,526.0
719,1377816571,524.0
719,1377816576,524.0
719,1377816581,515.0
719,1377816586,515.0
719,1377816591,509.0
719,1377816596,515.0
719,1377816601,523.0
719,1377816607,526.0
719,1377816611,531.0
719,1377816616,531.0
719,1377816621,526.0
719,1377816626,523.0
719,1377816631,524.0
719,1377816636,520.0
719,1377816641,519.0
719,1377816646,531.0
719,1377816651,526.0
719,1377816656,531.0
719,1377816661,527.0
719,1377816666,534.0
719,1377816671,536.0
719,1377816676,540.0
719,1377816681,548.0
719,1377816686,543.0
719,1377816691,558.0
719,1377816696,548.0
719,1377816701,541.0
719,1377816706,535.0
719,1377816711,535.0
719,1377816716,546.0
719,1377816721,553.0
719,1377816726,556.0
719,1377816731,553.0
719,1377816736,551.0
719,1377816741,556.0
719,1377816746,548.0
719,1377816751,550.0
719,1377816756,541.0
719,1377816761,547.0
719,1377816766,539.0
719,1377816771,552.0
719,1377816776,550.0
719,1377816781,548.0
719,1377816786,550.0
719,1377816791,547.0
719,1377816796,545.0
719,1377816801,539.0
719,1377816806,547.0
719,1377816811,547.0
719,1377816816,550.0
719,1377816821,544.0
719,1377816826,539.0
719,1377816831,539.0
719,1377816836,550.0
719,1377816841,550.0
719,1377816846,553.0
719,1377816851,558.0
719,1377816856,551.0
719,1377816861,561.0
719,1377816866,561.0
719,1377816871,572.0
719,1377816876,576.0
719,1377816881,575.0
719,1377816886,582.0
719,1377816891,575.0
719,1377816896,580.0
719,1377816901,577.0
719,1377816906,580.0
719,1377816911,574.0
719,1377816916,588.0
719,1377816921,593.0
719,1377816926,601.0
719,1377816931,614.0
719,1377816936,611.0
719,1377816941,605.0
719,1377816946,603.0
719,1377816951,603.0
719,1377816956,604.0
719,1377816961,599.0
719,1377816966,598.0
719,1377816971,601.0
719,1377816976,601.0
719,1377816981,601.0
719,1377816986,603.0
719,1377816991,605.0
719,1377816996,611.0
719,1377817001,603.0
719,1377817006,605.0
719,1377817011,614.0
719,1377817016,620.0
719,1377817021,622.0
719,1377817026,620.0
719,1377817031,622.0
719,1377817036,622.0
719,1377817041,621.0
719,1377817046,627.0
719,1377817051,622.0
719,1377817056,621.0
719,1377817061,617.0
719,1377817066,624.0
719,1377817071,615.0
719,1377817076,627.0
719,1377817081,627.0
719,1377817086,627.0
719,1377817091,622.0
719,1377817096,625.0
719,1377817101,614.0
719,1377817106,615.0
719,1377817111,617.0
719,1377817116,617.0
719,1377817121,611.0
719,1377817126,607.0
719,1377817131,607.0
719,1377817136,616.0
719,1377817141,605.0
719,1377817146,609.0
719,1377817151,612.0
719,1377817156,614.0
719,1377817161,615.0
719,1377817166,620.0
719,1377817171,615.0
719,1377817176,617.0
719,1377817181,620.0
719,1377817186,607.0
719,1377817191,617.0
719,1377817196,611.0
719,1377817201,622.0
719,1377817206,605.0
719,1377817211,603.0
719,1377817216,605.0
719,1377817221,612.0
719,1377817226,622.0
719,1377817231,624.0
719,1377817236,620.0
719,1377817241,625.0
719,1377817246,620.0
719,1377817251,625.0
719,1377817256,620.0
719,1377817261,625.0
719,1377817266,630.0
719,1377817271,627.0
719,1377817276,625.0
719,1377817281,625.0
719,1377817286,632.0
719,1377817291,627.0
719,1377817296,636.0
719,1377817301,632.0
719,1377817306,623.0
719,1377817311,625.0
719,1377817316,638.0
719,1377817321,630.0
719,1377817328,630.0
719,1377817331,621.0
719,1377817336,620.0
719,1377817341,620.0
719,1377817346,615.0
719,1377817351,607.0
719,1377817356,603.0
719,1377817361,604.0
719,1377817366,603.0
719,1377817371,605.0
719,1377817376,614.0
719,1377817381,605.0
719,1377817386,603.0
719,1377817391,603.0
719,1377817396,608.0
719,1377817401,608.0
719,1377817406,603.0
719,1377817411,612.0
719,1377817416,605.0
719,1377817421,603.0
719,1377817426,601.0
719,1377817431,601.0
719,1377817436,603.0
719,1377817441,599.0
719,1377817446,604.0
719,1377817451,611.0
719,1377817456,617.0
719,1377817461,621.0
719,1377817466,622.0
719,1377817471,622.0
719,1377817476,620.0
719,1377817481,620.0
719,1377817486,611.0
719,1377817491,609.0
719,1377817496,608.0
719,1377817501,595.0
719,1377817506,600.0
719,1377817511,601.0
719,1377817516,599.0
719,1377817521,600.0
719,1377817526,589.0
719,1377817531,595.0
719,1377817536,598.0
719,1377817541,599.0
719,1377817546,605.0
719,1377817551,614.0
719,1377817556,617.0
719,1377817561,625.0
719,1377817566,625.0
719,1377817571,621.0
719,1377817576,621.0
719,1377817581,625.0
719,1377817586,628.0
719,1377817591,625.0
719,1377817596,623.0
719,1377817601,630.0
719,1377817606,630.0
719,1377817611,631.0
719,1377817616,631.0
719,1377817621,638.0
719,1377817626,633.0
719,1377817631,638.0
719,1377817636,638.0
719,1377817641,641.0
719,1377817646,643.0
719,1377817651,646.0
719,1377817656,646.0
719,1377817661,654.0
719,1377817666,652.0
719,1377817671,649.0
719,1377817676,646.0
719,1377817681,646.0
719,1377817686,648.0
719,1377817691,648.0
719,1377817696,639.0
719,1377817701,638.0
719,1377817706,643.0
719,1377817711,649.0
719,1377817716,643.0
719,1377817721,646.0
719,1377817726,648.0
719,1377817731,652.0
719,1377817736,657.0
719,1377817741,654.0
719,1377817746,652.0
719,1377817751,644.0
719,1377817756,644.0
719,1377817761,641.0
719,1377817766,644.0
719,1377817771,641.0
719,1377817776,641.0
719,1377817781,631.0
719,1377817786,636.0
719,1377817791,638.0
719,1377817796,640.0
719,1377817801,644.0
719,1377817806,646.0
719,1377817811,651.0
719,1377817816,656.0
719,1377817821,664.0
719,1377817826,659.0
719,1377817831,668.0
719,1377817836,662.0
719,1377817841,668.0
719,1377817846,668.0
719,1377817851,654.0
719,1377817856,657.0
719,1377817861,647.0
719,1377817866,646.0
719,1377817871,631.0
719,1377817876,638.0
719,1377817881,638.0
719,1377817886,646.0
719,1377817891,649.0
719,1377817896,648.0
719,1377817901,648.0
719,1377817906,652.0
719,1377817911,654.0
719,1377817916,649.0
719,1377817921,648.0
719,1377817926,641.0
719,1377817931,632.0
719,1377817936,622.0
719,1377817941,622.0
719,1377817946,622.0
719,1377817951,630.0
719,1377817956,633.0
719,1377817961,631.0
719,1377817966,635.0
719,1377817971,638.0
719,1377817976,640.0
719,1377817981,644.0
719,1377817986,633.0
719,1377817991,632.0
719,1377817996,627.0
719,1377818001,627.0
719,1377818006,636.0
719,1377818011,630.0
719,1377818016,636.0
719,1377818021,630.0
719,1377818026,622.0
719,1377818031,627.0
719,1377818036,625.0
719,1377818041,621.0
719,1377818046,627.0
719,1377818051,627.0
719,1377818056,620.0
719,1377818061,625.0
719,1377818066,622.0
719,1377818071,627.0
719,1377818076,627.0
719,1377818081,633.0
719,1377818086,636.0
719,1377818091,633.0
719,1377818096,627.0
719,1377818101,627.0
719,1377818106,622.0
719,1377818111,614.0
719,1377818116,614.0
719,1377818121,614.0
719,1377818126,614.0
719,1377818131,615.0
719,1377818136,607.0
719,1377818141,622.0
719,1377818146,622.0
719,1377818151,627.0
719,1377818156,627.0
719,1377818161,622.0
719,1377818166,603.0
719,1377818171,604.0
719,1377818176,608.0
719,1377818181,603.0
719,1377818186,610.0
719,1377818191,605.0
719,1377818196,603.0
719,1377818201,605.0
719,1377818206,605.0
719,1377818211,605.0
719,1377818216,614.0
719,1377818221,617.0
719,1377818226,622.0
719,1377818231,624.0
719,1377818236,614.0
719,1377818241,616.0
719,1377818246,605.0
719,1377818251,610.0
719,1377818256,605.0
719,1377818261,611.0
719,1377818266,614.0
719,1377818271,614.0
719,1377818276,616.0
719,1377818281,611.0
719,1377818286,611.0
719,1377818291,614.0
719,1377818296,611.0
719,1377818301,620.0
719,1377818306,614.0
719,1377818311,614.0
719,1377818316,612.0
719,1377818321,603.0
719,1377818326,614.0
719,1377818331,614.0
719,1377818336,620.0
719,1377818341,617.0
719,1377818346,614.0
719,1377818351,610.0
719,1377818356,603.0
719,1377818361,610.0
719,1377818366,601.0
719,1377818371,595.0
719,1377818376,595.0
719,1377818381,588.0
719,1377818386,590.0
719,1377818391,590.0
719,1377818396,588.0
719,1377818401,595.0
719,1377818406,590.0
719,1377818411,593.0
719,1377818416,595.0
719,1377818421,594.0
719,1377818426,600.0
719,1377818431,595.0
719,1377818436,604.0
719,1377818441,604.0
719,1377818446,599.0
719,1377818451,595.0
719,1377818456,595.0
719,1377818461,590.0
719,1377818466,585.0
719,1377818471,587.0
719,1377818476,600.0
719,1377818481,603.0
719,1377818486,614.0
719,1377818492,612.0
719,1377818496,604.0
719,1377818501,598.0
719,1377818506,590.0
719,1377818511,598.0
719,1377818516,593.0
719,1377818521,601.0
719,1377818526,599.0
719,1377818531,604.0
719,1377818536,599.0
719,1377818541,601.0
719,1377818546,601.0
719,1377818551,604.0
719,1377818556,604.0
719,1377818561,600.0
719,1377818566,595.0
719,1377818571,589.0
719,1377818576,590.0
719,1377818581,590.0
719,1377818586,593.0
719,1377818591,588.0
719,1377818596,589.0
719,1377818601,590.0
719,1377818606,590.0
719,1377818611,588.0
719,1377818616,582.0
719,1377818621,587.0
719,1377818626,593.0
719,1377818631,595.0
719,1377818636,600.0
719,1377818641,590.0
719,1377818646,582.0
719,1377818651,582.0
719,1377818656,569.0
719,1377818661,569.0
719,1377818666,576.0
719,1377818671,578.0
719,1377818676,580.0
719,1377818681,579.0
719,1377818686,584.0
719,1377818691,595.0
719,1377818696,590.0
719,1377818701,595.0
719,1377818706,596.0
719,1377818711,600.0
719,1377818716,593.0
719,1377818721,583.0
719,1377818726,582.0
719,1377818731,575.0
719,1377818736,582.0
719,1377818741,571.0
719,1377818746,571.0
719,1377818751,574.0
719,1377818756,567.0
719,1377818763,569.0
719,1377818766,567.0
719,1377818771,567.0
719,1377818776,566.0
719,1377818781,576.0
719,1377818786,569.0
719,1377818791,576.0
719,1377818796,572.0
719,1377818801,567.0
719,1377818806,569.0
719,1377818811,567.0
719,1377818816,576.0
719,1377818821,569.0
719,1377818826,567.0
719,1377818831,569.0
719,1377818836,576.0
719,1377818841,572.0
719,1377818846,571.0
719,1377818851,567.0
719,1377818856,566.0
719,1377818861,558.0
719,1377818866,564.0
719,1377818871,564.0
719,1377818876,569.0
719,1377818881,572.0
719,1377818886,567.0
719,1377818891,578.0
719,1377818896,563.0
719,1377818901,553.0
719,1377818906,550.0
719,1377818911,548.0
719,1377818916,551.0
719,1377818921,551.0
719,1377818926,555.0
719,1377818931,551.0
719,1377818936,547.0
719,1377818941,553.0
719,1377818946,551.0
719,1377818951,551.0
719,1377818956,556.0
719,1377818961,561.0
719,1377818966,564.0
719,1377818971,561.0
719,1377818976,556.0
719,1377818981,551.0
719,1377818986,550.0
719,1377818991,553.0
719,1377818996,553.0
719,1377819001,556.0
719,1377819006,543.0
719,1377819011,547.0
719,1377819016,543.0
719,1377819021,550.0
719,1377819026,547.0
719,1377819031,558.0
719,1377819036,550.0
719,1377819041,556.0
719,1377819046,558.0
719,1377819051,550.0
719,1377819056,558.0
719,1377819061,556.0
719,1377819066,558.0
719,1377819071,556.0
719,1377819076,553.0
719,1377819081,550.0
719,1377819086,550.0
719,1377819091,547.0
719,1377819096,550.0
719,1377819101,555.0
719,1377819106,561.0
719,1377819111,563.0
719,1377819116,563.0
719,1377819121,567.0
719,1377819126,576.0
719,1377819131,571.0
719,1377819136,566.0
719,1377819141,551.0
719,1377819146,546.0
719,1377819151,539.0
719,1377819156,539.0
719,1377819161,545.0
719,1377819166,547.0
719,1377819171,547.0
719,1377819176,551.0
719,1377819181,552.0
719,1377819186,547.0
719,1377819191,551.0
719,1377819196,551.0
719,1377819201,550.0
719,1377819206,543.0
719,1377819211,556.0
719,1377819216,539.0
719,1377819221,537.0
719,1377819226,534.0
719,1377819231,540.0
719,1377819236,540.0
719,1377819241,548.0
719,1377819246,550.0
719,1377819251,550.0
719,1377819256,535.0
719,1377819261,535.0
719,1377819266,546.0
719,1377819271,537.0
719,1377819276,535.0
719,1377819281,537.0
719,1377819286,539.0
719,1377819291,547.0
719,1377819296,550.0
719,1377819301,551.0
719,1377819306,553.0
719,1377819311,550.0
719,1377819316,543.0
719,1377819321,550.0
719,1377819326,551.0
719,1377819331,556.0
719,1377819336,558.0
719,1377819341,551.0
719,1377819346,566.0
719,1377819351,557.0
719,1377819356,563.0
719,1377819361,556.0
719,1377819366,553.0
719,1377819371,555.0
719,1377819376,553.0
719,1377819381,558.0
719,1377819386,552.0
719,1377819391,550.0
719,1377819396,541.0
719,1377819401,547.0
719,1377819406,541.0
719,1377819411,545.0
719,1377819416,540.0
719,1377819421,540.0
719,1377819426,536.0
719,1377819431,526.0
719,1377819436,529.0
719,1377819441,531.0
719,1377819446,530.0
719,1377819451,536.0
719,1377819456,531.0
719,1377819461,537.0
719,1377819466,541.0
719,1377819471,547.0
719,1377819476,541.0
719,1377819481,550.0
719,1377819486,548.0
719,1377819493,539.0
719,1377819496,540.0
719,1377819501,537.0
719,1377819506,534.0
719,1377819511,542.0
719,1377819516,540.0
719,1377819521,540.0
719,1377819526,535.0
719,1377819531,546.0
719,1377819536,546.0
719,1377819541,546.0
719,1377819546,550.0
719,1377819551,552.0
719,1377819556,539.0
719,1377819561,544.0
719,1377819566,550.0
719,1377819571,535.0
719,1377819576,539.0
719,1377819581,540.0
719,1377819586,546.0
719,1377819591,539.0
719,1377819596,535.0
719,1377819601,539.0
719,1377819606,540.0
719,1377819611,544.0
719,1377819616,546.0
719,1377819621,541.0
719,1377819626,545.0
719,1377819631,539.0
719,1377819636,535.0
719,1377819641,534.0
719,1377819646,526.0
719,1377819651,526.0
719,1377819656,525.0
719,1377819661,534.0
719,1377819666,529.0
719,1377819671,529.0
719,1377819676,524.0
719,1377819681,534.0
719,1377819686,537.0
719,1377819691,543.0
719,1377819696,543.0
719,1377819701,551.0
719,1377819706,550.0
719,1377819711,550.0
719,1377819716,548.0
719,1377819721,540.0
719,1377819726,536.0
719,1377819731,536.0
719,1377819736,529.0
719,1377819741,531.0
719,1377819746,536.0
719,1377819751,536.0
719,1377819756,540.0
719,1377819761,550.0
719,1377819766,537.0
719,1377819771,535.0
719,1377819776,537.0
719,1377819781,536.0
719,1377819786,527.0
719,1377819791,531.0
719,1377819796,535.0
719,1377819801,531.0
719,1377819806,534.0
719,1377819811,524.0
719,1377819816,528.0
719,1377819821,524.0
719,1377819826,518.0
719,1377819831,519.0
719,1377819836,525.0
719,1377819841,536.0
719,1377819846,540.0
719,1377819851,534.0
719,1377819856,535.0
719,1377819861,535.0
719,1377819866,540.0
719,1377819871,535.0
719,1377819876,536.0
719,1377819881,525.0
719,1377819886,519.0
719,1377819891,524.0
719,1377819896,526.0
719,1377819901,519.0
719,1377819906,521.0
719,1377819911,526.0
719,1377819916,521.0
719,1377819921,524.0
719,1377819926,521.0
719,1377819931,529.0
719,1377819936,531.0
719,1377819941,529.0
719,1377819946,531.0
719,1377819951,540.0
719,1377819956,546.0
719,1377819961,535.0
719,1377819966,537.0
719,1377819971,536.0
719,1377819976,529.0
719,1377819981,524.0
719,1377819986,520.0
719,1377819991,516.0
719,1377819996,524.0
719,1377820001,521.0
719,1377820006,529.0
719,1377820011,526.0
719,1377820016,525.0
719,1377820021,526.0
719,1377820026,526.0
719,1377820031,523.0
719,1377820036,518.0
719,1377820041,519.0
719,1377820046,519.0
719,1377820051,526.0
719,1377820056,526.0
719,1377820061,536.0
719,1377820066,537.0
719,1377820071,534.0
719,1377820076,540.0
719,1377820081,535.0
719,1377820086,541.0
719,1377820091,541.0
719,1377820096,550.0
719,1377820101,534.0
719,1377820106,534.0
719,1377820111,524.0
719,1377820116,524.0
719,1377820121,520.0
719,1377820126,516.0
719,1377820131,509.0
719,1377820136,518.0
719,1377820141,514.0
719,1377820146,518.0
719,1377820151,524.0
719,1377820156,521.0
719,1377820161,526.0
719,1377820166,526.0
719,1377820171,524.0
719,1377820176,524.0
719,1377820181,521.0
719,1377820186,521.0
719,1377820191,524.0
719,1377820196,521.0
719,1377820201,529.0
719,1377820206,529.0
719,1377820211,528.0
719,1377820216,521.0
719,1377820221,524.0
719,1377820226,515.0
719,1377820231,518.0
719,1377820236,521.0
719,1377820241,526.0
719,1377820246,526.0
719,1377820251,524.0
719,1377820256,524.0
719,1377820261,521.0
719,1377820266,518.0
719,1377820271,524.0
719,1377820276,524.0
719,1377820281,529.0
719,1377820286,526.0
719,1377820291,530.0
719,1377820296,526.0
719,1377820301,518.0
719,1377820306,515.0
719,1377820311,518.0
719,1377820316,518.0
719,1377820321,520.0
719,1377820326,520.0
719,1377820331,515.0
719,1377820336,515.0
719,1377820341,521.0
719,1377820346,519.0
719,1377820351,524.0
719,1377820356,526.0
719,1377820361,532.0
719,1377820366,544.0
719,1377820371,532.0
719,1377820376,536.0
719,1377820381,536.0
719,1377820386,532.0
719,1377820391,536.0
719,1377820396,527.0
719,1377820401,525.0
719,1377820406,524.0
719,1377820411,523.0
719,1377820416,521.0
719,1377820421,519.0
719,1377820426,524.0
719,1377820431,526.0
719,1377820436,524.0
719,1377820441,519.0
719,1377820446,520.0
719,1377820451,521.0
719,1377820456,509.0
719,1377820461,516.0
719,1377820466,512.0
719,1377820471,518.0
719,1377820476,521.0
719,1377820481,528.0
719,1377820486,529.0
719,1377820491,526.0
719,1377820496,525.0
719,1377820501,526.0
719,1377820506,529.0
719,1377820511,526.0
719,1377820516,525.0
719,1377820521,521.0
719,1377820526,519.0
719,1377820531,524.0
719,1377820536,524.0
719,1377820541,519.0
719,1377820546,526.0
719,1377820551,529.0
719,1377820556,521.0
719,1377820561,518.0
719,1377820566,509.0
719,1377820571,512.0
719,1377820576,507.0
719,1377820581,508.0
719,1377820586,509.0
719,1377820591,521.0
719,1377820596,524.0
719,1377820601,529.0
719,1377820606,534.0
719,1377820611,534.0
719,1377820616,534.0
719,1377820621,531.0
719,1377820626,526.0
719,1377820631,526.0
719,1377820636,531.0
719,1377820641,529.0
719,1377820646,529.0
719,1377820651,525.0
719,1377820656,520.0
719,1377820661,516.0
719,1377820666,509.0
719,1377820671,507.0
719,1377820676,507.0
719,1377820681,513.0
719,1377820686,515.0
719,1377820691,515.0
719,1377820696,524.0
719,1377820701,529.0
719,1377820706,530.0
719,1377820711,529.0
719,1377820716,519.0
719,1377820721,518.0
719,1377820726,515.0
719,1377820731,514.0
719,1377820736,512.0
719,1377820741,507.0
719,1377820746,514.0
719,1377820751,509.0
719,1377820756,520.0
719,1377820761,519.0
719,1377820766,518.0
719,1377820771,520.0
719,1377820776,516.0
719,1377820781,509.0
719,1377820786,507.0
719,1377820791,509.0
719,1377820796,515.0
719,1377820801,518.0
719,1377820806,507.0
719,1377820811,515.0
719,1377820816,521.0
719,1377820821,524.0
719,1377820826,530.0
719,1377820831,526.0
719,1377820836,529.0
719,1377820841,528.0
719,1377820846,519.0
719,1377820851,519.0
719,1377820856,519.0
719,1377820861,521.0
719,1377820866,528.0
719,1377820871,524.0
719,1377820876,518.0
719,1377820881,515.0
719,1377820886,516.0
719,1377820891,519.0
719,1377820896,526.0
719,1377820901,525.0
719,1377820906,526.0
719,1377820911,535.0
719,1377820916,529.0
719,1377820921,519.0
719,1377820926,518.0
719,1377820931,507.0
719,1377820936,514.0
719,1377820941,508.0
719,1377820946,507.0
719,1377820951,507.0
719,1377820956,509.0
719,1377820961,509.0
719,1377820966,518.0
719,1377820971,515.0
719,1377820976,518.0
719,1377820981,520.0
719,1377820986,518.0
719,1377820991,520.0
719,1377820996,511.0
719,1377821001,515.0
719,1377821006,518.0
719,1377821011,521.0
719,1377821016,529.0
719,1377821021,531.0
719,1377821026,531.0
719,1377821031,525.0
719,1377821036,528.0
719,1377821041,524.0
719,1377821046,520.0
719,1377821051,518.0
719,1377821056,516.0
719,1377821061,514.0
719,1377821066,515.0
719,1377821071,509.0
719,1377821076,509.0
719,1377821081,519.0
719,1377821086,525.0
719,1377821091,529.0
719,1377821096,524.0
719,1377821101,507.0
719,1377821106,499.0
719,1377821111,499.0
719,1377821116,502.0
719,1377821121,505.0
719,1377821126,500.0
719,1377821131,504.0
719,1377821136,495.0
719,1377821141,503.0
719,1377821146,508.0
719,1377821151,503.0
719,1377821156,507.0
719,1377821161,518.0
719,1377821166,514.0
719,1377821171,512.0
719,1377821176,514.0
719,1377821181,512.0
719,1377821186,508.0
719,1377821191,507.0
719,1377821196,507.0
719,1377821201,511.0
719,1377821206,511.0
719,1377821211,515.0
719,1377821216,518.0
719,1377821221,509.0
719,1377821226,518.0
719,1377821231,507.0
719,1377821236,511.0
719,1377821241,518.0
719,1377821246,518.0
719,1377821251,516.0
719,1377821256,511.0
719,1377821261,511.0
719,1377821266,519.0
719,1377821271,521.0
719,1377821276,509.0
719,1377821281,503.0
719,1377821286,502.0
719,1377821291,500.0
719,1377821296,500.0
719,1377821301,504.0
719,1377821306,503.0
719,1377821311,503.0
719,1377821316,503.0
719,1377821321,514.0
719,1377821326,511.0
719,1377821331,519.0
719,1377821336,519.0
719,1377821341,518.0
719,1377821346,514.0
719,1377821351,507.0
719,1377821356,507.0
719,1377821361,515.0
719,1377821366,516.0
719,1377821371,511.0
719,1377821376,507.0
719,1377821381,508.0
719,1377821386,502.0
719,1377821391,514.0
719,1377821396,507.0
719,1377821401,516.0
719,1377821406,511.0
719,1377821411,518.0
719,1377821416,507.0
719,1377821421,503.0
719,1377821426,502.0
719,1377821431,502.0
719,1377821436,508.0
719,1377821441,507.0
719,1377821446,514.0
719,1377821451,511.0
719,1377821456,515.0
719,1377821461,516.0
719,1377821466,515.0
719,1377821471,518.0
719,1377821476,518.0
719,1377821481,515.0
719,1377821486,505.0
719,1377821491,516.0
719,1377821496,511.0
719,1377821501,519.0
719,1377821506,519.0
719,1377821511,516.0
719,1377821516,503.0
719,1377821521,502.0
719,1377821526,505.0
719,1377821531,508.0
719,1377821536,509.0
719,1377821541,507.0
719,1377821546,508.0
719,1377821551,509.0
719,1377821556,507.0
719,1377821561,514.0
719,1377821566,514.0
719,1377821571,507.0
719,1377821576,512.0
719,1377821581,514.0
719,1377821586,507.0
719,1377821591,505.0
719,1377821596,518.0
719,1377821601,510.0
719,1377821606,503.0
719,1377821611,508.0
719,1377821616,513.0
719,1377821621,514.0
719,1377821626,518.0
719,1377821631,516.0
719,1377821636,509.0
719,1377821641,514.0
719,1377821646,509.0
719,1377821651,514.0
719,1377821656,503.0
719,1377821661,503.0
719,1377821666,493.0
719,1377821671,494.0
719,1377821676,500.0
719,1377821681,493.0
719,1377821686,504.0
719,1377821691,507.0
719,1377821696,509.0
719,1377821701,514.0
719,1377821707,516.0
719,1377821711,509.0
719,1377821716,509.0
719,1377821721,515.0
719,1377821726,514.0
719,1377821731,508.0
719,1377821736,504.0
719,1377821741,512.0
719,1377821746,514.0
719,1377821751,509.0
719,1377821756,507.0
719,1377821761,509.0
719,1377821766,514.0
719,1377821771,509.0
719,1377821776,515.0
719,1377821781,515.0
719,1377821786,511.0
719,1377821791,511.0
719,1377821796,515.0
719,1377821801,509.0
719,1377821806,512.0
719,1377821811,505.0
719,1377821816,507.0
719,1377821821,503.0
719,1377821826,516.0
719,1377821831,507.0
719,1377821836,505.0
719,1377821841,505.0
719,1377821846,502.0
719,1377821851,503.0
719,1377821856,503.0
719,1377821861,507.0
719,1377821866,509.0
719,1377821871,512.0
719,1377821876,518.0
719,1377821881,505.0
719,1377821886,504.0
719,1377821891,499.0
719,1377821896,493.0
719,1377821901,499.0
719,1377821906,502.0
719,1377821911,497.0
719,1377821916,499.0
719,1377821921,504.0
719,1377821926,512.0
719,1377821931,502.0
719,1377821936,505.0
719,1377821941,514.0
719,1377821946,503.0
719,1377821951,507.0
719,1377821956,505.0
719,1377821961,505.0
719,1377821966,512.0
719,1377821971,509.0
719,1377821976,505.0
719,1377821981,518.0
719,1377821986,507.0
719,1377821991,509.0
719,1377821996,508.0
719,1377822001,514.0
719,1377822006,507.0
719,1377822011,508.0
719,1377822016,512.0
719,1377822021,508.0
719,1377822026,502.0
719,1377822031,499.0
719,1377822036,502.0
719,1377822041,505.0
719,1377822046,502.0
719,1377822051,512.0
719,1377822056,508.0
719,1377822061,500.0
719,1377822066,497.0
719,1377822071,492.0
719,1377822076,491.0
719,1377822081,487.0
719,1377822086,497.0
719,1377822091,499.0
719,1377822096,499.0
719,1377822101,497.0
719,1377822106,495.0
719,1377822111,503.0
719,1377822116,516.0
719,1377822121,509.0
719,1377822126,507.0
719,1377822131,505.0
719,1377822136,494.0
719,1377822141,498.0
719,1377822146,497.0
719,1377822151,500.0
719,1377822156,505.0
719,1377822161,503.0
719,1377822166,505.0
719,1377822171,502.0
719,1377822176,503.0
719,1377822181,508.0
719,1377822186,507.0
719,1377822191,505.0
719,1377822196,505.0
719,1377822201,495.0
719,1377822206,497.0
719,1377822211,499.0
719,1377822216,514.0
719,1377822221,513.0
719,1377822226,509.0
719,1377822231,516.0
719,1377822236,509.0
719,1377822241,515.0
719,1377822246,515.0
719,1377822251,524.0
719,1377822256,508.0
719,1377822261,497.0
719,1377822266,493.0
719,1377822271,498.0
719,1377822276,502.0
719,1377822281,504.0
719,1377822286,504.0
719,1377822291,499.0
719,1377822296,504.0
719,1377822301,494.0
719,1377822306,504.0
719,1377822311,505.0
719,1377822316,508.0
719,1377822321,505.0
719,1377822326,505.0
719,1377822331,505.0
719,1377822336,505.0
719,1377822341,508.0
719,1377822346,505.0
719,1377822351,505.0
719,1377822356,503.0
719,1377822361,493.0
719,1377822366,495.0
719,1377822371,497.0
719,1377822376,504.0
719,1377822381,495.0
719,1377822386,504.0
719,1377822391,504.0
719,1377822396,508.0
719,1377822401,507.0
719,1377822406,514.0
719,1377822411,509.0
719,1377822416,502.0
719,1377822421,512.0
719,1377822426,502.0
719,1377822431,512.0
719,1377822436,502.0
719,1377822441,505.0
719,1377822446,502.0
719,1377822451,504.0
719,1377822456,505.0
719,1377822463,503.0
719,1377822466,499.0
719,1377822471,504.0
719,1377822476,497.0
719,1377822481,499.0
719,1377822486,504.0
719,1377822491,503.0
719,1377822496,509.0
719,1377822501,509.0
719,1377822506,503.0
719,1377822511,502.0
719,1377822516,497.0
719,1377822521,500.0
719,1377822526,505.0
719,1377822531,507.0
719,1377822536,512.0
719,1377822541,508.0
719,1377822546,503.0
719,1377822551,504.0
719,1377822556,503.0
719,1377822561,499.0
719,1377822566,499.0
719,1377822571,499.0
719,1377822576,494.0
719,1377822581,496.0
719,1377822586,497.0
719,1377822591,497.0
719,1377822596,495.0
719,1377822601,504.0
719,1377822606,518.0
719,1377822611,507.0
719,1377822616,505.0
719,1377822621,497.0
719,1377822626,499.0
719,1377822631,499.0
719,1377822636,497.0
719,1377822641,500.0
719,1377822646,494.0
719,1377822651,493.0
719,1377822656,491.0
719,1377822661,491.0
719,1377822666,494.0
719,1377822671,496.0
719,1377822676,494.0
719,1377822681,499.0
719,1377822686,505.0
719,1377822691,509.0
719,1377822696,516.0
719,1377822701,516.0
719,1377822706,507.0
719,1377822711,508.0
719,1377822716,502.0
719,1377822721,494.0
719,1377822726,499.0
719,1377822731,504.0
719,1377822736,503.0
719,1377822741,509.0
719,1377822746,505.0
719,1377822751,508.0
719,1377822756,508.0
719,1377822761,504.0
719,1377822766,505.0
719,1377822771,505.0
719,1377822776,500.0
719,1377822781,487.0
719,1377822786,487.0
719,1377822791,484.0
719,1377822796,483.0
719,1377822801,492.0
719,1377822806,489.0
719,1377822811,486.0
719,1377822816,486.0
719,1377822821,497.0
719,1377822826,497.0
719,1377822831,497.0
719,1377822836,494.0
719,1377822841,497.0
719,1377822846,497.0
719,1377822851,502.0
719,1377822856,507.0
719,1377822861,513.0
719,1377822866,503.0
719,1377822871,505.0
719,1377822876,505.0
719,1377822881,504.0
719,1377822886,495.0
719,1377822891,500.0
719,1377822896,499.0
719,1377822901,502.0
719,1377822906,508.0
719,1377822911,505.0
719,1377822916,514.0
719,1377822921,508.0
719,1377822926,505.0
719,1377822931,502.0
719,1377822936,510.0
719,1377822941,512.0
719,1377822946,498.0
719,1377822951,497.0
719,1377822956,505.0
719,1377822961,507.0
719,1377822966,515.0
719,1377822971,521.0
719,1377822976,515.0
719,1377822981,515.0
719,1377822986,514.0
719,1377822991,509.0
719,1377822996,505.0
719,1377823001,503.0
719,1377823006,504.0
719,1377823011,499.0
719,1377823016,497.0
719,1377823021,497.0
719,1377823026,487.0
719,1377823031,488.0
719,1377823036,489.0
719,1377823041,491.0
719,1377823046,497.0
719,1377823051,494.0
719,1377823056,498.0
719,1377823061,489.0
719,1377823066,486.0
719,1377823071,477.0
719,1377823076,483.0
719,1377823081,488.0
719,1377823086,487.0
719,1377823091,494.0
719,1377823096,500.0
719,1377823101,504.0
719,1377823106,502.0
719,1377823111,504.0
719,1377823116,508.0
719,1377823121,502.0
719,1377823126,504.0
719,1377823131,493.0
719,1377823136,497.0
719,1377823141,497.0
719,1377823146,499.0
719,1377823151,494.0
719,1377823156,497.0
719,1377823161,494.0
719,1377823166,486.0
719,1377823171,487.0
719,1377823176,489.0
719,1377823181,487.0
719,1377823186,489.0
719,1377823191,496.0
719,1377823196,497.0
719,1377823201,497.0
719,1377823206,492.0
719,1377823211,496.0
719,1377823216,497.0
719,1377823221,494.0
719,1377823226,494.0
719,1377823231,499.0
719,1377823236,497.0
719,1377823241,497.0
719,1377823246,498.0
719,1377823251,499.0
719,1377823256,499.0
719,1377823261,497.0
719,1377823266,497.0
719,1377823271,499.0
719,1377823276,493.0
719,1377823281,499.0
719,1377823286,491.0
719,1377823291,492.0
719,1377823296,487.0
719,1377823301,488.0
719,1377823306,488.0
719,1377823311,486.0
719,1377823316,488.0
719,1377823321,489.0
719,1377823326,492.0
719,1377823331,487.0
719,1377823336,497.0
719,1377823341,494.0
719,1377823346,504.0
719,1377823351,503.0
719,1377823356,508.0
719,1377823361,503.0
719,1377823366,505.0
719,1377823371,502.0
719,1377823376,494.0
719,1377823381,487.0
719,1377823386,492.0
719,1377823391,492.0
719,1377823396,494.0
719,1377823401,492.0
719,1377823406,492.0
719,1377823411,489.0
719,1377823416,489.0
719,1377823421,489.0
719,1377823426,486.0
719,1377823431,488.0
719,1377823436,489.0
719,1377823441,492.0
719,1377823446,496.0
719,1377823451,497.0
719,1377823456,494.0
719,1377823461,499.0
719,1377823466,500.0
719,1377823471,500.0
719,1377823476,500.0
719,1377823481,503.0
719,1377823486,508.0
719,1377823491,507.0
719,1377823496,505.0
719,1377823501,508.0
719,1377823506,505.0
719,1377823511,504.0
719,1377823516,498.0
719,1377823521,489.0
719,1377823526,489.0
719,1377823531,482.0
719,1377823536,479.0
719,1377823541,483.0
719,1377823546,483.0
719,1377823551,488.0
719,1377823556,494.0
719,1377823561,492.0
719,1377823566,494.0
719,1377823571,497.0
719,1377823576,491.0
719,1377823581,487.0
719,1377823586,492.0
719,1377823591,489.0
719,1377823596,492.0
719,1377823601,487.0
719,1377823606,489.0
719,1377823611,483.0
719,1377823616,482.0
719,1377823621,483.0
719,1377823626,487.0
719,1377823631,497.0
719,1377823636,504.0
719,1377823641,508.0
719,1377823646,499.0
719,1377823651,499.0
719,1377823656,499.0
719,1377823661,494.0
719,1377823666,494.0
719,1377823671,492.0
719,1377823676,488.0
719,1377823681,486.0
719,1377823686,489.0
719,1377823691,492.0
719,1377823696,492.0
719,1377823701,486.0
719,1377823706,489.0
719,1377823711,492.0
719,1377823716,494.0
719,1377823721,497.0
719,1377823726,494.0
719,1377823731,492.0
719,1377823736,488.0
719,1377823741,484.0
719,1377823746,482.0
719,1377823751,475.0
719,1377823756,486.0
719,1377823761,477.0
719,1377823766,477.0
719,1377823771,486.0
719,1377823776,486.0
719,1377823781,492.0
719,1377823786,489.0
719,1377823791,487.0
719,1377823796,487.0
719,1377823801,489.0
719,1377823806,497.0
719,1377823811,493.0
719,1377823816,497.0
719,1377823821,497.0
719,1377823826,493.0
719,1377823831,491.0
719,1377823836,487.0
719,1377823841,488.0
719,1377823846,477.0
719,1377823851,482.0
719,1377823856,475.0
719,1377823861,483.0
719,1377823866,489.0
719,1377823871,492.0
719,1377823876,494.0
719,1377823881,494.0
719,1377823886,494.0
719,1377823891,489.0
719,1377823896,483.0
719,1377823901,488.0
719,1377823906,483.0
719,1377823911,486.0
719,1377823916,487.0
719,1377823921,484.0
719,1377823926,483.0
719,1377823931,484.0
719,1377823936,489.0
719,1377823941,492.0
719,1377823946,489.0
719,1377823951,492.0
719,1377823956,497.0
719,1377823961,494.0
719,1377823966,487.0
719,1377823971,492.0
719,1377823976,486.0
719,1377823981,484.0
719,1377823986,479.0
719,1377823991,488.0
719,1377823996,484.0
719,1377824001,475.0
719,1377824006,475.0
719,1377824011,479.0
719,1377824016,489.0
719,1377824021,497.0
719,1377824026,497.0
719,1377824031,494.0
719,1377824036,492.0
719,1377824041,494.0
719,1377824046,484.0
719,1377824051,479.0
719,1377824056,477.0
719,1377824061,483.0
719,1377824066,488.0
719,1377824071,489.0
719,1377824076,489.0
719,1377824081,488.0
719,1377824086,483.0
719,1377824091,489.0
719,1377824096,492.0
719,1377824101,486.0
719,1377824106,487.0
719,1377824111,488.0
719,1377824116,487.0
719,1377824121,479.0
719,1377824126,492.0
719,1377824131,492.0
719,1377824136,487.0
719,1377824141,486.0
719,1377824146,486.0
719,1377824151,488.0
719,1377824156,488.0
719,1377824161,486.0
719,1377824166,484.0
719,1377824171,488.0
719,1377824176,486.0
719,1377824181,489.0
719,1377824186,489.0
719,1377824191,487.0
719,1377824196,483.0
719,1377824201,483.0
719,1377824206,483.0
719,1377824211,482.0
719,1377824216,481.0
719,1377824221,486.0
719,1377824226,477.0
719,1377824231,475.0
719,1377824236,475.0
719,1377824241,475.0
719,1377824246,484.0
719,1377824251,482.0
719,1377824256,487.0
719,1377824261,486.0
719,1377824266,486.0
719,1377824271,489.0
719,1377824276,488.0
719,1377824281,482.0
719,1377824286,483.0
719,1377824291,483.0
719,1377824296,488.0
719,1377824301,486.0
719,1377824306,486.0
719,1377824311,487.0
719,1377824316,497.0
719,1377824321,500.0
719,1377824326,498.0
719,1377824331,493.0
719,1377824336,491.0
719,1377824341,489.0
719,1377824346,492.0
719,1377824351,496.0
719,1377824356,499.0
719,1377824361,497.0
719,1377824366,498.0
719,1377824371,492.0
719,1377824376,497.0
719,1377824381,488.0
719,1377824386,479.0
719,1377824391,480.0
719,1377824396,475.0
719,1377824401,475.0
719,1377824406,475.0
719,1377824411,471.0
719,1377824416,471.0
719,1377824421,475.0
719,1377824426,482.0
719,1377824431,475.0
719,1377824436,477.0
719,1377824441,487.0
719,1377824446,493.0
719,1377824451,492.0
719,1377824456,494.0
719,1377824461,487.0
719,1377824466,483.0
719,1377824471,483.0
719,1377824476,477.0
719,1377824481,475.0
719,1377824486,475.0
719,1377824491,475.0
719,1377824496,481.0
719,1377824501,487.0
719,1377824506,486.0
719,1377824511,496.0
719,1377824516,488.0
719,1377824521,488.0
719,1377824526,483.0
719,1377824531,481.0
719,1377824536,480.0
719,1377824541,473.0
719,1377824546,471.0
719,1377824551,484.0
719,1377824556,489.0
719,1377824561,489.0
719,1377824566,483.0
719,1377824571,479.0
719,1377824576,486.0
719,1377824581,482.0
719,1377824586,484.0
719,1377824591,475.0
719,1377824596,471.0
719,1377824601,471.0
719,1377824606,477.0
719,1377824611,484.0
719,1377824616,479.0
719,1377824621,488.0
719,1377824626,479.0
719,1377824631,486.0
719,1377824636,486.0
719,1377824641,483.0
719,1377824646,477.0
719,1377824651,484.0
719,1377824656,483.0
719,1377824661,481.0
719,1377824666,484.0
719,1377824671,483.0
719,1377824676,483.0
719,1377824681,489.0
719,1377824686,492.0
719,1377824691,479.0
719,1377824696,487.0
719,1377824701,483.0
719,1377824706,486.0
719,1377824711,488.0
719,1377824716,483.0
719,1377824721,484.0
719,1377824726,483.0
719,1377824731,482.0
719,1377824736,472.0
719,1377824741,471.0
719,1377824746,473.0
719,1377824751,475.0
719,1377824756,482.0
719,1377824761,483.0
719,1377824766,475.0
719,1377824771,482.0
719,1377824776,482.0
719,1377824781,482.0
719,1377824786,483.0
719,1377824791,486.0
719,1377824796,486.0
719,1377824801,494.0
719,1377824806,489.0
719,1377824811,488.0
719,1377824816,492.0
719,1377824821,492.0
719,1377824826,487.0
719,1377824831,487.0
719,1377824836,487.0
719,1377824841,486.0
719,1377824846,492.0
719,1377824851,497.0
719,1377824856,494.0
719,1377824861,494.0
719,1377824866,494.0
719,1377824871,494.0
719,1377824876,491.0
719,1377824881,486.0
719,1377824886,486.0
719,1377824891,475.0
719,1377824896,477.0
719,1377824901,477.0
719,1377824906,483.0
719,1377824911,475.0
719,1377824916,483.0
719,1377824921,476.0
719,1377824926,484.0
719,1377824931,483.0
719,1377824936,486.0
719,1377824941,483.0
719,1377824946,488.0
719,1377824951,487.0
719,1377824956,489.0
719,1377824961,484.0
719,1377824966,477.0
719,1377824971,477.0
719,1377824976,481.0
719,1377824981,477.0
719,1377824986,482.0
719,1377824991,484.0
719,1377824996,487.0
719,1377825001,487.0
719,1377825006,486.0
719,1377825011,486.0
719,1377825016,475.0
719,1377825021,476.0
719,1377825026,476.0
719,1377825031,475.0
719,1377825036,477.0
719,1377825041,486.0
719,1377825046,483.0
719,1377825051,487.0
719,1377825056,489.0
719,1377825061,489.0
719,1377825066,489.0
719,1377825071,494.0
719,1377825076,487.0
719,1377825081,497.0
719,1377825086,491.0
719,1377825091,486.0
719,1377825096,489.0
719,1377825101,481.0
719,1377825106,484.0
719,1377825111,482.0
719,1377825116,480.0
719,1377825121,473.0
719,1377825126,471.0
719,1377825131,484.0
719,1377825136,481.0
719,1377825141,486.0
719,1377825146,483.0
719,1377825151,489.0
719,1377825156,487.0
719,1377825161,487.0
719,1377825166,483.0
719,1377825171,475.0
719,1377825176,480.0
719,1377825181,475.0
719,1377825186,472.0
719,1377825191,467.0
719,1377825196,467.0
719,1377825201,470.0
719,1377825206,483.0
719,1377825211,479.0
719,1377825216,488.0
719,1377825221,486.0
719,1377825226,476.0
719,1377825231,476.0
719,1377825236,470.0
719,1377825241,472.0
719,1377825246,467.0
719,1377825251,482.0
719,1377825256,470.0
719,1377825261,476.0
719,1377825266,475.0
719,1377825271,475.0
719,1377825276,476.0
719,1377825281,476.0
719,1377825286,476.0
719,1377825291,473.0
719,1377825296,471.0
719,1377825301,473.0
719,1377825306,470.0
719,1377825311,467.0
719,1377825316,468.0
719,1377825321,472.0
719,1377825326,473.0
719,1377825332,468.0
719,1377825336,472.0
719,1377825341,471.0
719,1377825346,477.0
719,1377825351,475.0
719,1377825356,477.0
719,1377825361,475.0
719,1377825366,486.0
719,1377825371,472.0
719,1377825376,470.0
719,1377825381,468.0
719,1377825386,467.0
719,1377825391,470.0
719,1377825396,470.0
719,1377825401,471.0
719,1377825406,482.0
719,1377825411,475.0
719,1377825416,486.0
719,1377825421,484.0
719,1377825426,477.0
719,1377825431,476.0
719,1377825436,470.0
719,1377825441,473.0
719,1377825446,476.0
719,1377825451,477.0
719,1377825456,483.0
719,1377825461,483.0
719,1377825466,483.0
719,1377825471,479.0
719,1377825476,476.0
719,1377825481,476.0
719,1377825486,470.0
719,1377825491,470.0
719,1377825496,471.0
719,1377825501,475.0
719,1377825506,482.0
719,1377825511,483.0
719,1377825516,482.0
719,1377825521,480.0
719,1377825526,482.0
719,1377825531,482.0
719,1377825536,486.0
719,1377825541,477.0
719,1377825546,484.0
719,1377825551,477.0
719,1377825556,478.0
719,1377825561,476.0
719,1377825566,470.0
719,1377825571,467.0
719,1377825576,470.0
719,1377825581,471.0
719,1377825586,467.0
719,1377825591,472.0
719,1377825596,470.0
719,1377825601,476.0
719,1377825606,480.0
719,1377825611,483.0
719,1377825616,486.0
719,1377825621,475.0
719,1377825626,476.0
719,1377825631,472.0
719,1377825636,467.0
719,1377825641,465.0
719,1377825646,467.0
719,1377825651,473.0
719,1377825656,476.0
719,1377825661,482.0
719,1377825666,477.0
719,1377825671,475.0
719,1377825676,481.0
719,1377825681,475.0
719,1377825686,483.0
719,1377825691,481.0
719,1377825696,476.0
719,1377825701,475.0
719,1377825706,486.0
719,1377825711,481.0
719,1377825716,484.0
719,1377825721,494.0
719,1377825726,492.0
719,1377825731,482.0
719,1377825736,482.0
719,1377825741,473.0
719,1377825746,470.0
719,1377825751,470.0
719,1377825756,467.0
719,1377825761,470.0
719,1377825766,467.0
719,1377825771,471.0
719,1377825776,467.0
719,1377825781,462.0
719,1377825786,465.0
719,1377825791,471.0
719,1377825796,470.0
719,1377825801,483.0
719,1377825806,482.0
719,1377825811,477.0
719,1377825816,475.0
719,1377825821,475.0
719,1377825826,477.0
719,1377825831,483.0
719,1377825836,484.0
719,1377825841,484.0
719,1377825846,476.0
719,1377825851,472.0
719,1377825856,470.0
719,1377825861,476.0
719,1377825866,471.0
719,1377825871,484.0
719,1377825876,484.0
719,1377825881,471.0
719,1377825886,482.0
719,1377825891,470.0
719,1377825896,470.0
719,1377825901,467.0
719,1377825906,467.0
719,1377825911,470.0
719,1377825916,467.0
719,1377825921,471.0
719,1377825926,471.0
719,1377825931,476.0
719,1377825936,472.0
719,1377825941,473.0
719,1377825946,470.0
719,1377825951,470.0
719,1377825956,467.0
719,1377825961,468.0
719,1377825966,470.0
719,1377825971,473.0
719,1377825976,472.0
719,1377825981,467.0
719,1377825986,471.0
719,1377825991,470.0
719,1377825996,472.0
719,1377826001,473.0
719,1377826006,476.0
719,1377826011,475.0
719,1377826016,471.0
719,1377826021,473.0
719,1377826026,471.0
719,1377826031,478.0
719,1377826036,473.0
719,1377826041,481.0
719,1377826046,480.0
719,1377826051,479.0
719,1377826056,481.0
719,1377826061,483.0
719,1377826066,477.0
719,1377826071,476.0
719,1377826076,473.0
719,1377826081,472.0
719,1377826086,482.0
719,1377826091,484.0
719,1377826096,477.0
719,1377826101,477.0
719,1377826106,483.0
719,1377826111,492.0
719,1377826116,487.0
719,1377826121,489.0
719,1377826126,486.0
719,1377826131,477.0
719,1377826136,486.0
719,1377826141,483.0
719,1377826146,486.0
719,1377826151,477.0
719,1377826156,481.0
719,1377826161,473.0
719,1377826166,467.0
719,1377826171,464.0
719,1377826176,461.0
719,1377826181,467.0
719,1377826186,470.0
719,1377826191,471.0
719,1377826196,484.0
719,1377826201,480.0
719,1377826206,475.0
719,1377826211,478.0
719,1377826216,484.0
719,1377826221,482.0
719,1377826226,477.0
719,1377826231,482.0
719,1377826236,483.0
719,1377826241,483.0
719,1377826246,483.0
719,1377826251,477.0
719,1377826256,471.0
719,1377826261,466.0
719,1377826266,460.0
719,1377826271,462.0
719,1377826276,468.0
719,1377826281,462.0
719,1377826286,473.0
719,1377826291,473.0
719,1377826296,476.0
719,1377826301,473.0
719,1377826306,470.0
719,1377826311,472.0
719,1377826316,471.0
719,1377826321,472.0
719,1377826326,476.0
719,1377826331,473.0
719,1377826336,470.0
719,1377826341,467.0
719,1377826346,468.0
719,1377826351,476.0
719,1377826356,476.0
719,1377826361,486.0
719,1377826366,475.0
719,1377826371,471.0
719,1377826376,471.0
719,1377826381,467.0
719,1377826386,465.0
719,1377826391,465.0
719,1377826396,465.0
719,1377826401,476.0
719,1377826406,480.0
719,1377826411,476.0
719,1377826416,475.0
719,1377826421,475.0
719,1377826426,476.0
719,1377826431,481.0
719,1377826436,487.0
719,1377826441,494.0
719,1377826446,479.0
719,1377826451,483.0
719,1377826456,478.0
719,1377826461,462.0
719,1377826466,465.0
719,1377826471,468.0
719,1377826476,467.0
719,1377826481,467.0
719,1377826486,468.0
719,1377826491,472.0
719,1377826496,465.0
719,1377826501,465.0
719,1377826506,465.0
719,1377826511,473.0
719,1377826516,472.0
719,1377826521,470.0
719,1377826526,475.0
719,1377826531,475.0
719,1377826536,482.0
719,1377826541,483.0
719,1377826546,483.0
719,1377826551,484.0
719,1377826556,471.0
719,1377826561,476.0
719,1377826566,476.0
719,1377826571,476.0
719,1377826576,475.0
719,1377826581,475.0
719,1377826586,476.0
719,1377826591,471.0
719,1377826596,472.0
719,1377826601,462.0
719,1377826606,480.0
719,1377826611,462.0
719,1377826616,467.0
719,1377826621,470.0
719,1377826626,471.0
719,1377826631,470.0
719,1377826636,467.0
719,1377826641,462.0
719,1377826646,482.0
719,1377826651,467.0
719,1377826656,473.0
719,1377826661,475.0
719,1377826666,476.0
719,1377826671,476.0
719,1377826676,470.0
719,1377826681,470.0
719,1377826686,463.0
719,1377826691,467.0
719,1377826696,461.0
719,1377826701,465.0
719,1377826706,462.0
719,1377826711,455.0
719,1377826716,462.0
719,1377826721,467.0
719,1377826726,462.0
719,1377826731,472.0
719,1377826736,467.0
719,1377826741,467.0
719,1377826746,465.0
719,1377826751,467.0
719,1377826756,465.0
719,1377826761,470.0
719,1377826766,461.0
719,1377826771,465.0
719,1377826776,464.0
719,1377826781,465.0
719,1377826786,463.0
719,1377826791,472.0
719,1377826796,472.0
719,1377826801,473.0
719,1377826806,470.0
719,1377826811,470.0
719,1377826816,472.0
719,1377826821,476.0
719,1377826826,480.0
719,1377826831,476.0
719,1377826836,481.0
719,1377826841,482.0
719,1377826846,475.0
719,1377826851,473.0
719,1377826856,473.0
719,1377826861,472.0
719,1377826866,473.0
719,1377826871,476.0
719,1377826876,473.0
719,1377826881,473.0
719,1377826886,473.0
719,1377826891,472.0
719,1377826896,473.0
719,1377826901,473.0
719,1377826906,472.0
719,1377826911,472.0
719,1377826916,467.0
719,1377826921,467.0
719,1377826926,461.0
719,1377826931,461.0
719,1377826936,462.0
719,1377826941,465.0
719,1377826946,465.0
719,1377826951,470.0
719,1377826956,471.0
719,1377826961,467.0
719,1377826966,471.0
719,1377826971,473.0
719,1377826976,478.0
719,1377826981,473.0
719,1377826986,470.0
719,1377826991,467.0
719,1377826996,460.0
719,1377827001,460.0
719,1377827006,455.0
719,1377827011,462.0
719,1377827016,467.0
719,1377827021,471.0
719,1377827026,470.0
719,1377827031,467.0
719,1377827036,465.0
719,1377827041,457.0
719,1377827046,462.0
719,1377827051,462.0
719,1377827056,467.0
719,1377827061,472.0
719,1377827066,470.0
719,1377827071,471.0
719,1377827076,473.0
719,1377827081,470.0
719,1377827086,466.0
719,1377827091,462.0
719,1377827096,465.0
719,1377827101,462.0
719,1377827106,467.0
719,1377827111,468.0
719,1377827116,472.0
719,1377827121,468.0
719,1377827126,470.0
719,1377827131,470.0
719,1377827136,467.0
719,1377827141,465.0
719,1377827146,461.0
719,1377827151,455.0
719,1377827156,459.0
719,1377827161,465.0
719,1377827166,470.0
719,1377827171,467.0
719,1377827176,473.0
719,1377827181,470.0
719,1377827186,467.0
719,1377827191,470.0
719,1377827196,465.0
719,1377827201,468.0
719,1377827206,468.0
719,1377827211,473.0
719,1377827216,471.0
719,1377827221,470.0
719,1377827226,468.0
719,1377827231,480.0
719,1377827236,473.0
719,1377827241,476.0
719,1377827246,471.0
719,1377827251,471.0
719,1377827256,471.0
719,1377827261,477.0
719,1377827266,482.0
719,1377827271,475.0
719,1377827276,476.0
719,1377827281,470.0
719,1377827286,467.0
719,1377827291,466.0
719,1377827296,462.0
719,1377827301,459.0
719,1377827306,462.0
719,1377827311,464.0
719,1377827316,464.0
719,1377827321,460.0
719,1377827326,465.0
719,1377827331,463.0
719,1377827336,462.0
719,1377827341,462.0
719,1377827346,459.0
719,1377827351,462.0
719,1377827356,462.0
719,1377827361,455.0
719,1377827366,455.0
719,1377827371,465.0
719,1377827376,472.0
719,1377827381,467.0
719,1377827386,467.0
719,1377827391,472.0
719,1377827396,471.0
719,1377827401,472.0
719,1377827406,468.0
719,1377827411,467.0
719,1377827416,465.0
719,1377827421,462.0
719,1377827426,462.0
719,1377827431,461.0
719,1377827436,460.0
719,1377827441,464.0
719,1377827446,461.0
719,1377827451,465.0
719,1377827456,465.0
719,1377827461,465.0
719,1377827466,464.0
719,1377827471,459.0
719,1377827476,465.0
719,1377827481,468.0
719,1377827486,472.0
719,1377827491,471.0
719,1377827496,470.0
719,1377827501,467.0
719,1377827506,470.0
719,1377827511,473.0
719,1377827516,468.0
719,1377827521,467.0
719,1377827527,462.0
719,1377827531,465.0
719,1377827536,466.0
719,1377827541,462.0
719,1377827546,465.0
719,1377827551,465.0
719,1377827556,462.0
719,1377827561,462.0
719,1377827566,465.0
719,1377827571,460.0
719,1377827576,467.0
719,1377827581,472.0
719,1377827586,472.0
719,1377827591,473.0
719,1377827596,476.0
719,1377827601,476.0
719,1377827606,472.0
719,1377827611,464.0
719,1377827616,464.0
719,1377827621,455.0
719,1377827626,460.0
719,1377827631,447.0
719,1377827636,456.0
719,1377827641,454.0
719,1377827646,463.0
719,1377827651,461.0
719,1377827656,468.0
719,1377827661,467.0
719,1377827666,462.0
719,1377827671,460.0
719,1377827676,457.0
719,1377827681,455.0
719,1377827686,460.0
719,1377827691,462.0
719,1377827696,457.0
719,1377827701,455.0
719,1377827706,456.0
719,1377827711,457.0
719,1377827716,461.0
719,1377827721,470.0
719,1377827726,470.0
719,1377827731,468.0
719,1377827736,462.0
719,1377827741,465.0
719,1377827746,460.0
719,1377827751,460.0
719,1377827756,457.0
719,1377827761,465.0
719,1377827766,462.0
719,1377827771,465.0
719,1377827776,460.0
719,1377827781,462.0
719,1377827786,454.0
719,1377827791,447.0
719,1377827796,454.0
719,1377827801,443.0
719,1377827806,456.0
719,1377827811,462.0
719,1377827816,461.0
719,1377827821,465.0
719,1377827826,467.0
719,1377827831,461.0
719,1377827836,462.0
719,1377827841,457.0
719,1377827846,460.0
719,1377827851,465.0
719,1377827856,464.0
719,1377827861,464.0
719,1377827866,465.0
719,1377827871,460.0
719,1377827876,465.0
719,1377827881,462.0
719,1377827886,472.0
719,1377827891,470.0
719,1377827896,465.0
719,1377827901,462.0
719,1377827906,464.0
719,1377827911,460.0
719,1377827916,454.0
719,1377827921,448.0
719,1377827926,450.0
719,1377827931,443.0
719,1377827936,454.0
719,1377827941,462.0
719,1377827946,465.0
719,1377827951,462.0
719,1377827956,470.0
719,1377827961,473.0
719,1377827966,473.0
719,1377827971,473.0
719,1377827976,471.0
719,1377827981,473.0
719,1377827986,471.0
719,1377827991,467.0
719,1377827996,457.0
719,1377828001,455.0
719,1377828006,451.0
719,1377828011,460.0
719,1377828016,465.0
719,1377828021,467.0
719,1377828026,463.0
719,1377828031,465.0
719,1377828036,467.0
719,1377828041,463.0
719,1377828046,472.0
719,1377828051,462.0
719,1377828056,462.0
719,1377828061,460.0
719,1377828066,460.0
719,1377828071,462.0
719,1377828076,460.0
719,1377828081,465.0
719,1377828086,461.0
719,1377828091,460.0
719,1377828096,461.0
719,1377828101,459.0
719,1377828106,463.0
719,1377828111,460.0
719,1377828116,465.0
719,1377828121,460.0
719,1377828126,459.0
719,1377828131,460.0
719,1377828136,465.0
719,1377828141,462.0
719,1377828146,470.0
719,1377828151,463.0
719,1377828156,467.0
719,1377828161,462.0
719,1377828166,462.0
719,1377828171,460.0
719,1377828176,459.0
719,1377828181,457.0
719,1377828186,454.0
719,1377828191,451.0
719,1377828196,455.0
719,1377828201,455.0
719,1377828206,464.0
719,1377828211,464.0
719,1377828216,459.0
719,1377828221,462.0
719,1377828226,462.0
719,1377828231,468.0
719,1377828236,470.0
719,1377828241,472.0
719,1377828246,472.0
719,1377828251,467.0
719,1377828256,462.0
719,1377828261,462.0
719,1377828266,465.0
719,1377828271,463.0
719,1377828276,460.0
719,1377828281,457.0
719,1377828286,460.0
719,1377828291,460.0
719,1377828296,468.0
719,1377828301,462.0
719,1377828306,465.0
719,1377828311,465.0
719,1377828316,460.0
719,1377828321,457.0
719,1377828326,455.0
719,1377828331,457.0
719,1377828336,455.0
719,1377828341,457.0
719,1377828346,456.0
719,1377828351,451.0
719,1377828356,451.0
719,1377828361,455.0
719,1377828366,455.0
719,1377828371,457.0
719,1377828376,460.0
719,1377828381,460.0
719,1377828386,460.0
719,1377828391,455.0
719,1377828396,454.0
719,1377828401,460.0
719,1377828406,455.0
719,1377828411,462.0
719,1377828417,460.0
719,1377828421,465.0
719,1377828426,462.0
719,1377828431,455.0
719,1377828436,466.0
719,1377828441,464.0
719,1377828446,462.0
719,1377828451,459.0
719,1377828456,464.0
719,1377828461,460.0
719,1377828466,455.0
719,1377828471,457.0
719,1377828476,447.0
719,1377828481,454.0
719,1377828486,448.0
719,1377828491,446.0
719,1377828496,447.0
719,1377828501,462.0
719,1377828506,455.0
719,1377828511,454.0
719,1377828516,460.0
719,1377828521,464.0
719,1377828526,462.0
719,1377828531,467.0
719,1377828536,472.0
719,1377828541,472.0
719,1377828546,462.0
719,1377828551,459.0
719,1377828556,454.0
719,1377828561,454.0
719,1377828566,460.0
719,1377828571,461.0
719,1377828576,462.0
719,1377828581,462.0
719,1377828586,455.0
719,1377828591,455.0
719,1377828596,455.0
719,1377828601,459.0
719,1377828606,464.0
719,1377828611,464.0
719,1377828616,464.0
719,1377828621,457.0
719,1377828626,454.0
719,1377828631,460.0
719,1377828636,460.0
719,1377828641,462.0
719,1377828646,455.0
719,1377828651,447.0
719,1377828656,453.0
719,1377828661,447.0
719,1377828666,454.0
719,1377828671,456.0
719,1377828676,462.0
719,1377828681,455.0
719,1377828686,457.0
719,1377828691,460.0
719,1377828696,451.0
719,1377828701,454.0
719,1377828706,452.0
719,1377828711,441.0
719,1377828716,443.0
719,1377828721,443.0
719,1377828726,452.0
719,1377828731,447.0
719,1377828736,456.0
719,1377828741,455.0
719,1377828746,462.0
719,1377828751,461.0
719,1377828756,464.0
719,1377828761,467.0
719,1377828766,465.0
719,1377828771,464.0
719,1377828776,457.0
719,1377828781,452.0
719,1377828786,454.0
719,1377828791,451.0
719,1377828796,451.0
719,1377828801,454.0
719,1377828806,452.0
719,1377828811,454.0
719,1377828816,457.0
719,1377828821,460.0
719,1377828826,457.0
719,1377828831,462.0
719,1377828836,462.0
719,1377828841,457.0
719,1377828846,462.0
719,1377828851,459.0
719,1377828856,455.0
719,1377828861,452.0
719,1377828866,449.0
719,1377828871,448.0
719,1377828876,452.0
719,1377828881,447.0
719,1377828886,457.0
719,1377828891,462.0
719,1377828896,460.0
719,1377828901,454.0
719,1377828906,451.0
719,1377828911,443.0
719,1377828916,452.0
719,1377828921,447.0
719,1377828926,460.0
719,1377828931,462.0
719,1377828936,457.0
719,1377828941,454.0
719,1377828946,449.0
719,1377828951,452.0
719,1377828956,452.0
719,1377828961,452.0
719,1377828966,456.0
719,1377828971,456.0
719,1377828976,457.0
719,1377828981,451.0
719,1377828986,452.0
719,1377828991,452.0
719,1377828996,451.0
719,1377829001,454.0
719,1377829006,456.0
719,1377829011,460.0
719,1377829016,455.0
719,1377829021,455.0
719,1377829026,454.0
719,1377829031,460.0
719,1377829036,460.0
719,1377829041,461.0
719,1377829046,467.0
719,1377829051,461.0
719,1377829056,451.0
719,1377829061,448.0
719,1377829066,446.0
719,1377829071,448.0
719,1377829076,448.0
719,1377829081,454.0
719,1377829086,455.0
719,1377829091,454.0
719,1377829096,454.0
719,1377829101,450.0
719,1377829106,446.0
719,1377829111,441.0
719,1377829116,443.0
719,1377829121,449.0
719,1377829126,460.0
719,1377829131,457.0
719,1377829136,455.0
719,1377829141,455.0
719,1377829146,454.0
719,1377829151,447.0
719,1377829156,460.0
719,1377829161,455.0
719,1377829166,455.0
719,1377829171,454.0
719,1377829176,452.0
719,1377829181,450.0
719,1377829185,454.0
719,1377829191,451.0
719,1377829196,454.0
719,1377829201,451.0
719,1377829206,452.0
719,1377829211,454.0
719,1377829216,457.0
719,1377829221,460.0
719,1377829226,455.0
719,1377829231,456.0
719,1377829236,449.0
719,1377829241,452.0
719,1377829246,450.0
719,1377829251,447.0
719,1377829256,452.0
719,1377829261,460.0
719,1377829266,454.0
719,1377829271,460.0
719,1377829276,452.0
719,1377829281,462.0
719,1377829286,457.0
719,1377829291,455.0
719,1377829296,457.0
719,1377829301,457.0
719,1377829306,457.0
719,1377829311,459.0
719,1377829316,465.0
719,1377829321,465.0
719,1377829326,455.0
719,1377829331,455.0
719,1377829336,457.0
719,1377829341,452.0
719,1377829346,448.0
719,1377829351,441.0
719,1377829356,450.0
719,1377829361,443.0
719,1377829366,444.0
719,1377829371,448.0
719,1377829376,443.0
719,1377829381,444.0
719,1377829386,448.0
719,1377829391,441.0
719,1377829396,444.0
719,1377829401,448.0
719,1377829406,443.0
719,1377829411,451.0
719,1377829416,455.0
719,1377829421,457.0
719,1377829426,455.0
719,1377829431,456.0
719,1377829436,455.0
719,1377829441,457.0
719,1377829446,456.0
719,1377829451,454.0
719,1377829456,450.0
719,1377829461,447.0
719,1377829466,454.0
719,1377829471,456.0
719,1377829476,447.0
719,1377829481,443.0
719,1377829486,443.0
719,1377829491,454.0
719,1377829496,446.0
719,1377829501,451.0
719,1377829506,455.0
719,1377829511,460.0
719,1377829516,460.0
719,1377829521,462.0
719,1377829526,464.0
719,1377829531,465.0
719,1377829536,457.0
719,1377829541,454.0
719,1377829546,447.0
719,1377829551,450.0
719,1377829556,450.0
719,1377829561,448.0
719,1377829566,450.0
719,1377829571,447.0
719,1377829576,448.0
719,1377829581,439.0
719,1377829586,441.0
719,1377829591,439.0
719,1377829596,448.0
719,1377829601,448.0
719,1377829606,448.0
719,1377829611,452.0
719,1377829616,454.0
719,1377829621,452.0
719,1377829626,447.0
719,1377829631,447.0
719,1377829636,447.0
719,1377829641,452.0
719,1377829646,454.0
719,1377829651,443.0
719,1377829656,454.0
719,1377829661,444.0
719,1377829666,438.0
719,1377829671,440.0
719,1377829676,444.0
719,1377829681,441.0
719,1377829686,443.0
719,1377829691,439.0
719,1377829696,440.0
719,1377829701,438.0
719,1377829706,435.0
719,1377829711,433.0
719,1377829716,436.0
719,1377829722,430.0
719,1377829726,435.0
719,1377829731,433.0
719,1377829736,430.0
719,1377829741,431.0
719,1377829746,438.0
719,1377829751,441.0
719,1377829756,444.0
719,1377829761,439.0
719,1377829766,452.0
719,1377829771,462.0
719,1377829776,452.0
719,1377829781,462.0
719,1377829786,447.0
719,1377829791,441.0
719,1377829796,448.0
719,1377829801,439.0
719,1377829806,448.0
719,1377829811,448.0
719,1377829816,444.0
719,1377829821,444.0
719,1377829826,439.0
719,1377829831,431.0
719,1377829836,433.0
719,1377829841,429.0
719,1377829846,428.0
719,1377829851,433.0
719,1377829856,433.0
719,1377829861,441.0
719,1377829865,441.0
719,1377829871,439.0
719,1377829876,446.0
719,1377829881,444.0
719,1377829886,447.0
719,1377829891,447.0
719,1377829896,447.0
719,1377829901,454.0
719,1377829906,448.0
719,1377829911,435.0
719,1377829916,433.0
719,1377829921,435.0
719,1377829926,439.0
719,1377829931,446.0
719,1377829936,438.0
719,1377829941,440.0
719,1377829946,438.0
719,1377829951,438.0
719,1377829956,441.0
719,1377829961,443.0
719,1377829966,441.0
719,1377829971,446.0
719,1377829976,446.0
719,1377829981,444.0
719,1377829986,440.0
719,1377829991,431.0
719,1377829996,429.0
719,1377830001,433.0
719,1377830006,429.0
719,1377830011,440.0
719,1377830016,431.0
719,1377830021,440.0
719,1377830026,435.0
719,1377830031,440.0
719,1377830036,441.0
719,1377830041,444.0
719,1377830046,440.0
719,1377830051,433.0
719,1377830056,433.0
719,1377830061,429.0
719,1377830066,430.0
719,1377830071,433.0
719,1377830076,423.0
719,1377830081,430.0
719,1377830086,423.0
719,1377830091,430.0
719,1377830096,429.0
719,1377830101,433.0
719,1377830106,429.0
719,1377830111,435.0
719,1377830116,430.0
719,1377830121,430.0
719,1377830126,425.0
719,1377830131,430.0
719,1377830136,433.0
719,1377830141,433.0
719,1377830146,438.0
719,1377830151,440.0
719,1377830156,439.0
719,1377830161,436.0
719,1377830166,430.0
719,1377830171,435.0
719,1377830176,434.0
719,1377830181,428.0
719,1377830186,433.0
719,1377830191,430.0
719,1377830196,430.0
719,1377830201,425.0
719,1377830206,425.0
719,1377830211,424.0
719,1377830216,428.0
719,1377830221,428.0
719,1377830226,429.0
719,1377830231,432.0
719,1377830236,423.0
719,1377830241,430.0
719,1377830245,428.0
719,1377830251,425.0
719,1377830256,422.0
719,1377830261,424.0
719,1377830266,419.0
719,1377830271,422.0
719,1377830276,424.0
719,1377830281,428.0
719,1377830286,428.0
719,1377830291,433.0
719,1377830296,430.0
719,1377830301,427.0
719,1377830306,430.0
719,1377830311,428.0
719,1377830316,419.0
719,1377830321,417.0
719,1377830326,412.0
719,1377830331,417.0
719,1377830336,420.0
719,1377830341,422.0
719,1377830346,415.0
719,1377830351,417.0
719,1377830356,418.0
719,1377830361,416.0
719,1377830366,416.0
719,1377830371,412.0
719,1377830376,422.0
719,1377830381,419.0
719,1377830386,424.0
719,1377830391,422.0
719,1377830396,418.0
719,1377830401,418.0
719,1377830406,413.0
719,1377830411,413.0
719,1377830416,422.0
719,1377830421,420.0
719,1377830425,419.0
719,1377830431,422.0
719,1377830436,411.0
719,1377830441,411.0
719,1377830446,413.0
719,1377830451,418.0
719,1377830458,419.0
719,1377830461,422.0
719,1377830466,433.0
719,1377830471,429.0
719,1377830476,433.0
719,1377830481,430.0
719,1377830486,428.0
719,1377830491,433.0
719,1377830496,430.0
719,1377830501,423.0
719,1377830506,425.0
719,1377830511,422.0
719,1377830516,419.0
719,1377830521,430.0
719,1377830526,425.0
719,1377830531,429.0
719,1377830536,433.0
719,1377830541,434.0
719,1377830546,433.0
719,1377830551,435.0
719,1377830556,433.0
719,1377830561,423.0
719,1377830566,419.0
719,1377830571,419.0
719,1377830576,422.0
719,1377830581,415.0
719,1377830586,419.0
719,1377830591,422.0
719,1377830596,422.0
719,1377830601,420.0
719,1377830606,430.0
719,1377830611,430.0
719,1377830616,425.0
719,1377830621,419.0
719,1377830626,419.0
719,1377830631,418.0
719,1377830636,422.0
719,1377830641,411.0
719,1377830645,413.0
719,1377830651,418.0
719,1377830655,413.0
719,1377830661,416.0
719,1377830666,411.0
719,1377830671,407.0
719,1377830676,412.0
719,1377830681,420.0
719,1377830686,424.0
719,1377830691,424.0
719,1377830696,422.0
719,1377830701,422.0
719,1377830706,424.0
719,1377830711,423.0
719,1377830716,422.0
719,1377830721,423.0
719,1377830726,424.0
719,1377830731,424.0
719,1377830736,425.0
719,1377830741,430.0
719,1377830746,423.0
719,1377830751,424.0
719,1377830756,424.0
719,1377830761,423.0
719,1377830766,423.0
719,1377830771,427.0
719,1377830776,427.0
719,1377830781,428.0
719,1377830786,422.0
719,1377830791,422.0
719,1377830796,423.0
719,1377830801,424.0
719,1377830806,419.0
719,1377830811,424.0
719,1377830816,425.0
719,1377830821,430.0
719,1377830826,430.0
719,1377830831,428.0
719,1377830836,422.0
719,1377830841,418.0
719,1377830846,416.0
719,1377830851,413.0
719,1377830856,425.0
719,1377830861,430.0
719,1377830866,433.0
719,1377830871,423.0
719,1377830876,423.0
719,1377830881,419.0
719,1377830886,417.0
719,1377830891,411.0
719,1377830896,411.0
719,1377830901,408.0
719,1377830906,406.0
719,1377830911,401.0
719,1377830916,408.0
719,1377830921,416.0
719,1377830926,422.0
719,1377830931,424.0
719,1377830936,422.0
719,1377830941,423.0
719,1377830946,422.0
719,1377830951,419.0
719,1377830956,419.0
719,1377830961,420.0
719,1377830966,413.0
719,1377830971,419.0
719,1377830976,422.0
719,1377830981,425.0
719,1377830986,424.0
719,1377830991,423.0
719,1377830996,430.0
719,1377831001,428.0
719,1377831006,424.0
719,1377831011,424.0
719,1377831016,415.0
719,1377831021,420.0
719,1377831026,413.0
719,1377831031,422.0
719,1377831036,423.0
719,1377831041,427.0
719,1377831046,428.0
719,1377831051,425.0
719,1377831056,425.0
719,1377831061,420.0
719,1377831066,419.0
719,1377831071,419.0
719,1377831076,420.0
719,1377831081,413.0
719,1377831086,418.0
719,1377831091,419.0
719,1377831096,419.0
719,1377831101,417.0
719,1377831106,418.0
719,1377831111,420.0
719,1377831116,418.0
719,1377831121,411.0
719,1377831126,419.0
719,1377831131,419.0
719,1377831136,419.0
719,1377831141,422.0
719,1377831146,411.0
719,1377831151,409.0
719,1377831156,407.0
719,1377831161,418.0
719,1377831166,415.0
719,1377831171,419.0
719,1377831176,422.0
719,1377831181,420.0
719,1377831186,419.0
719,1377831192,422.0
719,1377831196,425.0
719,1377831201,425.0
719,1377831206,428.0
719,1377831211,423.0
719,1377831216,415.0
719,1377831221,416.0
719,1377831226,409.0
719,1377831231,407.0
719,1377831236,406.0
719,1377831241,407.0
719,1377831246,412.0
719,1377831251,416.0
719,1377831256,413.0
719,1377831261,420.0
719,1377831266,420.0
719,1377831271,420.0
719,1377831276,416.0
719,1377831281,407.0
719,1377831286,403.0
719,1377831291,407.0
719,1377831296,411.0
719,1377831301,412.0
719,1377831306,413.0
719,1377831311,411.0
719,1377831316,413.0
719,1377831321,420.0
719,1377831326,420.0
719,1377831331,422.0
719,1377831336,418.0
719,1377831341,413.0
719,1377831346,413.0
719,1377831351,411.0
719,1377831356,411.0
719,1377831361,411.0
719,1377831366,419.0
719,1377831371,423.0
719,1377831376,430.0
719,1377831381,430.0
719,1377831386,425.0
719,1377831391,415.0
719,1377831396,413.0
719,1377831401,419.0
719,1377831406,413.0
719,1377831411,411.0
719,1377831416,413.0
719,1377831421,412.0
719,1377831426,411.0
719,1377831431,412.0
719,1377831436,422.0
719,1377831441,413.0
719,1377831446,416.0
719,1377831451,412.0
719,1377831456,414.0
719,1377831461,407.0
719,1377831466,409.0
719,1377831471,412.0
719,1377831476,414.0
719,1377831481,414.0
719,1377831486,412.0
719,1377831491,411.0
719,1377831496,409.0
719,1377831501,411.0
719,1377831506,407.0
719,1377831511,412.0
719,1377831516,409.0
719,1377831521,420.0
719,1377831526,411.0
719,1377831531,411.0
719,1377831536,407.0
719,1377831541,413.0
719,1377831546,407.0
719,1377831551,418.0
719,1377831556,419.0
719,1377831561,418.0
719,1377831566,418.0
719,1377831571,407.0
719,1377831576,403.0
719,1377831581,403.0
719,1377831586,403.0
719,1377831591,409.0
719,1377831596,411.0
719,1377831601,407.0
719,1377831606,411.0
719,1377831611,422.0
719,1377831616,413.0
719,1377831621,411.0
719,1377831626,411.0
719,1377831631,418.0
719,1377831636,422.0
719,1377831641,413.0
719,1377831646,419.0
719,1377831651,416.0
719,1377831656,417.0
719,1377831661,407.0
719,1377831666,409.0
719,1377831671,407.0
719,1377831676,407.0
719,1377831681,408.0
719,1377831686,407.0
719,1377831691,412.0
719,1377831696,407.0
719,1377831701,412.0
719,1377831706,407.0
719,1377831711,412.0
719,1377831716,419.0
719,1377831721,422.0
719,1377831726,423.0
719,1377831731,422.0
719,1377831736,424.0
719,1377831741,423.0
719,1377831746,430.0
719,1377831751,425.0
719,1377831756,419.0
719,1377831761,424.0
719,1377831766,416.0
719,1377831771,417.0
719,1377831776,409.0
719,1377831781,416.0
719,1377831786,406.0
719,1377831791,409.0
719,1377831796,406.0
719,1377831801,403.0
719,1377831806,414.0
719,1377831811,411.0
719,1377831816,419.0
719,1377831821,411.0
719,1377831826,415.0
719,1377831831,409.0
719,1377831836,409.0
719,1377831841,416.0
719,1377831846,409.0
719,1377831851,409.0
719,1377831856,412.0
719,1377831861,407.0
719,1377831866,407.0
719,1377831871,416.0
719,1377831876,418.0
719,1377831881,419.0
719,1377831886,415.0
719,1377831891,420.0
719,1377831896,413.0
719,1377831901,407.0
719,1377831908,412.0
719,1377831911,411.0
719,1377831916,411.0
719,1377831921,422.0
719,1377831926,416.0
719,1377831931,412.0
719,1377831936,417.0
719,1377831941,416.0
719,1377831946,413.0
719,1377831951,415.0
719,1377831956,428.0
719,1377831961,430.0
719,1377831966,422.0
719,1377831971,415.0
719,1377831976,412.0
719,1377831981,411.0
719,1377831986,407.0
719,1377831991,404.0
719,1377831996,405.0
719,1377832001,407.0
719,1377832006,408.0
719,1377832011,407.0
719,1377832016,406.0
719,1377832021,407.0
719,1377832026,403.0
719,1377832031,412.0
719,1377832036,406.0
719,1377832041,418.0
719,1377832046,422.0
719,1377832051,418.0
719,1377832056,422.0
719,1377832061,413.0
719,1377832066,407.0
719,1377832071,409.0
719,1377832076,406.0
719,1377832081,401.0
719,1377832086,398.0
719,1377832091,397.0
719,1377832096,404.0
719,1377832101,398.0
719,1377832106,398.0
719,1377832111,404.0
719,1377832116,401.0
719,1377832121,406.0
719,1377832126,408.0
719,1377832131,406.0
719,1377832136,407.0
719,1377832141,406.0
719,1377832146,408.0
719,1377832151,408.0
719,1377832156,420.0
719,1377832161,412.0
719,1377832166,412.0
719,1377832171,416.0
719,1377832176,413.0
719,1377832181,413.0
719,1377832186,417.0
719,1377832191,418.0
719,1377832196,419.0
719,1377832201,413.0
719,1377832206,417.0
719,1377832211,411.0
719,1377832216,407.0
719,1377832221,409.0
719,1377832226,407.0
719,1377832231,407.0
719,1377832236,413.0
719,1377832241,422.0
719,1377832245,419.0
719,1377832251,430.0
719,1377832256,415.0
719,1377832261,420.0
719,1377832266,406.0
719,1377832271,412.0
719,1377832276,408.0
719,1377832281,409.0
719,1377832286,418.0
719,1377832291,430.0
719,1377832296,419.0
719,1377832301,419.0
719,1377832306,419.0
719,1377832311,417.0
719,1377832316,419.0
719,1377832321,413.0
719,1377832326,411.0
719,1377832331,414.0
719,1377832336,406.0
719,1377832341,406.0
719,1377832346,404.0
719,1377832351,404.0
719,1377832356,403.0
719,1377832361,403.0
719,1377832366,404.0
719,1377832371,403.0
719,1377832376,409.0
719,1377832381,408.0
719,1377832386,403.0
719,1377832391,404.0
719,1377832396,399.0
719,1377832401,404.0
719,1377832406,404.0
719,1377832411,403.0
719,1377832416,406.0
719,1377832421,398.0
719,1377832426,398.0
719,1377832431,398.0
719,1377832436,404.0
719,1377832441,404.0
719,1377832446,397.0
719,1377832451,397.0
719,1377832456,398.0
719,1377832461,402.0
719,1377832466,398.0
719,1377832471,403.0
719,1377832476,408.0
719,1377832481,403.0
719,1377832486,403.0
719,1377832491,401.0
719,1377832496,399.0
719,1377832501,406.0
719,1377832506,403.0
719,1377832511,408.0
719,1377832516,412.0
719,1377832521,407.0
719,1377832526,411.0
719,1377832531,422.0
719,1377832536,413.0
719,1377832541,419.0
719,1377832546,418.0
719,1377832551,417.0
719,1377832556,409.0
719,1377832561,409.0
719,1377832566,412.0
719,1377832571,409.0
719,1377832576,414.0
719,1377832581,408.0
719,1377832586,404.0
719,1377832591,403.0
719,1377832596,408.0
719,1377832601,404.0
719,1377832606,408.0
719,1377832611,406.0
719,1377832616,399.0
719,1377832621,406.0
719,1377832626,406.0
719,1377832631,409.0
719,1377832636,409.0
719,1377832641,407.0
719,1377832646,407.0
719,1377832651,413.0
719,1377832656,417.0
719,1377832661,407.0
719,1377832666,409.0
719,1377832671,408.0
719,1377832676,407.0
719,1377832681,407.0
719,1377832686,407.0
719,1377832691,404.0
719,1377832696,404.0
719,1377832701,403.0
719,1377832706,404.0
719,1377832711,403.0
719,1377832716,401.0
719,1377832721,404.0
719,1377832726,409.0
719,1377832731,406.0
719,1377832736,416.0
719,1377832741,422.0
719,1377832746,420.0
719,1377832751,412.0
719,1377832756,409.0
719,1377832761,408.0
719,1377832766,406.0
719,1377832771,403.0
719,1377832776,406.0
719,1377832781,409.0
719,1377832785,418.0
719,1377832791,413.0
719,1377832796,414.0
719,1377832801,407.0
719,1377832806,406.0
719,1377832811,409.0
719,1377832816,411.0
719,1377832821,412.0
719,1377832826,413.0
719,1377832831,416.0
719,1377832836,407.0
719,1377832841,412.0
719,1377832846,407.0
719,1377832850,406.0
719,1377832856,418.0
719,1377832861,418.0
719,1377832866,407.0
719,1377832871,412.0
719,1377832876,415.0
719,1377832881,419.0
719,1377832886,418.0
719,1377832891,416.0
719,1377832896,411.0
719,1377832901,409.0
719,1377832905,408.0
719,1377832911,406.0
719,1377832916,412.0
719,1377832921,411.0
719,1377832926,411.0
719,1377832931,412.0
719,1377832936,412.0
719,1377832941,406.0
719,1377832946,409.0
719,1377832951,412.0
719,1377832956,419.0
719,1377832961,419.0
719,1377832966,418.0
719,1377832971,411.0
719,1377832976,407.0
719,1377832981,409.0
719,1377832986,412.0
719,1377832991,409.0
719,1377832996,412.0
719,1377833001,411.0
719,1377833006,412.0
719,1377833011,407.0
719,1377833016,409.0
719,1377833021,407.0
719,1377833026,403.0
719,1377833031,409.0
719,1377833036,411.0
719,1377833041,420.0
719,1377833046,422.0
719,1377833051,425.0
719,1377833056,417.0
719,1377833061,415.0
719,1377833066,413.0
719,1377833070,411.0
719,1377833076,414.0
719,1377833081,408.0
719,1377833086,412.0
719,1377833091,412.0
719,1377833095,411.0
719,1377833101,418.0
719,1377833106,420.0
719,1377833111,412.0
719,1377833116,409.0
719,1377833121,414.0
719,1377833126,407.0
719,1377833131,407.0
719,1377833136,411.0
719,1377833141,411.0
719,1377833145,418.0
719,1377833151,418.0
719,1377833156,420.0
719,1377833161,415.0
719,1377833165,415.0
719,1377833171,409.0
719,1377833176,422.0
719,1377833181,407.0
719,1377833185,406.0
719,1377833191,407.0
719,1377833196,414.0
719,1377833201,412.0
719,1377833206,412.0
719,1377833211,416.0
719,1377833215,417.0
719,1377833221,411.0
719,1377833226,413.0
719,1377833231,418.0
719,1377833236,413.0
719,1377833240,413.0
719,1377833245,418.0
719,1377833250,411.0
719,1377833256,408.0
719,1377833261,400.0
719,1377833266,396.0
719,1377833270,397.0
719,1377833275,403.0
719,1377833280,411.0
719,1377833286,419.0
719,1377833290,419.0
719,1377833296,422.0
719,1377833300,422.0
719,1377833306,411.0
719,1377833311,413.0
719,1377833315,412.0
719,1377833321,407.0
719,1377833325,411.0
719,1377833331,419.0
719,1377833335,415.0
719,1377833340,412.0
719,1377833345,412.0
719,1377833350,402.0
719,1377833356,403.0
719,1377833360,398.0
719,1377833365,403.0
719,1377833370,401.0
719,1377833375,398.0
719,1377833380,403.0
719,1377833386,408.0
719,1377833391,409.0
719,1377833396,414.0
719,1377833402,404.0
719,1377833405,406.0
719,1377833410,401.0
719,1377833415,406.0
719,1377833420,403.0
719,1377833425,412.0
719,1377833430,409.0
719,1377833435,409.0
719,1377833441,408.0
719,1377833446,406.0
719,1377833450,409.0
719,1377833455,409.0
719,1377833460,411.0
719,1377833465,414.0
719,1377833470,411.0
719,1377833476,407.0
719,1377833480,407.0
719,1377833485,408.0
719,1377833490,412.0
719,1377833495,422.0
719,1377833501,411.0
719,1377833506,422.0
719,1377833510,424.0
719,1377833515,420.0
719,1377833520,422.0
719,1377833525,420.0
719,1377833530,411.0
719,1377833535,412.0
719,1377833540,406.0
719,1377833545,401.0
719,1377833550,407.0
719,1377833555,409.0
719,1377833561,412.0
719,1377833565,407.0
719,1377833570,412.0
719,1377833575,406.0
719,1377833580,409.0
719,1377833585,412.0
719,1377833590,411.0
719,1377833595,418.0
719,1377833600,411.0
719,1377833605,416.0
719,1377833610,409.0
719,1377833615,413.0
719,1377833620,411.0
719,1377833625,414.0
719,1377833630,412.0
719,1377833635,412.0
719,1377833640,403.0
719,1377833645,408.0
719,1377833650,406.0
719,1377833655,406.0
719,1377833660,403.0
719,1377833665,408.0
719,1377833670,406.0
719,1377833675,404.0
719,1377833680,401.0
719,1377833685,399.0
719,1377833690,398.0
719,1377833695,401.0
719,1377833700,409.0
719,1377833705,416.0
719,1377833710,407.0
719,1377833715,407.0
719,1377833720,418.0
719,1377833725,412.0
719,1377833730,406.0
719,1377833735,403.0
719,1377833740,401.0
719,1377833745,396.0
719,1377833750,393.0
719,1377833755,397.0
719,1377833760,404.0
719,1377833765,406.0
719,1377833770,413.0
719,1377833775,412.0
719,1377833780,407.0
719,1377833785,416.0
719,1377833790,412.0
719,1377833795,406.0
719,1377833800,412.0
719,1377833805,409.0
719,1377833810,412.0
719,1377833815,408.0
719,1377833820,409.0
719,1377833825,409.0
719,1377833830,409.0
719,1377833835,406.0
719,1377833840,418.0
719,1377833845,416.0
719,1377833850,416.0
719,1377833855,411.0
719,1377833860,412.0
719,1377833865,409.0
719,1377833870,412.0
719,1377833875,407.0
719,1377833880,403.0
719,1377833885,414.0
719,1377833890,408.0
719,1377833895,408.0
719,1377833900,406.0
719,1377833905,408.0
719,1377833910,401.0
719,1377833915,406.0
719,1377833920,406.0
719,1377833925,416.0
719,1377833930,416.0
719,1377833935,420.0
719,1377833940,412.0
719,1377833945,412.0
719,1377833950,412.0
719,1377833955,411.0
719,1377833960,418.0
719,1377833965,407.0
719,1377833970,406.0
719,1377833975,403.0
719,1377833980,399.0
719,1377833985,404.0
719,1377833990,409.0
719,1377833995,412.0
719,1377834000,407.0
719,1377834005,406.0
719,1377834010,401.0
719,1377834015,396.0
719,1377834020,390.0
719,1377834025,398.0
719,1377834030,398.0
719,1377834035,408.0
719,1377834040,411.0
719,1377834045,419.0
719,1377834050,430.0
719,1377834055,413.0
719,1377834060,411.0
719,1377834065,406.0
719,1377834070,406.0
719,1377834075,408.0
719,1377834080,408.0
719,1377834085,404.0
719,1377834090,402.0
719,1377834095,403.0
719,1377834100,403.0
719,1377834105,404.0
719,1377834110,409.0
719,1377834115,412.0
719,1377834120,411.0
719,1377834125,407.0
719,1377834130,401.0
719,1377834135,402.0
719,1377834140,408.0
719,1377834145,422.0
719,1377834150,412.0
719,1377834155,422.0
719,1377834160,411.0
719,1377834165,407.0
719,1377834173,407.0
719,1377834175,412.0
719,1377834180,409.0
719,1377834185,409.0
719,1377834190,408.0
719,1377834195,403.0
719,1377834200,397.0
719,1377834205,397.0
719,1377834210,398.0
719,1377834215,398.0
719,1377834220,397.0
719,1377834225,408.0
719,1377834230,409.0
719,1377834235,411.0
719,1377834240,411.0
719,1377834245,418.0
719,1377834250,411.0
719,1377834255,407.0
719,1377834260,409.0
719,1377834265,403.0
719,1377834270,403.0
719,1377834275,398.0
719,1377834280,401.0
719,1377834285,406.0
719,1377834290,406.0
719,1377834295,408.0
719,1377834300,409.0
719,1377834305,412.0
719,1377834310,411.0
719,1377834315,415.0
719,1377834320,411.0
719,1377834325,411.0
719,1377834330,416.0
719,1377834335,412.0
719,1377834340,404.0
719,1377834345,402.0
719,1377834350,397.0
719,1377834355,397.0
719,1377834360,396.0
719,1377834365,396.0
719,1377834370,396.0
719,1377834375,406.0
719,1377834380,408.0
719,1377834385,416.0
719,1377834390,407.0
719,1377834395,416.0
719,1377834400,406.0
719,1377834405,401.0
719,1377834410,398.0
719,1377834415,403.0
719,1377834420,408.0
719,1377834425,409.0
719,1377834430,419.0
719,1377834435,419.0
719,1377834440,422.0
719,1377834445,419.0
719,1377834450,411.0
719,1377834455,407.0
719,1377834460,407.0
719,1377834465,404.0
719,1377834470,398.0
719,1377834475,391.0
719,1377834480,393.0
719,1377834485,401.0
719,1377834490,402.0
719,1377834495,408.0
719,1377834500,408.0
719,1377834505,408.0
719,1377834510,406.0
719,1377834515,409.0
719,1377834520,407.0
719,1377834525,411.0
719,1377834530,416.0
719,1377834535,409.0
719,1377834540,418.0
719,1377834545,412.0
719,1377834550,412.0
719,1377834555,407.0
719,1377834560,409.0
719,1377834565,412.0
719,1377834570,416.0
719,1377834575,418.0
719,1377834580,411.0
719,1377834585,416.0
719,1377834590,411.0
719,1377834595,412.0
719,1377834600,412.0
719,1377834605,412.0
719,1377834610,414.0
719,1377834615,407.0
719,1377834620,412.0
719,1377834625,412.0
719,1377834630,409.0
719,1377834635,412.0
719,1377834640,407.0
719,1377834645,420.0
719,1377834650,407.0
719,1377834655,412.0
719,1377834660,409.0
719,1377834665,409.0
719,1377834670,403.0
719,1377834675,412.0
719,1377834680,403.0
719,1377834685,403.0
719,1377834690,397.0
719,1377834695,398.0
719,1377834700,408.0
719,1377834705,407.0
719,1377834710,407.0
719,1377834715,409.0
719,1377834720,412.0
719,1377834725,404.0
719,1377834730,403.0
719,1377834735,404.0
719,1377834740,406.0
719,1377834745,413.0
719,1377834750,411.0
719,1377834755,413.0
719,1377834760,419.0
719,1377834765,411.0
719,1377834770,412.0
719,1377834775,407.0
719,1377834780,412.0
719,1377834785,412.0
719,1377834790,418.0
719,1377834795,412.0
719,1377834800,417.0
719,1377834805,416.0
719,1377834810,407.0
719,1377834815,409.0
719,1377834820,409.0
719,1377834825,409.0
719,1377834830,412.0
719,1377834835,407.0
719,1377834840,411.0
719,1377834845,418.0
719,1377834850,413.0
719,1377834855,411.0
719,1377834860,412.0
719,1377834865,411.0
719,1377834870,411.0
719,1377834875,411.0
719,1377834880,407.0
719,1377834885,407.0
719,1377834890,406.0
719,1377834897,407.0
719,1377834900,406.0
719,1377834905,412.0
719,1377834910,411.0
719,1377834915,416.0
719,1377834920,418.0
719,1377834925,420.0
719,1377834930,416.0
719,1377834935,412.0
719,1377834940,408.0
719,1377834945,403.0
719,1377834950,403.0
719,1377834955,404.0
719,1377834960,403.0
719,1377834965,406.0
719,1377834970,403.0
719,1377834975,404.0
719,1377834980,404.0
719,1377834985,409.0
719,1377834990,412.0
719,1377834995,416.0
719,1377835000,418.0
719,1377835005,419.0
719,1377835010,415.0
719,1377835015,419.0
719,1377835020,419.0
719,1377835025,422.0
719,1377835030,413.0
719,1377835035,411.0
719,1377835040,407.0
719,1377835045,400.0
719,1377835050,401.0
719,1377835055,404.0
719,1377835060,408.0
719,1377835065,413.0
719,1377835070,422.0
719,1377835075,411.0
719,1377835080,409.0
719,1377835085,404.0
719,1377835090,408.0
719,1377835095,409.0
719,1377835100,418.0
719,1377835105,419.0
719,1377835110,422.0
719,1377835115,419.0
719,1377835120,419.0
719,1377835125,422.0
719,1377835130,413.0
719,1377835135,419.0
719,1377835140,411.0
719,1377835145,407.0
719,1377835150,408.0
719,1377835156,410.0
719,1377835160,409.0
719,1377835165,409.0
719,1377835170,412.0
719,1377835175,412.0
719,1377835180,414.0
719,1377835185,409.0
719,1377835190,407.0
719,1377835195,411.0
719,1377835200,411.0
719,1377835205,409.0
719,1377835210,408.0
719,1377835215,403.0
719,1377835220,401.0
719,1377835225,398.0
719,1377835230,399.0
719,1377835235,407.0
719,1377835240,409.0
719,1377835245,408.0
719,1377835250,399.0
719,1377835255,404.0
719,1377835260,408.0
719,1377835265,407.0
719,1377835270,412.0
719,1377835275,416.0
719,1377835280,407.0
719,1377835285,409.0
719,1377835290,407.0
719,1377835295,407.0
719,1377835300,412.0
719,1377835305,406.0
719,1377835310,403.0
719,1377835315,406.0
719,1377835320,409.0
719,1377835325,412.0
719,1377835330,416.0
719,1377835335,411.0
719,1377835340,412.0
719,1377835345,407.0
719,1377835350,403.0
719,1377835355,403.0
719,1377835360,407.0
719,1377835365,411.0
719,1377835370,418.0
719,1377835375,413.0
719,1377835380,412.0
719,1377835385,411.0
719,1377835390,422.0
719,1377835395,423.0
719,1377835400,425.0
719,1377835405,419.0
719,1377835410,422.0
719,1377835415,413.0
719,1377835420,407.0
719,1377835425,409.0
719,1377835430,409.0
719,1377835435,412.0
719,1377835440,409.0
719,1377835445,418.0
719,1377835450,411.0
719,1377835455,409.0
719,1377835460,407.0
719,1377835465,412.0
719,1377835470,412.0
719,1377835475,412.0
719,1377835480,412.0
719,1377835485,412.0
719,1377835490,418.0
719,1377835495,416.0
719,1377835500,418.0
719,1377835505,411.0
719,1377835510,409.0
719,1377835515,412.0
719,1377835520,411.0
719,1377835525,418.0
719,1377835530,424.0
719,1377835535,424.0
719,1377835540,422.0
719,1377835545,423.0
719,1377835550,417.0
719,1377835555,422.0
719,1377835560,423.0
719,1377835565,425.0
719,1377835570,423.0
719,1377835575,427.0
719,1377835580,429.0
719,1377835585,428.0
719,1377835590,428.0
719,1377835595,413.0
719,1377835600,409.0
719,1377835605,401.0
719,1377835610,408.0
719,1377835616,407.0
719,1377835620,412.0
719,1377835625,412.0
719,1377835630,413.0
719,1377835635,415.0
719,1377835640,424.0
719,1377835645,423.0
719,1377835650,424.0
719,1377835655,425.0
719,1377835660,413.0
719,1377835665,407.0
719,1377835670,406.0
719,1377835675,407.0
719,1377835680,403.0
719,1377835685,408.0
719,1377835690,401.0
719,1377835695,396.0
719,1377835700,397.0
719,1377835705,404.0
719,1377835710,418.0
719,1377835715,412.0
719,1377835720,411.0
719,1377835725,418.0
719,1377835730,419.0
719,1377835735,419.0
719,1377835740,416.0
719,1377835745,412.0
719,1377835750,403.0
719,1377835755,406.0
719,1377835760,408.0
719,1377835765,412.0
719,1377835770,407.0
719,1377835775,412.0
719,1377835780,407.0
719,1377835785,418.0
719,1377835790,419.0
719,1377835795,417.0
719,1377835800,407.0
719,1377835805,403.0
719,1377835810,406.0
719,1377835815,403.0
719,1377835820,403.0
719,1377835825,410.0
719,1377835830,410.0
719,1377835835,404.0
719,1377835840,401.0
719,1377835845,397.0
719,1377835850,398.0
719,1377835855,397.0
719,1377835860,403.0
719,1377835865,403.0
719,1377835870,409.0
719,1377835875,410.0
719,1377835880,406.0
719,1377835885,409.0
719,1377835890,415.0
719,1377835895,411.0
719,1377835900,409.0
719,1377835905,416.0
719,1377835910,412.0
719,1377835915,412.0
719,1377835920,416.0
719,1377835925,424.0
719,1377835930,423.0
719,1377835935,423.0
719,1377835940,419.0
719,1377835945,413.0
719,1377835950,416.0
719,1377835955,412.0
719,1377835960,413.0
719,1377835965,416.0
719,1377835970,411.0
719,1377835975,413.0
719,1377835980,417.0
719,1377835985,416.0
719,1377835990,412.0
719,1377835995,412.0
719,1377836000,412.0
719,1377836005,411.0
719,1377836010,412.0
719,1377836015,422.0
719,1377836020,422.0
719,1377836025,413.0
719,1377836030,415.0
719,1377836035,413.0
719,1377836040,422.0
719,1377836045,420.0
719,1377836050,425.0
719,1377836055,424.0
719,1377836060,425.0
719,1377836065,424.0
719,1377836070,422.0
719,1377836075,422.0
719,1377836080,419.0
719,1377836085,422.0
719,1377836090,407.0
719,1377836095,418.0
719,1377836100,413.0
719,1377836105,411.0
719,1377836110,413.0
719,1377836115,411.0
719,1377836120,414.0
719,1377836125,407.0
719,1377836130,409.0
719,1377836135,412.0
719,1377836140,409.0
719,1377836145,412.0
719,1377836150,409.0
719,1377836155,407.0
719,1377836160,406.0
719,1377836165,404.0
719,1377836170,404.0
719,1377836175,403.0
719,1377836180,406.0
719,1377836185,407.0
719,1377836190,416.0
719,1377836195,420.0
719,1377836200,415.0
719,1377836205,422.0
719,1377836210,424.0
719,1377836215,424.0
719,1377836220,417.0
719,1377836225,422.0
719,1377836230,418.0
719,1377836235,411.0
719,1377836240,419.0
719,1377836245,415.0
719,1377836250,422.0
719,1377836255,418.0
719,1377836260,412.0
719,1377836265,409.0
719,1377836270,407.0
719,1377836275,412.0
719,1377836280,413.0
719,1377836285,407.0
719,1377836290,411.0
719,1377836295,411.0
719,1377836300,412.0
719,1377836305,416.0
719,1377836310,415.0
719,1377836315,420.0
719,1377836320,420.0
719,1377836325,413.0
719,1377836330,422.0
719,1377836335,420.0
719,1377836340,417.0
719,1377836345,417.0
719,1377836350,418.0
719,1377836355,407.0
719,1377836360,413.0
719,1377836365,412.0
719,1377836370,411.0
719,1377836375,418.0
719,1377836380,422.0
719,1377836385,411.0
719,1377836390,411.0
719,1377836395,411.0
719,1377836400,411.0
719,1377836405,417.0
719,1377836410,420.0
719,1377836415,411.0
719,1377836420,420.0
719,1377836425,419.0
719,1377836430,413.0
719,1377836435,418.0
719,1377836440,412.0
719,1377836445,403.0
719,1377836450,398.0
719,1377836455,398.0
719,1377836460,403.0
719,1377836465,401.0
719,1377836470,401.0
719,1377836475,409.0
719,1377836480,407.0
719,1377836485,412.0
719,1377836490,416.0
719,1377836495,418.0
719,1377836500,411.0
719,1377836505,413.0
719,1377836510,411.0
719,1377836515,411.0
719,1377836520,411.0
719,1377836525,409.0
719,1377836530,407.0
719,1377836535,417.0
719,1377836540,415.0
719,1377836545,419.0
719,1377836550,413.0
719,1377836555,412.0
719,1377836560,412.0
719,1377836565,409.0
719,1377836570,410.0
719,1377836575,412.0
719,1377836580,416.0
719,1377836585,414.0
719,1377836590,408.0
719,1377836595,409.0
719,1377836600,403.0
719,1377836605,398.0
719,1377836610,404.0
719,1377836615,406.0
719,1377836620,407.0
719,1377836625,413.0
719,1377836630,422.0
719,1377836635,415.0
719,1377836640,417.0
719,1377836645,413.0
719,1377836650,409.0
719,1377836655,409.0
719,1377836661,407.0
719,1377836665,409.0
719,1377836670,409.0
719,1377836675,412.0
719,1377836680,406.0
719,1377836685,412.0
719,1377836690,416.0
719,1377836695,417.0
719,1377836700,419.0
719,1377836705,415.0
719,1377836710,422.0
719,1377836715,411.0
719,1377836720,412.0
719,1377836725,409.0
719,1377836730,412.0
719,1377836735,406.0
719,1377836740,403.0
719,1377836745,404.0
719,1377836750,406.0
719,1377836755,408.0
719,1377836760,406.0
719,1377836765,412.0
719,1377836770,422.0
719,1377836775,406.0
719,1377836780,416.0
719,1377836785,407.0
719,1377836790,412.0
719,1377836795,415.0
719,1377836800,419.0
719,1377836805,415.0
719,1377836810,420.0
719,1377836815,411.0
719,1377836820,407.0
719,1377836825,407.0
719,1377836830,412.0
719,1377836835,411.0
719,1377836840,415.0
719,1377836845,419.0
719,1377836850,424.0
719,1377836855,422.0
719,1377836860,415.0
719,1377836865,418.0
719,1377836870,409.0
719,1377836875,416.0
719,1377836880,414.0
719,1377836885,407.0
719,1377836890,403.0
719,1377836895,398.0
719,1377836900,404.0
719,1377836905,403.0
719,1377836910,412.0
719,1377836915,414.0
719,1377836920,406.0
719,1377836925,409.0
719,1377836930,403.0
719,1377836935,403.0
719,1377836940,408.0
719,1377836945,409.0
719,1377836950,412.0
719,1377836955,412.0
719,1377836960,408.0
719,1377836965,404.0
719,1377836970,403.0
719,1377836975,403.0
719,1377836980,403.0
719,1377836985,408.0
719,1377836990,409.0
719,1377836995,409.0
719,1377837000,409.0
719,1377837005,406.0
719,1377837010,409.0
719,1377837015,409.0
719,1377837020,411.0
719,1377837025,411.0
719,1377837030,422.0
719,1377837035,412.0
719,1377837040,411.0
719,1377837045,412.0
719,1377837050,411.0
719,1377837055,411.0
719,1377837060,422.0
719,1377837065,412.0
719,1377837070,406.0
719,1377837075,408.0
719,1377837080,403.0
719,1377837085,406.0
719,1377837090,406.0
719,1377837095,411.0
719,1377837100,419.0
719,1377837105,422.0
719,1377837110,425.0
719,1377837115,419.0
719,1377837120,407.0
719,1377837128,411.0
719,1377837130,418.0
719,1377837135,411.0
719,1377837140,413.0
719,1377837145,419.0
719,1377837150,422.0
719,1377837155,428.0
719,1377837160,422.0
719,1377837165,424.0
719,1377837170,413.0
719,1377837175,412.0
719,1377837180,412.0
719,1377837185,411.0
719,1377837190,418.0
719,1377837195,416.0
719,1377837200,420.0
719,1377837205,413.0
719,1377837210,417.0
719,1377837215,418.0
719,1377837220,409.0
719,1377837225,412.0
719,1377837230,406.0
719,1377837235,406.0
719,1377837240,409.0
719,1377837245,408.0
719,1377837250,408.0
719,1377837255,414.0
719,1377837260,412.0
719,1377837265,411.0
719,1377837270,420.0
719,1377837275,407.0
719,1377837280,411.0
719,1377837285,411.0
719,1377837290,418.0
719,1377837295,416.0
719,1377837300,411.0
719,1377837305,409.0
719,1377837310,411.0
719,1377837315,408.0
719,1377837320,408.0
719,1377837325,403.0
719,1377837330,398.0
719,1377837335,395.0
719,1377837340,395.0
719,1377837345,398.0
719,1377837350,398.0
719,1377837355,406.0
719,1377837360,418.0
719,1377837365,419.0
719,1377837370,424.0
719,1377837375,419.0
719,1377837380,415.0
719,1377837385,420.0
719,1377837390,411.0
719,1377837395,412.0
719,1377837400,412.0
719,1377837405,412.0
719,1377837410,406.0
719,1377837415,408.0
719,1377837420,403.0
719,1377837426,406.0
719,1377837430,408.0
719,1377837435,409.0
719,1377837440,406.0
719,1377837445,409.0
719,1377837450,408.0
719,1377837455,403.0
719,1377837460,401.0
719,1377837465,398.0
719,1377837470,391.0
719,1377837475,396.0
719,1377837480,393.0
719,1377837485,401.0
719,1377837490,406.0
719,1377837495,407.0
719,1377837500,409.0
719,1377837505,411.0
719,1377837510,418.0
719,1377837515,413.0
719,1377837520,412.0
719,1377837525,404.0
719,1377837530,403.0
719,1377837535,401.0
719,1377837540,403.0
719,1377837545,403.0
719,1377837550,406.0
719,1377837555,403.0
719,1377837560,408.0
719,1377837565,412.0
719,1377837570,422.0
719,1377837575,411.0
719,1377837580,412.0
719,1377837585,409.0
719,1377837590,403.0
719,1377837595,406.0
719,1377837600,404.0
719,1377837605,406.0
719,1377837610,406.0
719,1377837615,406.0
719,1377837620,409.0
719,1377837625,407.0
719,1377837630,406.0
719,1377837635,407.0
719,1377837640,408.0
719,1377837645,403.0
719,1377837650,404.0
719,1377837655,408.0
719,1377837660,407.0
719,1377837665,412.0
719,1377837670,412.0
719,1377837675,412.0
719,1377837680,407.0
719,1377837685,407.0
719,1377837690,409.0
719,1377837695,411.0
719,1377837700,408.0
719,1377837705,403.0
719,1377837710,403.0
719,1377837715,404.0
719,1377837720,401.0
719,1377837725,406.0
719,1377837730,403.0
719,1377837735,408.0
719,1377837740,403.0
719,1377837745,409.0
719,1377837750,412.0
719,1377837755,411.0
719,1377837760,418.0
719,1377837765,416.0
719,1377837770,416.0
719,1377837775,419.0
719,1377837780,419.0
719,1377837785,413.0
719,1377837790,413.0
719,1377837795,407.0
719,1377837800,409.0
719,1377837805,412.0
719,1377837810,413.0
719,1377837815,418.0
719,1377837820,419.0
719,1377837825,413.0
719,1377837830,418.0
719,1377837835,418.0
719,1377837840,413.0
719,1377837845,411.0
719,1377837850,416.0
719,1377837855,417.0
719,1377837860,411.0
719,1377837865,419.0
719,1377837870,417.0
719,1377837875,407.0
719,1377837880,403.0
719,1377837885,406.0
719,1377837891,407.0
719,1377837895,411.0
719,1377837900,415.0
719,1377837905,424.0
719,1377837910,425.0
719,1377837915,423.0
719,1377837920,428.0
719,1377837925,423.0
719,1377837931,422.0
719,1377837935,413.0
719,1377837940,412.0
719,1377837945,409.0
719,1377837950,398.0
719,1377837955,397.0
719,1377837960,401.0
719,1377837965,409.0
719,1377837970,412.0
719,1377837975,412.0
719,1377837980,407.0
719,1377837985,412.0
719,1377837990,417.0
719,1377837995,412.0
719,1377838000,412.0
719,1377838005,418.0
719,1377838010,416.0
719,1377838015,418.0
719,1377838020,411.0
719,1377838025,413.0
719,1377838030,419.0
719,1377838035,420.0
719,1377838040,420.0
719,1377838045,418.0
719,1377838050,407.0
719,1377838055,412.0
719,1377838060,413.0
719,1377838065,413.0
719,1377838070,419.0
719,1377838075,412.0
719,1377838080,412.0
719,1377838085,409.0
719,1377838090,408.0
719,1377838095,407.0
719,1377838100,406.0
719,1377838105,407.0
719,1377838110,407.0
719,1377838115,409.0
719,1377838120,407.0
719,1377838125,414.0
719,1377838130,419.0
719,1377838135,422.0
719,1377838140,424.0
719,1377838145,415.0
719,1377838150,418.0
719,1377838155,412.0
719,1377838160,409.0
719,1377838165,414.0
719,1377838170,413.0
719,1377838175,415.0
719,1377838180,417.0
719,1377838185,413.0
719,1377838190,413.0
719,1377838195,422.0
719,1377838200,418.0
719,1377838205,411.0
719,1377838210,407.0
719,1377838215,409.0
719,1377838220,416.0
719,1377838225,412.0
719,1377838230,408.0
719,1377838235,412.0
719,1377838240,409.0
719,1377838245,420.0
719,1377838250,419.0
719,1377838255,413.0
719,1377838260,418.0
719,1377838265,412.0
719,1377838270,412.0
719,1377838275,419.0
719,1377838280,422.0
719,1377838285,417.0
719,1377838290,411.0
719,1377838295,413.0
719,1377838300,420.0
719,1377838305,411.0
719,1377838310,422.0
719,1377838315,407.0
719,1377838320,417.0
719,1377838325,418.0
719,1377838330,414.0
719,1377838335,406.0
719,1377838340,407.0
719,1377838345,407.0
719,1377838350,404.0
719,1377838355,409.0
719,1377838360,413.0
719,1377838365,413.0
719,1377838370,407.0
719,1377838375,406.0
719,1377838380,401.0
719,1377838385,401.0
719,1377838390,406.0
719,1377838395,409.0
719,1377838400,418.0
719,1377838405,422.0
719,1377838410,417.0
719,1377838415,411.0
719,1377838420,419.0
719,1377838425,419.0
719,1377838430,419.0
719,1377838435,413.0
719,1377838440,409.0
719,1377838445,407.0
719,1377838450,412.0
719,1377838455,411.0
719,1377838460,411.0
719,1377838465,415.0
719,1377838470,413.0
719,1377838475,416.0
719,1377838480,416.0
719,1377838485,409.0
719,1377838490,408.0
719,1377838495,409.0
719,1377838500,406.0
719,1377838505,403.0
719,1377838510,406.0
719,1377838515,412.0
719,1377838520,411.0
719,1377838525,412.0
719,1377838530,430.0
719,1377838535,417.0
719,1377838540,417.0
719,1377838545,409.0
719,1377838550,407.0
719,1377838555,407.0
719,1377838560,416.0
719,1377838565,407.0
719,1377838570,412.0
719,1377838575,407.0
719,1377838580,412.0
719,1377838585,409.0
719,1377838590,407.0
719,1377838595,409.0
719,1377838600,412.0
719,1377838605,411.0
719,1377838610,417.0
719,1377838615,418.0
719,1377838620,409.0
719,1377838625,409.0
719,1377838630,407.0
719,1377838635,416.0
719,1377838640,415.0
719,1377838645,422.0
719,1377838650,428.0
719,1377838655,430.0
719,1377838660,432.0
719,1377838666,430.0
719,1377838670,422.0
719,1377838675,415.0
719,1377838680,411.0
719,1377838685,413.0
719,1377838690,419.0
719,1377838695,422.0
719,1377838700,413.0
719,1377838705,417.0
719,1377838710,406.0
719,1377838715,399.0
719,1377838720,397.0
719,1377838725,398.0
719,1377838730,398.0
719,1377838735,398.0
719,1377838740,398.0
719,1377838745,403.0
719,1377838750,406.0
719,1377838755,409.0
719,1377838760,406.0
719,1377838765,408.0
719,1377838770,401.0
719,1377838775,402.0
719,1377838780,408.0
719,1377838785,401.0
719,1377838790,403.0
719,1377838795,404.0
719,1377838800,408.0
719,1377838805,406.0
719,1377838810,408.0
719,1377838815,404.0
719,1377838820,406.0
719,1377838825,398.0
719,1377838830,397.0
719,1377838835,401.0
719,1377838840,398.0
719,1377838845,402.0
719,1377838850,407.0
719,1377838855,406.0
719,1377838860,414.0
719,1377838865,412.0
719,1377838870,412.0
719,1377838875,419.0
719,1377838880,415.0
719,1377838885,422.0
719,1377838890,411.0
719,1377838895,413.0
719,1377838900,409.0
719,1377838905,408.0
719,1377838910,401.0
719,1377838915,398.0
719,1377838920,398.0
719,1377838925,401.0
719,1377838930,409.0
719,1377838935,407.0
719,1377838940,412.0
719,1377838945,411.0
719,1377838950,408.0
719,1377838955,404.0
719,1377838960,401.0
719,1377838965,395.0
719,1377838970,401.0
719,1377838975,398.0
719,1377838980,401.0
719,1377838985,409.0
719,1377838990,409.0
719,1377838995,413.0
719,1377839000,415.0
719,1377839005,411.0
719,1377839010,407.0
719,1377839015,406.0
719,1377839020,409.0
719,1377839025,407.0
719,1377839030,418.0
719,1377839035,417.0
719,1377839040,413.0
719,1377839045,416.0
719,1377839050,407.0
719,1377839055,403.0
719,1377839060,404.0
719,1377839065,399.0
719,1377839070,409.0
719,1377839075,412.0
719,1377839080,412.0
719,1377839085,418.0
719,1377839091,412.0
719,1377839095,409.0
719,1377839100,406.0
719,1377839105,412.0
719,1377839110,409.0
719,1377839115,412.0
719,1377839120,415.0
719,1377839125,411.0
719,1377839130,414.0
719,1377839135,403.0
719,1377839140,408.0
719,1377839145,407.0
719,1377839150,412.0
719,1377839155,412.0
719,1377839160,414.0
719,1377839165,418.0
719,1377839170,412.0
719,1377839175,413.0
719,1377839180,419.0
719,1377839185,419.0
719,1377839190,415.0
719,1377839195,419.0
719,1377839200,417.0
719,1377839205,422.0
719,1377839210,413.0
719,1377839215,413.0
719,1377839220,422.0
719,1377839225,417.0
719,1377839230,416.0
719,1377839235,411.0
719,1377839240,412.0
719,1377839245,412.0
719,1377839250,416.0
719,1377839255,414.0
719,1377839260,411.0
719,1377839265,412.0
719,1377839270,409.0
719,1377839275,407.0
719,1377839280,412.0
719,1377839285,422.0
719,1377839290,419.0
719,1377839295,417.0
719,1377839300,418.0
719,1377839305,406.0
719,1377839310,408.0
719,1377839315,406.0
719,1377839320,407.0
719,1377839325,416.0
719,1377839330,416.0
719,1377839335,409.0
719,1377839340,404.0
719,1377839345,408.0
719,1377839350,408.0
719,1377839355,411.0
719,1377839360,411.0
719,1377839365,418.0
719,1377839370,411.0
719,1377839375,422.0
719,1377839380,411.0
719,1377839385,414.0
719,1377839390,409.0
719,1377839395,403.0
719,1377839400,406.0
719,1377839405,403.0
719,1377839410,408.0
719,1377839415,409.0
719,1377839420,406.0
719,1377839425,408.0
719,1377839431,404.0
719,1377839435,414.0
719,1377839440,412.0
719,1377839445,422.0
719,1377839450,420.0
719,1377839455,422.0
719,1377839460,419.0
719,1377839465,412.0
719,1377839470,406.0
719,1377839475,401.0
719,1377839480,406.0
719,1377839485,403.0
719,1377839490,407.0
719,1377839495,409.0
719,1377839500,414.0
719,1377839506,401.0
719,1377839510,397.0
719,1377839515,404.0
719,1377839520,401.0
719,1377839525,409.0
719,1377839530,411.0
719,1377839535,411.0
719,1377839540,418.0
719,1377839545,409.0
719,1377839550,406.0
719,1377839555,406.0
719,1377839560,407.0
719,1377839565,408.0
719,1377839570,409.0
719,1377839575,409.0
719,1377839580,409.0
719,1377839585,412.0
719,1377839590,412.0
719,1377839595,408.0
719,1377839600,403.0
719,1377839605,408.0
719,1377839610,406.0
719,1377839615,414.0
719,1377839620,411.0
719,1377839625,412.0
719,1377839630,407.0
719,1377839635,406.0
719,1377839640,403.0
719,1377839645,404.0
719,1377839650,401.0
719,1377839655,408.0
719,1377839660,407.0
719,1377839665,422.0
719,1377839670,419.0
719,1377839675,417.0
719,1377839680,411.0
719,1377839685,409.0
719,1377839690,406.0
719,1377839695,403.0
719,1377839700,404.0
719,1377839705,398.0
719,1377839710,403.0
719,1377839715,397.0
719,1377839720,399.0
719,1377839725,401.0
719,1377839730,407.0
719,1377839735,404.0
719,1377839740,399.0
719,1377839745,409.0
719,1377839750,412.0
719,1377839755,415.0
719,1377839760,419.0
719,1377839765,416.0
719,1377839770,412.0
719,1377839775,407.0
719,1377839780,403.0
719,1377839785,405.0
719,1377839790,403.0
719,1377839795,408.0
719,1377839800,412.0
719,1377839805,412.0
719,1377839810,409.0
719,1377839815,407.0
719,1377839820,411.0
719,1377839825,419.0
719,1377839830,425.0
719,1377839835,424.0
719,1377839840,422.0
719,1377839845,419.0
719,1377839850,413.0
719,1377839855,416.0
719,1377839860,419.0
719,1377839865,420.0
719,1377839870,419.0
719,1377839875,422.0
719,1377839880,415.0
719,1377839885,413.0
719,1377839890,418.0
719,1377839895,412.0
719,1377839900,409.0
719,1377839905,407.0
719,1377839910,407.0
719,1377839915,412.0
719,1377839920,411.0
719,1377839925,419.0
719,1377839930,416.0
719,1377839935,412.0
719,1377839940,407.0
719,1377839945,403.0
719,1377839950,399.0
719,1377839955,407.0
719,1377839960,404.0
719,1377839965,409.0
719,1377839970,409.0
719,1377839975,407.0
719,1377839980,406.0
719,1377839985,406.0
719,1377839990,403.0
719,1377839995,406.0
719,1377840000,399.0
719,1377840005,401.0
719,1377840010,401.0
719,1377840015,399.0
719,1377840020,408.0
719,1377840025,413.0
719,1377840030,415.0
719,1377840035,424.0
719,1377840040,430.0
719,1377840045,428.0
719,1377840050,419.0
719,1377840055,412.0
719,1377840060,408.0
719,1377840065,401.0
719,1377840070,404.0
719,1377840075,408.0
719,1377840080,407.0
719,1377840085,416.0
719,1377840090,412.0
719,1377840095,418.0
719,1377840100,407.0
719,1377840105,407.0
719,1377840110,403.0
719,1377840115,404.0
719,1377840120,399.0
719,1377840125,406.0
719,1377840130,406.0
719,1377840135,403.0
719,1377840140,404.0
719,1377840145,407.0
719,1377840150,411.0
719,1377840155,413.0
719,1377840160,422.0
719,1377840165,419.0
719,1377840170,413.0
719,1377840175,411.0
719,1377840180,407.0
719,1377840185,407.0
719,1377840190,407.0
719,1377840195,408.0
719,1377840200,399.0
719,1377840205,403.0
719,1377840210,408.0
719,1377840215,412.0
719,1377840220,407.0
719,1377840225,409.0
719,1377840230,412.0
719,1377840235,412.0
719,1377840240,408.0
719,1377840245,407.0
719,1377840250,412.0
719,1377840255,409.0
719,1377840260,414.0
719,1377840265,412.0
719,1377840270,411.0
719,1377840275,413.0
719,1377840280,411.0
719,1377840285,420.0
719,1377840290,422.0
719,1377840295,413.0
719,1377840300,420.0
719,1377840305,422.0
719,1377840310,425.0
719,1377840315,423.0
719,1377840320,428.0
719,1377840325,424.0
719,1377840330,424.0
719,1377840335,412.0
719,1377840340,403.0
719,1377840345,401.0
719,1377840350,403.0
719,1377840355,404.0
719,1377840360,406.0
719,1377840365,407.0
719,1377840370,409.0
719,1377840375,414.0
719,1377840380,417.0
719,1377840385,413.0
719,1377840390,411.0
719,1377840395,411.0
719,1377840400,407.0
719,1377840405,409.0
719,1377840410,412.0
719,1377840415,416.0
719,1377840420,413.0
719,1377840425,409.0
719,1377840430,406.0
719,1377840435,412.0
719,1377840440,403.0
719,1377840445,406.0
719,1377840450,401.0
719,1377840455,403.0
719,1377840460,395.0
719,1377840465,401.0
719,1377840470,408.0
719,1377840475,407.0
719,1377840480,417.0
719,1377840485,422.0
719,1377840490,419.0
719,1377840495,422.0
719,1377840500,411.0
719,1377840505,417.0
719,1377840510,417.0
719,1377840515,418.0
719,1377840520,409.0
719,1377840525,406.0
719,1377840530,409.0
719,1377840535,403.0
719,1377840540,408.0
719,1377840545,401.0
719,1377840550,406.0
719,1377840555,406.0
719,1377840560,407.0
719,1377840565,406.0
719,1377840570,412.0
719,1377840575,408.0
719,1377840580,403.0
719,1377840585,397.0
719,1377840590,398.0
719,1377840595,404.0
719,1377840600,409.0
719,1377840605,416.0
719,1377840610,407.0
719,1377840615,409.0
719,1377840620,403.0
719,1377840625,404.0
719,1377840630,409.0
719,1377840635,411.0
719,1377840640,407.0
719,1377840645,412.0
719,1377840650,409.0
719,1377840655,407.0
719,1377840660,411.0
719,1377840665,412.0
719,1377840670,411.0
719,1377840675,413.0
719,1377840680,411.0
719,1377840685,413.0
719,1377840690,412.0
719,1377840695,412.0
719,1377840700,412.0
719,1377840705,412.0
719,1377840710,416.0
719,1377840715,411.0
719,1377840720,417.0
719,1377840725,418.0
719,1377840730,407.0
719,1377840735,412.0
719,1377840740,407.0
719,1377840745,409.0
719,1377840750,412.0
719,1377840755,412.0
719,1377840760,412.0
719,1377840765,404.0
719,1377840770,406.0
719,1377840775,401.0
719,1377840780,404.0
719,1377840785,403.0
719,1377840790,404.0
719,1377840795,408.0
719,1377840800,409.0
719,1377840805,412.0
719,1377840810,409.0
719,1377840815,407.0
719,1377840820,406.0
719,1377840825,408.0
719,1377840830,412.0
719,1377840835,411.0
719,1377840840,411.0
719,1377840845,417.0
719,1377840850,413.0
719,1377840855,413.0
719,1377840860,412.0
719,1377840865,407.0
719,1377840870,408.0
719,1377840875,403.0
719,1377840880,407.0
719,1377840885,409.0
719,1377840890,411.0
719,1377840895,413.0
719,1377840900,412.0
719,1377840905,411.0
719,1377840910,416.0
719,1377840915,416.0
719,1377840920,404.0
719,1377840925,404.0
719,1377840930,404.0
719,1377840935,409.0
719,1377840940,412.0
719,1377840945,417.0
719,1377840950,412.0
719,1377840955,412.0
719,1377840960,412.0
719,1377840965,409.0
719,1377840970,406.0
719,1377840975,409.0
719,1377840980,420.0
719,1377840985,420.0
719,1377840990,420.0
719,1377840995,413.0
719,1377841000,411.0
719,1377841005,412.0
719,1377841010,411.0
719,1377841016,412.0
719,1377841020,412.0
719,1377841025,414.0
719,1377841030,407.0
719,1377841035,409.0
719,1377841041,418.0
719,1377841045,407.0
719,1377841050,414.0
719,1377841055,408.0
719,1377841060,406.0
719,1377841065,404.0
719,1377841070,403.0
719,1377841075,416.0
719,1377841080,418.0
719,1377841085,411.0
719,1377841090,413.0
719,1377841095,407.0
719,1377841100,401.0
719,1377841105,406.0
719,1377841110,404.0
719,1377841115,406.0
719,1377841120,403.0
719,1377841125,407.0
719,1377841130,412.0
719,1377841135,416.0
719,1377841140,413.0
719,1377841145,419.0
719,1377841150,424.0
719,1377841155,424.0
719,1377841160,422.0
719,1377841165,411.0
719,1377841170,408.0
719,1377841175,414.0
719,1377841180,401.0
719,1377841185,409.0
719,1377841190,407.0
719,1377841195,412.0
719,1377841200,406.0
719,1377841205,408.0
719,1377841210,404.0
719,1377841215,403.0
719,1377841220,399.0
719,1377841225,406.0
719,1377841230,409.0
719,1377841235,409.0
719,1377841240,411.0
719,1377841245,416.0
719,1377841250,416.0
719,1377841255,411.0
719,1377841260,411.0
719,1377841265,409.0
719,1377841270,403.0
719,1377841275,405.0
719,1377841280,408.0
719,1377841285,407.0
719,1377841290,414.0
719,1377841295,412.0
719,1377841300,413.0
719,1377841305,408.0
719,1377841310,407.0
719,1377841315,414.0
719,1377841320,414.0
719,1377841325,412.0
719,1377841330,411.0
719,1377841335,412.0
719,1377841340,409.0
719,1377841345,416.0
719,1377841350,412.0
719,1377841355,406.0
719,1377841360,406.0
719,1377841365,403.0
719,1377841370,399.0
719,1377841375,399.0
719,1377841380,404.0
719,1377841385,407.0
719,1377841390,411.0
719,1377841395,407.0
719,1377841400,406.0
719,1377841405,406.0
719,1377841410,408.0
719,1377841415,412.0
719,1377841420,407.0
719,1377841425,418.0
719,1377841430,416.0
719,1377841435,416.0
719,1377841440,412.0
719,1377841445,407.0
719,1377841450,407.0
719,1377841455,409.0
719,1377841460,409.0
719,1377841465,407.0
719,1377841470,401.0
719,1377841475,406.0
719,1377841480,408.0
719,1377841485,408.0
719,1377841490,409.0
719,1377841495,418.0
719,1377841500,413.0
719,1377841505,411.0
719,1377841510,411.0
719,1377841515,412.0
719,1377841520,416.0
719,1377841525,411.0
719,1377841530,420.0
719,1377841535,420.0
719,1377841540,415.0
719,1377841545,411.0
719,1377841550,407.0
719,1377841555,404.0
719,1377841560,403.0
719,1377841565,403.0
719,1377841570,408.0
719,1377841575,412.0
719,1377841580,411.0
719,1377841585,418.0
719,1377841590,417.0
719,1377841595,409.0
719,1377841600,408.0
719,1377841605,403.0
719,1377841610,399.0
719,1377841615,401.0
719,1377841620,402.0
719,1377841625,406.0
719,1377841630,406.0
719,1377841635,408.0
719,1377841640,412.0
719,1377841645,412.0
719,1377841650,412.0
719,1377841655,416.0
719,1377841660,409.0
719,1377841665,409.0
719,1377841670,401.0
719,1377841675,404.0
719,1377841680,391.0
719,1377841685,390.0
719,1377841690,395.0
719,1377841695,396.0
719,1377841700,398.0
719,1377841705,403.0
719,1377841710,407.0
719,1377841715,420.0
719,1377841720,422.0
719,1377841725,422.0
719,1377841730,419.0
719,1377841735,419.0
719,1377841740,418.0
719,1377841745,416.0
719,1377841750,417.0
719,1377841755,413.0
719,1377841760,411.0
719,1377841765,408.0
719,1377841770,407.0
719,1377841775,409.0
719,1377841780,412.0
719,1377841785,416.0
719,1377841790,419.0
719,1377841795,420.0
719,1377841801,420.0
719,1377841805,413.0
719,1377841810,411.0
719,1377841815,402.0
719,1377841820,414.0
719,1377841825,403.0
719,1377841830,403.0
719,1377841835,403.0
719,1377841840,406.0
719,1377841845,406.0
719,1377841850,412.0
719,1377841855,407.0
719,1377841860,409.0
719,1377841865,413.0
719,1377841870,407.0
719,1377841875,416.0
719,1377841880,412.0
719,1377841885,411.0
719,1377841890,406.0
719,1377841895,408.0
719,1377841900,404.0
719,1377841905,404.0
719,1377841910,402.0
719,1377841915,401.0
719,1377841920,396.0
719,1377841925,397.0
719,1377841930,399.0
719,1377841935,408.0
719,1377841940,407.0
719,1377841945,408.0
719,1377841950,408.0
719,1377841955,408.0
719,1377841960,403.0
719,1377841965,412.0
719,1377841970,401.0
719,1377841975,404.0
719,1377841980,404.0
719,1377841985,403.0
719,1377841990,397.0
719,1377841995,398.0
719,1377842000,403.0
719,1377842005,401.0
719,1377842010,403.0
719,1377842015,414.0
719,1377842021,404.0
719,1377842025,404.0
719,1377842030,398.0
719,1377842035,404.0
719,1377842040,403.0
719,1377842045,403.0
719,1377842050,408.0
719,1377842055,412.0
719,1377842060,411.0
719,1377842065,409.0
719,1377842070,407.0
719,1377842075,405.0
719,1377842080,406.0
719,1377842085,408.0
719,1377842090,412.0
719,1377842095,403.0
719,1377842100,402.0
719,1377842105,401.0
719,1377842110,398.0
719,1377842115,398.0
719,1377842120,393.0
719,1377842125,400.0
719,1377842130,401.0
719,1377842135,398.0
719,1377842140,403.0
719,1377842145,412.0
719,1377842150,411.0
719,1377842155,409.0
719,1377842160,412.0
719,1377842165,407.0
719,1377842170,404.0
719,1377842175,403.0
719,1377842180,405.0
719,1377842185,408.0
719,1377842190,408.0
719,1377842195,407.0
719,1377842200,407.0
719,1377842205,416.0
719,1377842210,407.0
719,1377842215,407.0
719,1377842220,404.0
719,1377842225,403.0
719,1377842230,406.0
719,1377842235,404.0
719,1377842240,404.0
719,1377842245,408.0
719,1377842250,407.0
719,1377842255,412.0
719,1377842260,411.0
719,1377842265,407.0
719,1377842270,407.0
719,1377842275,407.0
719,1377842280,407.0
719,1377842285,406.0
719,1377842290,403.0
719,1377842295,408.0
719,1377842300,418.0
719,1377842305,407.0
719,1377842310,418.0
719,1377842315,409.0
719,1377842320,418.0
719,1377842325,407.0
719,1377842330,409.0
719,1377842335,404.0
719,1377842340,408.0
719,1377842345,414.0
719,1377842350,406.0
719,1377842355,402.0
719,1377842360,399.0
719,1377842365,403.0
719,1377842370,398.0
719,1377842375,403.0
719,1377842380,403.0
719,1377842385,404.0
719,1377842390,408.0
719,1377842395,409.0
719,1377842400,406.0
719,1377842405,403.0
719,1377842410,402.0
719,1377842415,403.0
719,1377842420,403.0
719,1377842425,403.0
719,1377842430,402.0
719,1377842435,403.0
719,1377842440,397.0
719,1377842445,401.0
719,1377842450,400.0
719,1377842455,403.0
719,1377842460,403.0
719,1377842465,412.0
719,1377842470,406.0
719,1377842475,416.0
719,1377842480,408.0
719,1377842485,403.0
719,1377842490,404.0
719,1377842495,407.0
719,1377842500,409.0
719,1377842505,403.0
719,1377842510,398.0
719,1377842515,398.0
719,1377842520,399.0
719,1377842525,396.0
719,1377842530,401.0
719,1377842535,406.0
719,1377842540,403.0
719,1377842545,399.0
719,1377842550,401.0
719,1377842555,403.0
719,1377842560,404.0
719,1377842565,404.0
719,1377842570,404.0
719,1377842575,403.0
719,1377842580,404.0
719,1377842585,407.0
719,1377842590,416.0
719,1377842595,409.0
719,1377842600,408.0
719,1377842605,407.0
719,1377842610,418.0
719,1377842615,412.0
719,1377842620,413.0
719,1377842625,409.0
719,1377842630,408.0
719,1377842635,398.0
719,1377842640,398.0
719,1377842645,395.0
719,1377842650,396.0
719,1377842655,402.0
719,1377842660,401.0
719,1377842665,401.0
719,1377842670,401.0
719,1377842675,402.0
719,1377842680,396.0
719,1377842685,393.0
719,1377842690,391.0
719,1377842695,401.0
719,1377842700,398.0
719,1377842705,401.0
719,1377842710,398.0
719,1377842715,397.0
719,1377842720,397.0
719,1377842725,398.0
719,1377842730,403.0
719,1377842735,401.0
719,1377842740,391.0
719,1377842745,398.0
719,1377842750,391.0
719,1377842755,396.0
719,1377842760,396.0
719,1377842765,396.0
719,1377842770,398.0
719,1377842775,391.0
719,1377842780,402.0
719,1377842785,402.0
719,1377842790,398.0
719,1377842795,401.0
719,1377842800,401.0
719,1377842805,401.0
719,1377842810,401.0
719,1377842815,400.0
719,1377842820,401.0
719,1377842825,403.0
719,1377842830,406.0
719,1377842835,407.0
719,1377842840,412.0
719,1377842845,406.0
719,1377842850,397.0
719,1377842855,391.0
719,1377842860,391.0
719,1377842865,391.0
719,1377842870,401.0
719,1377842875,406.0
719,1377842880,414.0
719,1377842885,406.0
719,1377842890,407.0
719,1377842895,406.0
719,1377842900,399.0
719,1377842905,404.0
719,1377842910,403.0
719,1377842915,406.0
719,1377842920,409.0
719,1377842925,408.0
719,1377842930,403.0
719,1377842935,406.0
719,1377842940,404.0
719,1377842945,406.0
719,1377842950,403.0
719,1377842955,407.0
719,1377842960,412.0
719,1377842965,412.0
719,1377842970,412.0
719,1377842975,403.0
719,1377842980,408.0
719,1377842985,414.0
719,1377842990,409.0
719,1377842995,409.0
719,1377843000,409.0
719,1377843005,406.0
719,1377843010,408.0
719,1377843015,406.0
719,1377843020,399.0
719,1377843025,401.0
719,1377843030,397.0
719,1377843035,397.0
719,1377843040,400.0
719,1377843045,401.0
719,1377843050,397.0
719,1377843055,403.0
719,1377843060,403.0
719,1377843065,403.0
719,1377843070,403.0
719,1377843075,406.0
719,1377843080,404.0
719,1377843085,408.0
719,1377843090,409.0
719,1377843095,407.0
719,1377843100,411.0
719,1377843105,407.0
719,1377843110,404.0
719,1377843115,398.0
719,1377843120,392.0
719,1377843125,392.0
719,1377843130,398.0
719,1377843135,401.0
719,1377843140,406.0
719,1377843145,406.0
719,1377843150,406.0
719,1377843155,406.0
719,1377843160,403.0
719,1377843165,397.0
719,1377843170,396.0
719,1377843175,387.0
719,1377843180,392.0
719,1377843185,393.0
719,1377843190,402.0
719,1377843195,403.0
719,1377843200,403.0
719,1377843205,408.0
719,1377843210,403.0
719,1377843215,403.0
719,1377843220,403.0
719,1377843225,398.0
719,1377843230,395.0
719,1377843235,391.0
719,1377843240,398.0
719,1377843245,393.0
719,1377843250,391.0
719,1377843255,391.0
719,1377843260,398.0
719,1377843265,390.0
719,1377843270,398.0
719,1377843275,388.0
719,1377843280,385.0
719,1377843285,385.0
719,1377843290,384.0
719,1377843295,380.0
719,1377843300,388.0
719,1377843305,383.0
719,1377843310,396.0
719,1377843315,397.0
719,1377843320,397.0
719,1377843325,403.0
719,1377843330,408.0
719,1377843335,403.0
719,1377843340,408.0
719,1377843345,403.0
719,1377843350,406.0
719,1377843355,407.0
719,1377843360,404.0
719,1377843365,401.0
719,1377843370,401.0
719,1377843375,401.0
719,1377843380,399.0
719,1377843385,406.0
719,1377843390,401.0
719,1377843395,393.0
719,1377843400,390.0
719,1377843405,390.0
719,1377843410,388.0
719,1377843415,390.0
719,1377843420,392.0
719,1377843425,398.0
719,1377843430,398.0
719,1377843435,403.0
719,1377843440,403.0
719,1377843445,403.0
719,1377843450,399.0
719,1377843455,396.0
719,1377843460,393.0
719,1377843465,396.0
719,1377843470,396.0
719,1377843475,401.0
719,1377843480,402.0
719,1377843485,398.0
719,1377843490,401.0
719,1377843495,402.0
719,1377843500,412.0
719,1377843505,412.0
719,1377843510,408.0
719,1377843515,404.0
719,1377843520,401.0
719,1377843525,399.0
719,1377843530,404.0
719,1377843535,406.0
719,1377843540,404.0
719,1377843545,398.0
719,1377843550,396.0
719,1377843555,391.0
719,1377843560,400.0
719,1377843565,402.0
719,1377843570,397.0
719,1377843575,401.0
719,1377843580,395.0
719,1377843585,390.0
719,1377843590,396.0
719,1377843595,396.0
719,1377843600,396.0
719,1377843605,400.0
719,1377843610,396.0
719,1377843615,398.0
719,1377843620,406.0
719,1377843625,412.0
719,1377843630,407.0
719,1377843635,409.0
719,1377843640,406.0
719,1377843645,401.0
719,1377843650,395.0
719,1377843655,393.0
719,1377843660,391.0
719,1377843665,393.0
719,1377843670,401.0
719,1377843675,410.0
719,1377843680,412.0
719,1377843685,413.0
719,1377843690,413.0
719,1377843695,407.0
719,1377843700,403.0
719,1377843705,404.0
719,1377843710,398.0
719,1377843715,396.0
719,1377843720,396.0
719,1377843725,393.0
719,1377843730,393.0
719,1377843735,397.0
719,1377843740,403.0
719,1377843745,402.0
719,1377843750,406.0
719,1377843755,410.0
719,1377843760,408.0
719,1377843765,403.0
719,1377843770,398.0
719,1377843775,401.0
719,1377843780,397.0
719,1377843785,406.0
719,1377843790,403.0
719,1377843795,407.0
719,1377843800,422.0
719,1377843805,412.0
719,1377843810,416.0
719,1377843815,407.0
719,1377843820,412.0
719,1377843825,416.0
719,1377843830,409.0
719,1377843835,408.0
719,1377843840,412.0
719,1377843845,412.0
719,1377843850,408.0
719,1377843855,406.0
719,1377843860,408.0
719,1377843865,407.0
719,1377843870,407.0
719,1377843875,407.0
719,1377843880,411.0
719,1377843885,411.0
719,1377843890,406.0
719,1377843895,406.0
719,1377843900,409.0
719,1377843905,407.0
719,1377843910,416.0
719,1377843915,418.0
719,1377843920,409.0
719,1377843925,413.0
719,1377843930,416.0
719,1377843935,413.0
719,1377843940,411.0
719,1377843945,411.0
719,1377843950,406.0
719,1377843955,407.0
719,1377843960,409.0
719,1377843965,411.0
719,1377843970,411.0
719,1377843975,407.0
719,1377843980,408.0
719,1377843985,407.0
719,1377843990,414.0
719,1377843995,420.0
719,1377844001,418.0
719,1377844005,413.0
719,1377844010,419.0
719,1377844015,415.0
719,1377844020,418.0
719,1377844025,409.0
719,1377844030,409.0
719,1377844035,398.0
719,1377844040,401.0
719,1377844045,398.0
719,1377844050,396.0
719,1377844055,391.0
719,1377844060,396.0
719,1377844065,396.0
719,1377844070,396.0
719,1377844075,398.0
719,1377844080,401.0
719,1377844085,406.0
719,1377844090,409.0
719,1377844095,414.0
719,1377844100,408.0
719,1377844105,403.0
719,1377844110,397.0
719,1377844115,401.0
719,1377844120,397.0
719,1377844125,401.0
719,1377844130,403.0
719,1377844135,399.0
719,1377844140,403.0
719,1377844145,404.0
719,1377844150,401.0
719,1377844155,398.0
719,1377844160,408.0
719,1377844165,406.0
719,1377844170,414.0
719,1377844175,412.0
719,1377844180,418.0
719,1377844185,411.0
719,1377844190,407.0
719,1377844195,407.0
719,1377844200,406.0
719,1377844205,407.0
719,1377844210,407.0
719,1377844215,404.0
719,1377844220,401.0
719,1377844225,409.0
719,1377844230,409.0
719,1377844235,411.0
719,1377844240,419.0
719,1377844245,411.0
719,1377844250,411.0
719,1377844255,412.0
719,1377844260,416.0
719,1377844265,411.0
719,1377844270,411.0
719,1377844275,411.0
719,1377844280,412.0
719,1377844285,407.0
719,1377844290,407.0
719,1377844295,407.0
719,1377844300,407.0
719,1377844305,406.0
719,1377844310,406.0
719,1377844315,407.0
719,1377844320,414.0
719,1377844325,412.0
719,1377844330,411.0
719,1377844335,411.0
719,1377844340,407.0
719,1377844345,407.0
719,1377844350,416.0
719,1377844355,406.0
719,1377844360,403.0
719,1377844365,408.0
719,1377844370,409.0
719,1377844375,409.0
719,1377844380,412.0
719,1377844385,420.0
719,1377844390,419.0
719,1377844395,422.0
719,1377844400,414.0
719,1377844405,408.0
719,1377844410,408.0
719,1377844415,408.0
719,1377844420,409.0
719,1377844425,411.0
719,1377844430,418.0
719,1377844435,417.0
719,1377844440,417.0
719,1377844445,418.0
719,1377844450,422.0
719,1377844455,424.0
719,1377844460,420.0
719,1377844465,413.0
719,1377844470,416.0
719,1377844475,412.0
719,1377844480,412.0
719,1377844485,418.0
719,1377844490,409.0
719,1377844495,406.0
719,1377844500,403.0
719,1377844505,399.0
719,1377844510,406.0
719,1377844515,399.0
719,1377844520,404.0
719,1377844525,403.0
719,1377844530,408.0
719,1377844535,408.0
719,1377844540,412.0
719,1377844545,416.0
719,1377844550,411.0
719,1377844555,418.0
719,1377844560,419.0
719,1377844565,419.0
719,1377844570,419.0
719,1377844575,413.0
719,1377844580,418.0
719,1377844585,411.0
719,1377844590,409.0
719,1377844595,406.0
719,1377844600,407.0
719,1377844605,406.0
719,1377844610,412.0
719,1377844615,416.0
719,1377844620,411.0
719,1377844625,412.0
719,1377844630,409.0
719,1377844635,418.0
719,1377844640,424.0
719,1377844645,425.0
719,1377844650,420.0
719,1377844655,415.0
719,1377844660,414.0
719,1377844665,411.0
719,1377844670,412.0
719,1377844675,412.0
719,1377844680,412.0
719,1377844685,411.0
719,1377844690,413.0
719,1377844695,413.0
719,1377844700,412.0
719,1377844705,413.0
719,1377844710,411.0
719,1377844715,407.0
719,1377844720,406.0
719,1377844725,413.0
719,1377844730,413.0
719,1377844735,420.0
719,1377844740,419.0
719,1377844745,424.0
719,1377844750,422.0
719,1377844755,415.0
719,1377844760,422.0
719,1377844765,409.0
719,1377844770,406.0
719,1377844775,409.0
719,1377844780,412.0
719,1377844785,416.0
719,1377844790,413.0
719,1377844795,423.0
719,1377844800,428.0
719,1377844805,427.0
719,1377844810,430.0
719,1377844815,425.0
719,1377844820,428.0
719,1377844825,423.0
719,1377844830,424.0
719,1377844835,422.0
719,1377844840,424.0
719,1377844845,425.0
719,1377844850,429.0
719,1377844855,428.0
719,1377844860,428.0
719,1377844865,424.0
719,1377844870,424.0
719,1377844875,419.0
719,1377844880,420.0
719,1377844885,413.0
719,1377844890,407.0
719,1377844895,412.0
719,1377844900,411.0
719,1377844905,409.0
719,1377844910,416.0
719,1377844915,408.0
719,1377844920,409.0
719,1377844925,408.0
719,1377844930,411.0
719,1377844935,411.0
719,1377844940,417.0
719,1377844945,415.0
719,1377844950,420.0
719,1377844955,425.0
719,1377844960,422.0
719,1377844965,420.0
719,1377844970,412.0
719,1377844975,422.0
719,1377844980,412.0
719,1377844985,407.0
719,1377844990,408.0
719,1377844995,409.0
719,1377845000,409.0
719,1377845005,419.0
719,1377845010,418.0
719,1377845015,411.0
719,1377845020,411.0
719,1377845025,407.0
719,1377845030,409.0
719,1377845035,412.0
719,1377845040,407.0
719,1377845045,407.0
719,1377845050,411.0
719,1377845055,411.0
719,1377845060,426.0
719,1377845065,419.0
719,1377845070,424.0
719,1377845075,413.0
719,1377845080,412.0
719,1377845085,412.0
719,1377845090,416.0
719,1377845095,418.0
719,1377845100,420.0
719,1377845105,422.0
719,1377845110,419.0
719,1377845115,411.0
719,1377845120,412.0
719,1377845125,406.0
719,1377845130,403.0
719,1377845135,407.0
719,1377845140,407.0
719,1377845145,424.0
719,1377845150,428.0
719,1377845155,423.0
719,1377845160,422.0
719,1377845165,420.0
719,1377845170,413.0
719,1377845176,411.0
719,1377845180,419.0
719,1377845185,428.0
719,1377845190,419.0
719,1377845195,422.0
719,1377845200,419.0
719,1377845205,413.0
719,1377845210,407.0
719,1377845215,415.0
719,1377845220,412.0
719,1377845225,416.0
719,1377845230,413.0
719,1377845235,412.0
719,1377845240,412.0
719,1377845245,407.0
719,1377845250,407.0
719,1377845255,414.0
719,1377845260,417.0
719,1377845265,420.0
719,1377845270,425.0
719,1377845275,433.0
719,1377845280,427.0
719,1377845285,427.0
719,1377845290,422.0
719,1377845295,411.0
719,1377845300,415.0
719,1377845305,425.0
719,1377845310,423.0
719,1377845315,419.0
719,1377845320,430.0
719,1377845325,415.0
719,1377845330,417.0
719,1377845335,415.0
719,1377845340,420.0
719,1377845345,422.0
719,1377845350,419.0
719,1377845355,415.0
719,1377845360,415.0
719,1377845365,422.0
719,1377845370,415.0
719,1377845375,411.0
719,1377845380,413.0
719,1377845385,412.0
719,1377845390,412.0
719,1377845395,411.0
719,1377845400,419.0
719,1377845405,415.0
719,1377845410,425.0
719,1377845415,430.0
719,1377845420,423.0
719,1377845425,423.0
719,1377845430,424.0
719,1377845435,424.0
719,1377845440,420.0
719,1377845445,413.0
719,1377845450,412.0
719,1377845455,416.0
719,1377845460,408.0
719,1377845465,406.0
719,1377845470,412.0
719,1377845475,416.0
719,1377845481,417.0
719,1377845485,416.0
719,1377845490,413.0
719,1377845495,407.0
719,1377845500,411.0
719,1377845507,418.0
719,1377845510,422.0
719,1377845515,418.0
719,1377845520,420.0
719,1377845525,419.0
719,1377845530,418.0
719,1377845535,413.0
719,1377845540,411.0
719,1377845545,411.0
719,1377845550,411.0
719,1377845555,416.0
719,1377845560,418.0
719,1377845565,416.0
719,1377845570,407.0
719,1377845575,412.0
719,1377845580,411.0
719,1377845585,409.0
719,1377845590,411.0
719,1377845595,420.0
719,1377845600,419.0
719,1377845605,419.0
719,1377845610,415.0
719,1377845615,413.0
719,1377845620,413.0
719,1377845625,415.0
719,1377845630,424.0
719,1377845635,430.0
719,1377845640,430.0
719,1377845645,419.0
719,1377845650,411.0
719,1377845655,412.0
719,1377845660,416.0
719,1377845665,418.0
719,1377845670,424.0
719,1377845675,422.0
719,1377845680,427.0
719,1377845685,431.0
719,1377845690,423.0
719,1377845695,428.0
719,1377845700,422.0
719,1377845705,424.0
719,1377845710,413.0
719,1377845715,420.0
719,1377845720,413.0
719,1377845725,411.0
719,1377845730,406.0
719,1377845735,405.0
719,1377845740,408.0
719,1377845745,407.0
719,1377845750,411.0
719,1377845755,412.0
719,1377845760,411.0
719,1377845765,412.0
719,1377845770,418.0
719,1377845775,411.0
719,1377845780,419.0
719,1377845785,422.0
719,1377845790,419.0
719,1377845795,419.0
719,1377845800,419.0
719,1377845805,415.0
719,1377845810,423.0
719,1377845815,424.0
719,1377845820,423.0
719,1377845825,424.0
719,1377845830,419.0
719,1377845835,419.0
719,1377845840,430.0
719,1377845845,423.0
719,1377845850,435.0
719,1377845855,430.0
719,1377845860,435.0
719,1377845865,435.0
719,1377845870,433.0
719,1377845875,423.0
719,1377845880,419.0
719,1377845885,413.0
719,1377845890,420.0
719,1377845895,422.0
719,1377845900,422.0
719,1377845905,419.0
719,1377845910,422.0
719,1377845915,419.0
719,1377845920,411.0
719,1377845925,418.0
719,1377845930,419.0
719,1377845935,422.0
719,1377845940,428.0
719,1377845945,425.0
719,1377845950,423.0
719,1377845955,422.0
719,1377845960,418.0
719,1377845965,411.0
719,1377845970,407.0
719,1377845975,412.0
719,1377845980,412.0
719,1377845985,407.0
719,1377845990,411.0
719,1377845995,420.0
719,1377846000,422.0
719,1377846005,423.0
719,1377846010,424.0
719,1377846015,422.0
719,1377846020,425.0
719,1377846025,422.0
719,1377846030,425.0
719,1377846035,420.0
719,1377846040,417.0
719,1377846045,417.0
719,1377846050,418.0
719,1377846055,422.0
719,1377846060,422.0
719,1377846065,412.0
719,1377846070,422.0
719,1377846075,416.0
719,1377846080,419.0
719,1377846085,415.0
719,1377846090,418.0
719,1377846095,419.0
719,1377846100,423.0
719,1377846105,428.0
719,1377846110,425.0
719,1377846115,427.0
719,1377846120,433.0
719,1377846125,432.0
719,1377846130,422.0
719,1377846135,428.0
719,1377846140,422.0
719,1377846145,419.0
719,1377846150,419.0
719,1377846155,419.0
719,1377846160,419.0
719,1377846165,419.0
719,1377846170,422.0
719,1377846175,430.0
719,1377846180,424.0
719,1377846185,428.0
719,1377846190,419.0
719,1377846195,417.0
719,1377846200,407.0
719,1377846205,415.0
719,1377846210,416.0
719,1377846215,419.0
719,1377846220,418.0
719,1377846225,411.0
719,1377846230,422.0
719,1377846235,420.0
719,1377846240,419.0
719,1377846245,428.0
719,1377846250,424.0
719,1377846255,423.0
719,1377846260,424.0
719,1377846265,423.0
719,1377846270,424.0
719,1377846275,418.0
719,1377846280,419.0
719,1377846285,415.0
719,1377846290,419.0
719,1377846295,417.0
719,1377846300,418.0
719,1377846305,406.0
719,1377846310,407.0
719,1377846315,403.0
719,1377846320,403.0
719,1377846325,412.0
719,1377846330,409.0
719,1377846335,416.0
719,1377846340,415.0
719,1377846345,424.0
719,1377846350,425.0
719,1377846355,422.0
719,1377846360,430.0
719,1377846365,424.0
719,1377846370,428.0
719,1377846375,422.0
719,1377846380,428.0
719,1377846385,423.0
719,1377846390,422.0
719,1377846395,424.0
719,1377846400,422.0
719,1377846405,422.0
719,1377846410,422.0
719,1377846415,420.0
719,1377846420,413.0
719,1377846425,420.0
719,1377846430,415.0
719,1377846435,419.0
719,1377846440,411.0
719,1377846445,416.0
719,1377846450,412.0
719,1377846455,411.0
719,1377846460,409.0
719,1377846465,411.0
719,1377846470,416.0
719,1377846475,408.0
719,1377846480,408.0
719,1377846485,418.0
719,1377846490,418.0
719,1377846495,420.0
719,1377846500,424.0
719,1377846505,415.0
719,1377846510,419.0
719,1377846515,411.0
719,1377846520,419.0
719,1377846525,422.0
719,1377846530,425.0
719,1377846535,429.0
719,1377846540,430.0
719,1377846545,422.0
719,1377846551,422.0
719,1377846555,415.0
719,1377846560,424.0
719,1377846565,430.0
719,1377846570,423.0
719,1377846575,415.0
719,1377846580,430.0
719,1377846585,413.0
719,1377846590,419.0
719,1377846595,419.0
719,1377846600,415.0
719,1377846605,420.0
719,1377846610,424.0
719,1377846615,413.0
719,1377846620,407.0
719,1377846625,409.0
719,1377846630,406.0
719,1377846635,406.0
719,1377846640,412.0
719,1377846645,407.0
719,1377846650,407.0
719,1377846655,411.0
719,1377846660,420.0
719,1377846665,420.0
719,1377846670,411.0
719,1377846675,413.0
719,1377846680,422.0
719,1377846685,419.0
719,1377846690,418.0
719,1377846695,422.0
719,1377846700,420.0
719,1377846705,425.0
719,1377846710,422.0
719,1377846715,420.0
719,1377846720,422.0
719,1377846725,411.0
719,1377846730,407.0
719,1377846735,428.0
719,1377846740,416.0
719,1377846745,415.0
719,1377846750,416.0
719,1377846755,411.0
719,1377846760,412.0
719,1377846765,407.0
719,1377846770,407.0
719,1377846775,412.0
719,1377846780,419.0
719,1377846785,419.0
719,1377846790,420.0
719,1377846795,422.0
719,1377846800,419.0
719,1377846805,412.0
719,1377846810,412.0
719,1377846815,414.0
719,1377846820,411.0
719,1377846825,411.0
719,1377846830,420.0
719,1377846835,413.0
719,1377846840,415.0
719,1377846845,413.0
719,1377846850,424.0
719,1377846855,422.0
719,1377846860,422.0
719,1377846865,418.0
719,1377846870,419.0
719,1377846875,413.0
719,1377846880,419.0
719,1377846885,419.0
719,1377846890,419.0
719,1377846895,415.0
719,1377846900,422.0
719,1377846905,411.0
719,1377846910,406.0
719,1377846915,407.0
719,1377846920,407.0
719,1377846925,422.0
719,1377846930,416.0
719,1377846935,406.0
719,1377846940,418.0
719,1377846945,419.0
719,1377846950,420.0
719,1377846955,420.0
719,1377846960,420.0
719,1377846965,417.0
719,1377846970,418.0
719,1377846975,411.0
719,1377846980,412.0
719,1377846985,411.0
719,1377846990,413.0
719,1377846995,411.0
719,1377847000,419.0
719,1377847005,418.0
719,1377847010,415.0
719,1377847015,424.0
719,1377847020,423.0
719,1377847025,418.0
719,1377847030,420.0
719,1377847035,407.0
719,1377847040,409.0
719,1377847045,413.0
719,1377847050,419.0
719,1377847055,422.0
719,1377847060,428.0
719,1377847065,425.0
719,1377847070,428.0
719,1377847075,430.0
719,1377847080,430.0
719,1377847085,430.0
719,1377847090,428.0
719,1377847095,425.0
719,1377847100,422.0
719,1377847105,413.0
719,1377847110,413.0
719,1377847115,417.0
719,1377847120,423.0
719,1377847125,423.0
719,1377847130,423.0
719,1377847135,432.0
719,1377847140,430.0
719,1377847145,429.0
719,1377847150,429.0
719,1377847155,432.0
719,1377847160,425.0
719,1377847165,419.0
719,1377847170,419.0
719,1377847175,420.0
719,1377847180,419.0
719,1377847185,423.0
719,1377847190,424.0
719,1377847195,424.0
719,1377847200,419.0
719,1377847205,420.0
719,1377847210,419.0
719,1377847215,424.0
719,1377847220,422.0
719,1377847225,420.0
719,1377847230,416.0
719,1377847235,407.0
719,1377847240,412.0
719,1377847245,411.0
719,1377847250,418.0
719,1377847255,424.0
719,1377847260,430.0
719,1377847265,425.0
719,1377847270,425.0
719,1377847275,423.0
719,1377847280,419.0
719,1377847285,412.0
719,1377847290,412.0
719,1377847295,407.0
719,1377847300,411.0
719,1377847305,407.0
719,1377847310,414.0
719,1377847315,411.0
719,1377847320,413.0
719,1377847325,419.0
719,1377847330,420.0
719,1377847335,425.0
719,1377847340,423.0
719,1377847345,424.0
719,1377847350,424.0
719,1377847355,424.0
719,1377847360,424.0
719,1377847365,424.0
719,1377847370,419.0
719,1377847375,419.0
719,1377847380,417.0
719,1377847385,417.0
719,1377847390,422.0
719,1377847395,418.0
719,1377847400,413.0
719,1377847405,413.0
719,1377847410,419.0
719,1377847415,420.0
719,1377847420,417.0
719,1377847425,419.0
719,1377847430,423.0
719,1377847435,422.0
719,1377847440,420.0
719,1377847445,425.0
719,1377847450,424.0
719,1377847455,429.0
719,1377847460,427.0
719,1377847465,428.0
719,1377847470,422.0
719,1377847475,416.0
719,1377847480,416.0
719,1377847485,412.0
719,1377847490,418.0
719,1377847495,416.0
719,1377847500,418.0
719,1377847505,415.0
719,1377847510,424.0
719,1377847515,422.0
719,1377847520,422.0
719,1377847525,415.0
719,1377847530,422.0
719,1377847535,420.0
719,1377847540,424.0
719,1377847545,419.0
719,1377847550,418.0
719,1377847555,413.0
719,1377847560,413.0
719,1377847565,420.0
719,1377847570,419.0
719,1377847575,418.0
719,1377847580,419.0
719,1377847585,422.0
719,1377847590,430.0
719,1377847595,415.0
719,1377847600,424.0
719,1377847605,419.0
719,1377847610,428.0
719,1377847615,424.0
719,1377847620,424.0
719,1377847625,425.0
719,1377847630,428.0
719,1377847635,428.0
719,1377847640,428.0
719,1377847645,425.0
719,1377847650,424.0
719,1377847655,422.0
719,1377847660,420.0
719,1377847665,420.0
719,1377847670,411.0
719,1377847675,419.0
719,1377847680,418.0
719,1377847685,412.0
719,1377847690,412.0
719,1377847695,412.0
719,1377847700,409.0
719,1377847705,412.0
719,1377847710,404.0
719,1377847715,408.0
719,1377847720,407.0
719,1377847725,418.0
719,1377847730,413.0
719,1377847735,422.0
719,1377847740,422.0
719,1377847745,415.0
719,1377847750,422.0
719,1377847755,428.0
719,1377847760,428.0
719,1377847765,425.0
719,1377847770,419.0
719,1377847775,419.0
719,1377847780,418.0
719,1377847785,422.0
719,1377847790,422.0
719,1377847795,422.0
719,1377847800,423.0
719,1377847805,423.0
719,1377847810,428.0
719,1377847815,424.0
719,1377847820,428.0
719,1377847825,413.0
719,1377847830,419.0
719,1377847835,418.0
719,1377847840,422.0
719,1377847845,418.0
719,1377847850,428.0
719,1377847855,428.0
719,1377847860,433.0
719,1377847865,432.0
719,1377847870,427.0
719,1377847875,428.0
719,1377847880,422.0
719,1377847885,417.0
719,1377847890,411.0
719,1377847895,412.0
719,1377847900,412.0
719,1377847905,409.0
719,1377847910,422.0
719,1377847915,424.0
719,1377847920,425.0
719,1377847925,425.0
719,1377847930,419.0
719,1377847935,424.0
719,1377847940,418.0
719,1377847945,419.0
719,1377847950,413.0
719,1377847955,420.0
719,1377847960,430.0
719,1377847965,428.0
719,1377847970,430.0
719,1377847975,424.0
719,1377847980,413.0
719,1377847985,415.0
719,1377847990,413.0
719,1377847995,413.0
719,1377848000,418.0
719,1377848005,413.0
719,1377848010,420.0
719,1377848015,419.0
719,1377848020,415.0
719,1377848025,425.0
719,1377848030,425.0
719,1377848035,424.0
719,1377848040,415.0
719,1377848045,411.0
719,1377848050,409.0
719,1377848055,409.0
719,1377848060,407.0
719,1377848065,412.0
719,1377848070,413.0
719,1377848075,419.0
719,1377848081,422.0
719,1377848085,422.0
719,1377848090,424.0
719,1377848095,413.0
719,1377848100,420.0
719,1377848105,418.0
719,1377848110,424.0
719,1377848115,422.0
719,1377848120,423.0
719,1377848125,424.0
719,1377848130,419.0
719,1377848135,411.0
719,1377848140,411.0
719,1377848145,412.0
719,1377848150,412.0
719,1377848155,407.0
719,1377848160,418.0
719,1377848165,413.0
719,1377848170,415.0
719,1377848175,415.0
719,1377848180,413.0
719,1377848185,419.0
719,1377848190,415.0
719,1377848195,417.0
719,1377848200,419.0
719,1377848205,419.0
719,1377848210,420.0
719,1377848215,420.0
719,1377848220,422.0
719,1377848225,411.0
719,1377848230,411.0
719,1377848235,409.0
719,1377848240,412.0
719,1377848245,409.0
719,1377848250,412.0
719,1377848255,407.0
719,1377848260,411.0
719,1377848265,418.0
719,1377848270,419.0
719,1377848275,419.0
719,1377848280,424.0
719,1377848285,422.0
719,1377848290,422.0
719,1377848295,420.0
719,1377848300,411.0
719,1377848305,413.0
719,1377848310,407.0
719,1377848315,412.0
719,1377848320,422.0
719,1377848325,420.0
719,1377848330,422.0
719,1377848335,415.0
719,1377848340,415.0
719,1377848345,412.0
719,1377848350,407.0
719,1377848355,411.0
719,1377848360,420.0
719,1377848365,415.0
719,1377848370,415.0
719,1377848375,418.0
719,1377848380,407.0
719,1377848385,412.0
719,1377848390,411.0
719,1377848395,412.0
719,1377848400,419.0
719,1377848405,424.0
719,1377848410,423.0
719,1377848415,430.0
719,1377848420,419.0
719,1377848425,420.0
719,1377848430,413.0
719,1377848435,419.0
719,1377848440,411.0
719,1377848445,419.0
719,1377848450,419.0
719,1377848455,428.0
719,1377848460,413.0
719,1377848465,420.0
719,1377848470,419.0
719,1377848475,420.0
719,1377848480,422.0
719,1377848485,423.0
719,1377848490,422.0
719,1377848495,424.0
719,1377848500,415.0
719,1377848506,411.0
719,1377848510,406.0
719,1377848515,406.0
719,1377848520,407.0
719,1377848525,414.0
719,1377848530,412.0
719,1377848535,411.0
719,1377848540,412.0
719,1377848545,422.0
719,1377848550,423.0
719,1377848555,430.0
719,1377848560,432.0
719,1377848565,428.0
719,1377848570,413.0
719,1377848575,414.0
719,1377848580,414.0
719,1377848585,407.0
719,1377848590,414.0
719,1377848595,419.0
719,1377848600,422.0
719,1377848605,428.0
719,1377848610,429.0
719,1377848615,428.0
719,1377848620,427.0
719,1377848625,420.0
719,1377848630,417.0
719,1377848635,418.0
719,1377848640,411.0
719,1377848646,407.0
719,1377848650,411.0
719,1377848655,411.0
719,1377848660,411.0
719,1377848665,413.0
719,1377848670,420.0
719,1377848675,419.0
719,1377848680,420.0
719,1377848685,418.0
719,1377848690,419.0
719,1377848695,418.0
719,1377848700,415.0
719,1377848705,413.0
719,1377848710,419.0
719,1377848715,425.0
719,1377848720,420.0
719,1377848725,413.0
719,1377848730,420.0
719,1377848735,411.0
719,1377848740,407.0
719,1377848745,418.0
719,1377848750,422.0
719,1377848755,418.0
719,1377848760,416.0
719,1377848765,412.0
719,1377848770,412.0
719,1377848775,412.0
719,1377848780,407.0
719,1377848785,407.0
719,1377848790,413.0
719,1377848795,419.0
719,1377848800,422.0
719,1377848805,424.0
719,1377848810,417.0
719,1377848815,411.0
719,1377848820,409.0
719,1377848825,407.0
719,1377848830,412.0
719,1377848835,418.0
719,1377848840,422.0
719,1377848845,422.0
719,1377848850,424.0
719,1377848855,424.0
719,1377848860,419.0
719,1377848865,424.0
719,1377848870,429.0
719,1377848875,423.0
719,1377848880,423.0
719,1377848885,415.0
719,1377848890,411.0
719,1377848895,407.0
719,1377848900,412.0
719,1377848905,408.0
719,1377848910,411.0
719,1377848915,411.0
719,1377848920,413.0
719,1377848925,413.0
719,1377848930,406.0
719,1377848935,412.0
719,1377848940,412.0
719,1377848945,411.0
719,1377848950,409.0
719,1377848955,416.0
719,1377848960,414.0
719,1377848965,407.0
719,1377848970,411.0
719,1377848975,412.0
719,1377848980,409.0
719,1377848985,409.0
719,1377848990,403.0
719,1377848995,403.0
719,1377849000,397.0
719,1377849005,401.0
719,1377849010,404.0
719,1377849015,409.0
719,1377849020,412.0
719,1377849025,420.0
719,1377849030,418.0
719,1377849035,415.0
719,1377849040,413.0
719,1377849045,411.0
719,1377849050,419.0
719,1377849055,420.0
719,1377849060,420.0
719,1377849065,420.0
719,1377849070,420.0
719,1377849075,424.0
719,1377849080,423.0
719,1377849086,422.0
719,1377849090,424.0
719,1377849095,419.0
719,1377849100,412.0
719,1377849105,416.0
719,1377849110,413.0
719,1377849115,407.0
719,1377849120,411.0
719,1377849125,413.0
719,1377849130,413.0
719,1377849135,411.0
719,1377849140,413.0
719,1377849145,420.0
719,1377849150,423.0
719,1377849155,419.0
719,1377849160,418.0
719,1377849165,418.0
719,1377849170,411.0
719,1377849175,409.0
719,1377849180,406.0
719,1377849185,407.0
719,1377849190,412.0
719,1377849195,418.0
719,1377849200,420.0
719,1377849206,424.0
719,1377849210,419.0
719,1377849215,419.0
719,1377849220,413.0
719,1377849225,418.0
719,1377849230,411.0
719,1377849235,413.0
719,1377849240,411.0
719,1377849245,422.0
719,1377849250,407.0
719,1377849255,413.0
719,1377849260,418.0
719,1377849265,419.0
719,1377849270,420.0
719,1377849275,420.0
719,1377849280,419.0
719,1377849285,417.0
719,1377849290,411.0
719,1377849295,411.0
719,1377849300,407.0
719,1377849305,412.0
719,1377849310,414.0
719,1377849315,412.0
719,1377849320,411.0
719,1377849325,407.0
719,1377849330,412.0
719,1377849335,411.0
719,1377849340,411.0
719,1377849345,413.0
719,1377849350,411.0
719,1377849355,413.0
719,1377849360,430.0
719,1377849365,415.0
719,1377849370,415.0
719,1377849375,413.0
719,1377849380,417.0
719,1377849385,415.0
719,1377849390,416.0
719,1377849395,407.0
719,1377849400,409.0
719,1377849405,406.0
719,1377849410,409.0
719,1377849415,409.0
719,1377849420,408.0
719,1377849425,406.0
719,1377849430,408.0
719,1377849435,408.0
719,1377849440,412.0
719,1377849445,422.0
719,1377849450,413.0
719,1377849455,424.0
719,1377849460,424.0
719,1377849465,419.0
719,1377849470,420.0
719,1377849475,409.0
719,1377849480,406.0
719,1377849485,412.0
719,1377849490,407.0
719,1377849495,413.0
719,1377849500,420.0
719,1377849505,424.0
719,1377849510,422.0
719,1377849515,419.0
719,1377849520,413.0
719,1377849525,422.0
719,1377849530,412.0
719,1377849535,411.0
719,1377849540,418.0
719,1377849545,409.0
719,1377849550,414.0
719,1377849555,412.0
719,1377849560,418.0
719,1377849565,411.0
719,1377849570,413.0
719,1377849575,413.0
719,1377849580,417.0
719,1377849585,420.0
719,1377849590,419.0
719,1377849595,424.0
719,1377849600,425.0
719,1377849605,422.0
719,1377849610,417.0
719,1377849615,411.0
719,1377849620,430.0
719,1377849625,413.0
719,1377849630,413.0
719,1377849635,422.0
719,1377849640,424.0
719,1377849645,419.0
719,1377849650,419.0
719,1377849655,420.0
719,1377849660,413.0
719,1377849665,422.0
719,1377849670,413.0
719,1377849675,415.0
719,1377849680,411.0
719,1377849685,409.0
719,1377849690,408.0
719,1377849695,406.0
719,1377849700,412.0
719,1377849705,416.0
719,1377849710,413.0
719,1377849715,415.0
719,1377849720,411.0
719,1377849725,419.0
719,1377849730,418.0
719,1377849735,415.0
719,1377849740,418.0
719,1377849745,428.0
719,1377849750,418.0
719,1377849755,420.0
719,1377849760,420.0
719,1377849765,418.0
719,1377849770,407.0
719,1377849775,412.0
719,1377849780,411.0
719,1377849785,411.0
719,1377849790,416.0
719,1377849795,417.0
719,1377849800,413.0
719,1377849805,406.0
719,1377849810,414.0
719,1377849815,412.0
719,1377849820,411.0
719,1377849825,413.0
719,1377849830,413.0
719,1377849835,416.0
719,1377849840,414.0
719,1377849845,409.0
719,1377849850,411.0
719,1377849855,407.0
719,1377849860,412.0
719,1377849865,420.0
719,1377849870,412.0
719,1377849875,407.0
719,1377849880,406.0
719,1377849885,397.0
719,1377849890,403.0
719,1377849895,401.0
719,1377849900,409.0
719,1377849905,411.0
719,1377849910,412.0
719,1377849915,412.0
719,1377849920,409.0
719,1377849925,406.0
719,1377849930,409.0
719,1377849935,412.0
719,1377849940,419.0
719,1377849945,424.0
719,1377849950,422.0
719,1377849955,419.0
719,1377849960,413.0
719,1377849965,407.0
719,1377849970,412.0
719,1377849975,411.0
719,1377849980,412.0
719,1377849985,414.0
719,1377849990,409.0
719,1377849995,422.0
719,1377850000,420.0
719,1377850005,419.0
719,1377850010,411.0
719,1377850015,406.0
719,1377850020,403.0
719,1377850025,403.0
719,1377850030,406.0
719,1377850035,408.0
719,1377850040,412.0
719,1377850045,409.0
719,1377850050,407.0
719,1377850055,407.0
719,1377850060,409.0
719,1377850065,416.0
719,1377850070,418.0
719,1377850075,419.0
719,1377850080,423.0
719,1377850085,424.0
719,1377850090,423.0
719,1377850095,411.0
719,1377850100,413.0
719,1377850105,407.0
719,1377850110,415.0
719,1377850115,422.0
719,1377850120,419.0
719,1377850125,416.0
719,1377850130,416.0
719,1377850135,411.0
719,1377850140,414.0
719,1377850145,411.0
719,1377850150,406.0
719,1377850155,416.0
719,1377850160,409.0
719,1377850165,407.0
719,1377850170,409.0
719,1377850175,411.0
719,1377850180,414.0
719,1377850185,416.0
719,1377850190,413.0
719,1377850195,419.0
719,1377850200,422.0
719,1377850205,422.0
719,1377850210,424.0
719,1377850215,422.0
719,1377850220,424.0
719,1377850225,430.0
719,1377850230,428.0
719,1377850235,422.0
719,1377850240,419.0
719,1377850245,419.0
719,1377850250,411.0
719,1377850255,413.0
719,1377850260,411.0
719,1377850265,412.0
719,1377850270,407.0
719,1377850275,418.0
719,1377850280,407.0
719,1377850285,409.0
719,1377850291,406.0
719,1377850295,412.0
719,1377850300,413.0
719,1377850305,419.0
719,1377850310,419.0
719,1377850315,419.0
719,1377850320,422.0
719,1377850325,419.0
719,1377850330,419.0
719,1377850335,422.0
719,1377850340,419.0
719,1377850345,420.0
719,1377850350,418.0
719,1377850355,419.0
719,1377850360,413.0
719,1377850365,413.0
719,1377850370,419.0
719,1377850375,411.0
719,1377850380,411.0
719,1377850385,422.0
719,1377850390,413.0
719,1377850395,413.0
719,1377850400,411.0
719,1377850405,411.0
719,1377850410,413.0
719,1377850415,413.0
719,1377850420,412.0
719,1377850425,412.0
719,1377850430,411.0
719,1377850435,409.0
719,1377850440,406.0
719,1377850445,407.0
719,1377850450,407.0
719,1377850455,417.0
719,1377850460,419.0
719,1377850465,425.0
719,1377850470,420.0
719,1377850475,420.0
719,1377850480,413.0
719,1377850485,413.0
719,1377850490,413.0
719,1377850495,415.0
719,1377850500,415.0
719,1377850505,422.0
719,1377850510,411.0
719,1377850515,412.0
719,1377850520,409.0
719,1377850525,406.0
719,1377850530,409.0
719,1377850535,412.0
719,1377850540,415.0
719,1377850545,413.0
719,1377850550,415.0
719,1377850555,413.0
719,1377850560,411.0
719,1377850565,413.0
719,1377850570,420.0
719,1377850575,411.0
719,1377850580,422.0
719,1377850585,418.0
719,1377850590,422.0
719,1377850595,413.0
719,1377850600,419.0
719,1377850605,418.0
719,1377850610,419.0
719,1377850615,415.0
719,1377850620,413.0
719,1377850625,407.0
719,1377850631,412.0
719,1377850635,416.0
719,1377850640,409.0
719,1377850645,412.0
719,1377850650,412.0
719,1377850655,411.0
719,1377850660,407.0
719,1377850665,407.0
719,1377850670,407.0
719,1377850675,414.0
719,1377850680,408.0
719,1377850685,408.0
719,1377850690,406.0
719,1377850696,409.0
719,1377850700,413.0
719,1377850706,415.0
719,1377850710,418.0
719,1377850715,415.0
719,1377850720,418.0
719,1377850725,416.0
719,1377850730,414.0
719,1377850735,420.0
719,1377850740,411.0
719,1377850745,407.0
719,1377850750,412.0
719,1377850755,417.0
719,1377850760,407.0
719,1377850765,411.0
719,1377850770,419.0
719,1377850775,419.0
719,1377850780,419.0
719,1377850785,419.0
719,1377850790,416.0
719,1377850795,409.0
719,1377850800,412.0
719,1377850805,416.0
719,1377850810,409.0
719,1377850815,409.0
719,1377850820,412.0
719,1377850825,408.0
719,1377850830,412.0
719,1377850835,416.0
719,1377850840,418.0
719,1377850845,411.0
719,1377850850,418.0
719,1377850855,416.0
719,1377850860,412.0
719,1377850865,412.0
719,1377850870,412.0
719,1377850875,409.0
719,1377850880,416.0
719,1377850885,407.0
719,1377850890,412.0
719,1377850895,418.0
719,1377850900,419.0
719,1377850905,419.0
719,1377850910,418.0
719,1377850915,415.0
719,1377850920,419.0
719,1377850925,424.0
719,1377850930,418.0
719,1377850935,418.0
719,1377850940,413.0
719,1377850945,418.0
719,1377850950,407.0
719,1377850955,409.0
719,1377850960,409.0
719,1377850965,409.0
719,1377850970,409.0
719,1377850975,406.0
719,1377850980,406.0
719,1377850985,406.0
719,1377850990,407.0
719,1377850995,407.0
719,1377851000,406.0
719,1377851005,420.0
719,1377851010,406.0
719,1377851015,411.0
719,1377851020,417.0
719,1377851025,413.0
719,1377851030,413.0
719,1377851035,411.0
719,1377851040,416.0
719,1377851045,413.0
719,1377851050,413.0
719,1377851055,407.0
719,1377851060,407.0
719,1377851065,407.0
719,1377851070,409.0
719,1377851075,409.0
719,1377851080,406.0
719,1377851085,408.0
719,1377851090,403.0
719,1377851095,403.0
719,1377851100,406.0
719,1377851105,406.0
719,1377851110,416.0
719,1377851115,416.0
719,1377851120,416.0
719,1377851125,409.0
719,1377851130,407.0
719,1377851135,403.0
719,1377851140,404.0
719,1377851145,403.0
719,1377851150,401.0
719,1377851155,407.0
719,1377851160,409.0
719,1377851165,411.0
719,1377851170,409.0
719,1377851175,407.0
719,1377851180,416.0
719,1377851185,419.0
719,1377851190,419.0
719,1377851195,418.0
719,1377851200,411.0
719,1377851205,419.0
719,1377851210,411.0
719,1377851215,418.0
719,1377851220,418.0
719,1377851225,418.0
719,1377851230,413.0
719,1377851235,409.0
719,1377851240,416.0
719,1377851245,416.0
719,1377851250,412.0
719,1377851255,415.0
719,1377851260,406.0
719,1377851265,409.0
719,1377851270,416.0
719,1377851275,420.0
719,1377851280,422.0
719,1377851285,424.0
719,1377851290,423.0
719,1377851295,415.0
719,1377851300,419.0
719,1377851305,411.0
719,1377851310,411.0
719,1377851315,414.0
719,1377851320,414.0
719,1377851325,412.0
719,1377851330,416.0
719,1377851335,411.0
719,1377851340,416.0
719,1377851345,409.0
719,1377851350,412.0
719,1377851355,402.0
719,1377851360,401.0
719,1377851365,402.0
719,1377851370,406.0
719,1377851375,418.0
719,1377851380,423.0
719,1377851385,419.0
719,1377851390,416.0
719,1377851395,408.0
719,1377851400,403.0
719,1377851405,404.0
719,1377851410,406.0
719,1377851415,409.0
719,1377851420,412.0
719,1377851425,406.0
719,1377851430,406.0
719,1377851435,408.0
719,1377851440,408.0
719,1377851445,406.0
719,1377851450,404.0
719,1377851456,406.0
719,1377851460,409.0
719,1377851465,407.0
719,1377851470,414.0
719,1377851475,407.0
719,1377851480,399.0
719,1377851485,412.0
719,1377851490,407.0
719,1377851495,407.0
719,1377851500,409.0
719,1377851505,420.0
719,1377851510,403.0
719,1377851515,402.0
719,1377851520,403.0
719,1377851525,403.0
719,1377851530,408.0
719,1377851535,407.0
719,1377851540,417.0
719,1377851545,415.0
719,1377851550,420.0
719,1377851555,424.0
719,1377851560,419.0
719,1377851565,420.0
719,1377851570,420.0
719,1377851575,411.0
719,1377851580,418.0
719,1377851585,411.0
719,1377851590,413.0
719,1377851595,409.0
719,1377851600,414.0
719,1377851605,412.0
719,1377851610,413.0
719,1377851615,411.0
719,1377851620,418.0
719,1377851625,411.0
719,1377851630,419.0
719,1377851635,416.0
719,1377851640,409.0
719,1377851645,403.0
719,1377851650,401.0
719,1377851655,407.0
719,1377851660,411.0
719,1377851665,420.0
719,1377851670,406.0
719,1377851675,407.0
719,1377851680,411.0
719,1377851685,411.0
719,1377851690,412.0
719,1377851695,411.0
719,1377851700,411.0
719,1377851705,417.0
719,1377851710,411.0
719,1377851715,411.0
719,1377851720,416.0
719,1377851725,412.0
719,1377851730,407.0
719,1377851735,420.0
719,1377851740,416.0
719,1377851745,406.0
719,1377851750,411.0
719,1377851755,413.0
719,1377851760,409.0
719,1377851765,412.0
719,1377851770,409.0
719,1377851775,406.0
719,1377851780,406.0
719,1377851785,409.0
719,1377851790,412.0
719,1377851795,409.0
719,1377851800,411.0
719,1377851805,406.0
719,1377851810,408.0
719,1377851815,398.0
719,1377851820,406.0
719,1377851825,406.0
719,1377851830,416.0
719,1377851835,413.0
719,1377851840,422.0
719,1377851845,419.0
719,1377851850,419.0
719,1377851855,407.0
719,1377851860,407.0
719,1377851865,409.0
719,1377851870,413.0
719,1377851875,416.0
719,1377851880,412.0
719,1377851885,407.0
719,1377851890,408.0
719,1377851895,414.0
719,1377851900,407.0
719,1377851905,411.0
719,1377851910,409.0
719,1377851915,416.0
719,1377851920,407.0
719,1377851925,413.0
719,1377851930,407.0
719,1377851935,407.0
719,1377851940,409.0
719,1377851945,406.0
719,1377851950,399.0
719,1377851955,404.0
719,1377851960,409.0
719,1377851965,411.0
719,1377851970,413.0
719,1377851975,411.0
719,1377851980,412.0
719,1377851985,413.0
719,1377851990,412.0
719,1377851995,411.0
719,1377852000,419.0
719,1377852005,428.0
719,1377852010,428.0
719,1377852015,432.0
719,1377852020,428.0
719,1377852025,422.0
719,1377852030,411.0
719,1377852035,418.0
719,1377852040,413.0
719,1377852045,413.0
719,1377852050,406.0
719,1377852056,402.0
719,1377852060,400.0
719,1377852065,397.0
719,1377852070,408.0
719,1377852075,409.0
719,1377852080,411.0
719,1377852085,412.0
719,1377852090,406.0
719,1377852095,409.0
719,1377852100,412.0
719,1377852105,412.0
719,1377852111,412.0
719,1377852115,409.0
719,1377852120,412.0
719,1377852125,404.0
719,1377852130,408.0
719,1377852135,403.0
719,1377852140,406.0
719,1377852145,409.0
719,1377852150,416.0
719,1377852155,412.0
719,1377852160,407.0
719,1377852165,411.0
719,1377852170,409.0
719,1377852176,409.0
719,1377852180,407.0
719,1377852186,413.0
719,1377852190,417.0
719,1377852195,411.0
719,1377852200,409.0
719,1377852205,406.0
719,1377852210,408.0
719,1377852215,407.0
719,1377852220,409.0
719,1377852225,407.0
719,1377852230,409.0
719,1377852235,406.0
719,1377852240,407.0
719,1377852245,411.0
719,1377852250,414.0
719,1377852255,418.0
719,1377852260,416.0
719,1377852265,412.0
719,1377852270,420.0
719,1377852275,409.0
719,1377852280,411.0
719,1377852285,409.0
719,1377852290,406.0
719,1377852295,408.0
719,1377852300,404.0
719,1377852305,406.0
719,1377852310,403.0
719,1377852315,403.0
719,1377852320,406.0
719,1377852325,406.0
719,1377852330,404.0
719,1377852335,403.0
719,1377852340,403.0
719,1377852345,404.0
719,1377852350,408.0
719,1377852355,406.0
719,1377852360,411.0
719,1377852365,414.0
719,1377852370,406.0
719,1377852375,419.0
719,1377852380,415.0
719,1377852385,418.0
719,1377852390,414.0
719,1377852395,409.0
719,1377852400,409.0
719,1377852405,411.0
719,1377852410,406.0
719,1377852415,411.0
719,1377852420,412.0
719,1377852425,409.0
719,1377852430,408.0
719,1377852435,408.0
719,1377852440,409.0
719,1377852445,409.0
719,1377852450,407.0
719,1377852455,408.0
719,1377852460,409.0
719,1377852465,409.0
719,1377852470,403.0
719,1377852475,412.0
719,1377852480,401.0
719,1377852485,397.0
719,1377852490,393.0
719,1377852495,395.0
719,1377852500,398.0
719,1377852505,403.0
719,1377852510,403.0
719,1377852515,401.0
719,1377852520,401.0
719,1377852525,400.0
719,1377852530,403.0
719,1377852535,409.0
719,1377852540,411.0
719,1377852545,416.0
719,1377852550,422.0
719,1377852555,409.0
719,1377852560,412.0
719,1377852565,409.0
719,1377852570,409.0
719,1377852575,406.0
719,1377852580,406.0
719,1377852585,407.0
719,1377852590,411.0
719,1377852595,408.0
719,1377852600,399.0
719,1377852605,398.0
719,1377852610,397.0
719,1377852615,397.0
719,1377852620,398.0
719,1377852625,397.0
719,1377852630,400.0
719,1377852635,403.0
719,1377852640,397.0
719,1377852645,397.0
719,1377852650,404.0
719,1377852655,404.0
719,1377852660,408.0
719,1377852665,408.0
719,1377852670,403.0
719,1377852675,403.0
719,1377852680,398.0
719,1377852685,398.0
719,1377852690,397.0
719,1377852695,403.0
719,1377852700,406.0
719,1377852705,414.0
719,1377852710,411.0
719,1377852715,420.0
719,1377852720,409.0
719,1377852725,406.0
719,1377852730,407.0
719,1377852735,416.0
719,1377852740,412.0
719,1377852745,406.0
719,1377852750,412.0
719,1377852755,418.0
719,1377852760,418.0
719,1377852765,418.0
719,1377852770,411.0
719,1377852775,409.0
719,1377852780,412.0
719,1377852785,406.0
719,1377852790,404.0
719,1377852795,406.0
719,1377852800,406.0
719,1377852805,408.0
719,1377852810,408.0
719,1377852815,412.0
719,1377852820,409.0
719,1377852825,412.0
719,1377852830,411.0
719,1377852835,413.0
719,1377852840,418.0
719,1377852845,416.0
719,1377852850,413.0
719,1377852855,418.0
719,1377852860,413.0
719,1377852865,412.0
719,1377852870,411.0
719,1377852875,414.0
719,1377852880,411.0
719,1377852885,409.0
719,1377852890,408.0
719,1377852895,403.0
719,1377852900,403.0
719,1377852905,404.0
719,1377852910,403.0
719,1377852915,397.0
719,1377852920,398.0
719,1377852925,397.0
719,1377852931,397.0
719,1377852935,404.0
719,1377852940,407.0
719,1377852945,409.0
719,1377852950,407.0
719,1377852955,409.0
719,1377852960,407.0
719,1377852965,412.0
719,1377852970,412.0
719,1377852975,417.0
719,1377852980,419.0
719,1377852985,422.0
719,1377852990,424.0
719,1377852995,430.0
719,1377853000,415.0
719,1377853005,418.0
719,1377853010,416.0
719,1377853015,418.0
719,1377853020,412.0
719,1377853025,406.0
719,1377853030,406.0
719,1377853035,406.0
719,1377853040,409.0
719,1377853045,409.0
719,1377853050,414.0
719,1377853055,414.0
719,1377853060,422.0
719,1377853065,420.0
719,1377853070,413.0
719,1377853075,413.0
719,1377853080,412.0
719,1377853085,407.0
719,1377853090,404.0
719,1377853095,404.0
719,1377853100,409.0
719,1377853105,414.0
719,1377853110,411.0
719,1377853115,407.0
719,1377853120,411.0
719,1377853125,408.0
719,1377853130,416.0
719,1377853135,403.0
719,1377853140,403.0
719,1377853145,397.0
719,1377853150,397.0
719,1377853155,401.0
719,1377853160,408.0
719,1377853165,408.0
719,1377853170,416.0
719,1377853175,416.0
719,1377853180,407.0
719,1377853185,418.0
719,1377853190,413.0
719,1377853195,418.0
719,1377853200,417.0
719,1377853205,413.0
719,1377853210,418.0
719,1377853215,412.0
719,1377853220,404.0
719,1377853225,401.0
719,1377853230,396.0
719,1377853235,396.0
719,1377853240,398.0
719,1377853245,406.0
719,1377853250,420.0
719,1377853255,411.0
719,1377853260,419.0
719,1377853265,415.0
719,1377853270,418.0
719,1377853275,407.0
719,1377853280,411.0
719,1377853285,408.0
719,1377853290,403.0
719,1377853295,397.0
719,1377853300,398.0
719,1377853305,395.0
719,1377853310,395.0
719,1377853316,395.0
719,1377853320,401.0
719,1377853325,401.0
719,1377853330,398.0
719,1377853335,404.0
719,1377853340,404.0
719,1377853345,398.0
719,1377853350,401.0
719,1377853355,401.0
719,1377853360,403.0
719,1377853365,412.0
719,1377853370,411.0
719,1377853375,416.0
719,1377853380,411.0
719,1377853385,406.0
719,1377853390,413.0
719,1377853395,403.0
719,1377853400,403.0
719,1377853405,402.0
719,1377853410,401.0
719,1377853415,398.0
719,1377853420,404.0
719,1377853425,406.0
719,1377853430,408.0
719,1377853435,406.0
719,1377853440,401.0
719,1377853445,400.0
719,1377853450,401.0
719,1377853455,403.0
719,1377853460,399.0
719,1377853465,403.0
719,1377853470,406.0
719,1377853475,404.0
719,1377853480,403.0
719,1377853485,406.0
719,1377853490,408.0
719,1377853495,411.0
719,1377853500,412.0
719,1377853505,411.0
719,1377853510,411.0
719,1377853515,418.0
719,1377853520,416.0
719,1377853525,406.0
719,1377853530,412.0
719,1377853535,416.0
719,1377853540,407.0
719,1377853545,412.0
719,1377853550,407.0
719,1377853555,403.0
719,1377853560,408.0
719,1377853565,403.0
719,1377853570,408.0
719,1377853575,416.0
719,1377853580,416.0
719,1377853585,409.0
719,1377853590,411.0
719,1377853595,412.0
719,1377853600,404.0
719,1377853605,398.0
719,1377853610,401.0
719,1377853616,395.0
719,1377853620,395.0
719,1377853625,401.0
719,1377853630,409.0
719,1377853635,411.0
719,1377853640,415.0
719,1377853645,413.0
719,1377853650,414.0
719,1377853656,407.0
719,1377853660,399.0
719,1377853665,408.0
719,1377853670,408.0
719,1377853675,408.0
719,1377853680,407.0
719,1377853685,408.0
719,1377853690,408.0
719,1377853695,408.0
719,1377853700,406.0
719,1377853705,399.0
719,1377853710,403.0
719,1377853715,401.0
719,1377853720,406.0
719,1377853725,407.0
719,1377853730,406.0
719,1377853735,408.0
719,1377853740,403.0
719,1377853745,403.0
719,1377853750,403.0
719,1377853755,403.0
719,1377853760,403.0
719,1377853765,416.0
719,1377853770,408.0
719,1377853775,409.0
719,1377853780,403.0
719,1377853785,399.0
719,1377853790,401.0
719,1377853795,397.0
719,1377853800,398.0
719,1377853805,398.0
719,1377853810,397.0
719,1377853815,401.0
719,1377853820,403.0
719,1377853825,399.0
719,1377853830,401.0
719,1377853835,401.0
719,1377853840,402.0
719,1377853845,402.0
719,1377853850,398.0
719,1377853855,406.0
719,1377853860,403.0
719,1377853865,397.0
719,1377853870,398.0
719,1377853875,397.0
719,1377853880,403.0
719,1377853885,406.0
719,1377853890,408.0
719,1377853895,399.0
719,1377853900,408.0
719,1377853905,403.0
719,1377853910,412.0
719,1377853915,403.0
719,1377853920,404.0
719,1377853925,402.0
719,1377853930,401.0
719,1377853935,397.0
719,1377853940,403.0
719,1377853945,397.0
719,1377853950,405.0
719,1377853955,404.0
719,1377853960,408.0
719,1377853965,406.0
719,1377853970,408.0
719,1377853975,409.0
719,1377853980,408.0
719,1377853985,409.0
719,1377853990,408.0
719,1377853995,412.0
719,1377854000,401.0
719,1377854005,403.0
719,1377854010,403.0
719,1377854015,401.0
719,1377854020,398.0
719,1377854025,397.0
719,1377854030,398.0
719,1377854035,397.0
719,1377854040,401.0
719,1377854045,403.0
719,1377854050,404.0
719,1377854055,402.0
719,1377854060,403.0
719,1377854065,403.0
719,1377854070,409.0
719,1377854075,412.0
719,1377854080,412.0
719,1377854085,406.0
719,1377854090,412.0
719,1377854095,407.0
719,1377854100,412.0
719,1377854105,406.0
719,1377854110,409.0
719,1377854115,401.0
719,1377854120,406.0
719,1377854125,401.0
719,1377854130,412.0
719,1377854135,407.0
719,1377854140,420.0
719,1377854145,414.0
719,1377854150,411.0
719,1377854155,407.0
719,1377854160,408.0
719,1377854165,406.0
719,1377854170,406.0
719,1377854175,408.0
719,1377854180,403.0
719,1377854185,409.0
719,1377854190,407.0
719,1377854195,409.0
719,1377854200,406.0
719,1377854205,408.0
719,1377854210,402.0
719,1377854215,404.0
719,1377854220,404.0
719,1377854225,409.0
719,1377854230,412.0
719,1377854235,412.0
719,1377854240,407.0
719,1377854245,412.0
719,1377854250,398.0
719,1377854255,398.0
719,1377854260,398.0
719,1377854265,402.0
719,1377854270,403.0
719,1377854275,409.0
719,1377854280,406.0
719,1377854285,397.0
719,1377854290,397.0
719,1377854295,401.0
719,1377854300,398.0
719,1377854305,408.0
719,1377854310,409.0
719,1377854315,412.0
719,1377854320,406.0
719,1377854325,411.0
719,1377854330,413.0
719,1377854335,411.0
719,1377854340,413.0
719,1377854345,412.0
719,1377854350,416.0
719,1377854355,408.0
719,1377854360,407.0
719,1377854365,409.0
719,1377854370,409.0
719,1377854375,403.0
719,1377854380,401.0
719,1377854385,403.0
719,1377854390,402.0
719,1377854395,398.0
719,1377854400,403.0
719,1377854405,409.0
719,1377854410,407.0
719,1377854415,407.0
719,1377854420,407.0
719,1377854425,406.0
719,1377854432,404.0
719,1377854435,400.0
719,1377854440,401.0
719,1377854445,398.0
719,1377854450,408.0
719,1377854455,416.0
719,1377854460,409.0
719,1377854465,409.0
719,1377854470,403.0
719,1377854475,401.0
719,1377854480,390.0
719,1377854485,393.0
719,1377854490,391.0
719,1377854495,397.0
719,1377854500,401.0
719,1377854505,406.0
719,1377854510,398.0
719,1377854515,416.0
719,1377854520,406.0
719,1377854525,407.0
719,1377854530,414.0
719,1377854535,414.0
719,1377854540,411.0
719,1377854545,406.0
719,1377854550,412.0
719,1377854555,409.0
719,1377854560,403.0
719,1377854565,406.0
719,1377854570,407.0
719,1377854575,406.0
719,1377854580,403.0
719,1377854585,404.0
719,1377854590,406.0
719,1377854595,411.0
719,1377854600,418.0
719,1377854605,411.0
719,1377854610,415.0
719,1377854615,418.0
719,1377854620,428.0
719,1377854625,411.0
719,1377854630,417.0
719,1377854635,411.0
719,1377854640,407.0
719,1377854645,408.0
719,1377854650,406.0
719,1377854655,403.0
719,1377854660,403.0
719,1377854665,401.0
719,1377854670,397.0
719,1377854675,397.0
719,1377854680,401.0
719,1377854686,401.0
719,1377854690,397.0
719,1377854695,401.0
719,1377854700,412.0
719,1377854705,398.0
719,1377854710,395.0
719,1377854715,383.0
719,1377854720,382.0
719,1377854725,382.0
719,1377854730,385.0
719,1377854735,382.0
719,1377854740,388.0
719,1377854745,396.0
719,1377854750,391.0
719,1377854755,403.0
719,1377854760,404.0
719,1377854765,407.0
719,1377854770,412.0
719,1377854775,412.0
719,1377854780,412.0
719,1377854785,407.0
719,1377854790,406.0
719,1377854795,408.0
719,1377854800,409.0
719,1377854805,413.0
719,1377854810,411.0
719,1377854815,416.0
719,1377854820,409.0
719,1377854826,407.0
719,1377854830,406.0
719,1377854835,401.0
719,1377854840,398.0
719,1377854845,402.0
719,1377854850,402.0
719,1377854855,401.0
719,1377854860,406.0
719,1377854865,407.0
719,1377854870,412.0
719,1377854875,416.0
719,1377854880,406.0
719,1377854885,403.0
719,1377854890,403.0
719,1377854895,395.0
719,1377854900,396.0
719,1377854905,390.0
719,1377854910,391.0
719,1377854915,393.0
719,1377854920,398.0
719,1377854925,398.0
719,1377854930,405.0
719,1377854935,406.0
719,1377854940,404.0
719,1377854945,402.0
719,1377854950,401.0
719,1377854955,401.0
719,1377854960,391.0
719,1377854965,390.0
719,1377854970,400.0
719,1377854975,398.0
719,1377854980,397.0
719,1377854985,398.0
719,1377854991,401.0
719,1377854995,403.0
719,1377855000,409.0
719,1377855005,407.0
719,1377855010,414.0
719,1377855015,411.0
719,1377855020,412.0
719,1377855025,412.0
719,1377855030,407.0
719,1377855035,412.0
719,1377855040,407.0
719,1377855045,412.0
719,1377855050,406.0
719,1377855055,398.0
719,1377855060,404.0
719,1377855065,402.0
719,1377855070,403.0
719,1377855075,404.0
719,1377855080,401.0
719,1377855085,398.0
719,1377855090,396.0
719,1377855095,395.0
719,1377855100,396.0
719,1377855105,397.0
719,1377855110,402.0
719,1377855115,401.0
719,1377855120,406.0
719,1377855125,401.0
719,1377855130,401.0
719,1377855135,404.0
719,1377855140,403.0
719,1377855145,407.0
719,1377855150,407.0
719,1377855155,418.0
719,1377855160,416.0
719,1377855165,406.0
719,1377855170,408.0
719,1377855175,409.0
719,1377855180,407.0
719,1377855185,406.0
719,1377855190,412.0
719,1377855196,413.0
719,1377855200,418.0
719,1377855205,417.0
719,1377855210,416.0
719,1377855215,416.0
719,1377855220,409.0
719,1377855225,412.0
719,1377855230,411.0
719,1377855235,411.0
719,1377855240,417.0
719,1377855245,413.0
719,1377855250,407.0
719,1377855255,406.0
719,1377855260,401.0
719,1377855265,400.0
719,1377855270,390.0
719,1377855275,397.0
719,1377855280,391.0
719,1377855285,392.0
719,1377855290,391.0
719,1377855295,395.0
719,1377855300,397.0
719,1377855305,400.0
719,1377855310,397.0
719,1377855315,393.0
719,1377855320,391.0
719,1377855325,390.0
719,1377855330,393.0
719,1377855335,396.0
719,1377855340,393.0
719,1377855345,390.0
719,1377855350,398.0
719,1377855355,398.0
719,1377855360,400.0
719,1377855365,397.0
719,1377855370,398.0
719,1377855375,408.0
719,1377855380,406.0
719,1377855385,407.0
719,1377855390,407.0
719,1377855395,406.0
719,1377855400,412.0
719,1377855405,403.0
719,1377855410,406.0
719,1377855415,408.0
719,1377855420,408.0
719,1377855425,408.0
719,1377855430,408.0
719,1377855435,408.0
719,1377855440,404.0
719,1377855445,408.0
719,1377855450,412.0
719,1377855455,412.0
719,1377855460,416.0
719,1377855465,416.0
719,1377855470,420.0
719,1377855475,424.0
719,1377855480,422.0
719,1377855485,413.0
719,1377855490,406.0
719,1377855495,406.0
719,1377855500,401.0
719,1377855505,401.0
719,1377855510,397.0
719,1377855515,406.0
719,1377855520,409.0
719,1377855525,407.0
719,1377855530,409.0
719,1377855535,409.0
719,1377855540,412.0
719,1377855545,402.0
719,1377855550,403.0
719,1377855555,401.0
719,1377855560,403.0
719,1377855565,403.0
719,1377855570,412.0
719,1377855575,408.0
719,1377855580,407.0
719,1377855585,408.0
719,1377855590,406.0
719,1377855595,406.0
719,1377855600,403.0
719,1377855605,403.0
719,1377855610,408.0
719,1377855615,409.0
719,1377855620,407.0
719,1377855625,409.0
719,1377855630,420.0
719,1377855635,406.0
719,1377855640,398.0
719,1377855645,395.0
719,1377855650,398.0
719,1377855655,388.0
719,1377855660,396.0
719,1377855665,408.0
719,1377855670,416.0
719,1377855675,412.0
719,1377855680,402.0
719,1377855685,393.0
719,1377855690,392.0
719,1377855695,391.0
719,1377855700,399.0
719,1377855705,399.0
719,1377855710,407.0
719,1377855715,411.0
719,1377855720,412.0
719,1377855725,420.0
719,1377855730,407.0
719,1377855735,407.0
719,1377855740,407.0
719,1377855745,408.0
719,1377855750,403.0
719,1377855755,401.0
719,1377855760,396.0
719,1377855765,393.0
719,1377855770,396.0
719,1377855775,398.0
719,1377855780,396.0
719,1377855785,391.0
719,1377855790,397.0
719,1377855795,400.0
719,1377855800,398.0
719,1377855805,398.0
719,1377855810,396.0
719,1377855815,395.0
719,1377855820,401.0
719,1377855825,398.0
719,1377855830,398.0
719,1377855835,398.0
719,1377855840,396.0
719,1377855845,391.0
719,1377855850,403.0
719,1377855855,402.0
719,1377855860,409.0
719,1377855865,404.0
719,1377855870,401.0
719,1377855875,401.0
719,1377855880,402.0
719,1377855885,401.0
719,1377855890,398.0
719,1377855895,398.0
719,1377855900,397.0
719,1377855905,396.0
719,1377855910,391.0
719,1377855915,387.0
719,1377855920,388.0
719,1377855925,385.0
719,1377855930,382.0
719,1377855935,387.0
719,1377855940,398.0
719,1377855945,398.0
719,1377855950,401.0
719,1377855955,396.0
719,1377855960,400.0
719,1377855969,396.0
719,1377855970,400.0
719,1377855975,397.0
719,1377855980,403.0
719,1377855985,401.0
719,1377855990,395.0
719,1377855995,395.0
719,1377856000,392.0
719,1377856005,396.0
719,1377856010,396.0
719,1377856015,397.0
719,1377856020,395.0
719,1377856025,398.0
719,1377856030,398.0
719,1377856035,395.0
719,1377856040,397.0
719,1377856045,402.0
719,1377856050,403.0
719,1377856056,406.0
719,1377856060,404.0
719,1377856065,402.0
719,1377856070,400.0
719,1377856075,398.0
719,1377856080,396.0
719,1377856085,398.0
719,1377856090,406.0
719,1377856095,403.0
719,1377856100,403.0
719,1377856105,399.0
719,1377856110,397.0
719,1377856115,398.0
719,1377856120,403.0
719,1377856125,401.0
719,1377856130,403.0
719,1377856135,399.0
719,1377856140,403.0
719,1377856145,400.0
719,1377856150,401.0
719,1377856155,398.0
719,1377856160,401.0
719,1377856165,401.0
719,1377856170,401.0
719,1377856175,399.0
719,1377856180,401.0
719,1377856185,403.0
719,1377856190,404.0
719,1377856195,404.0
719,1377856200,403.0
719,1377856205,403.0
719,1377856210,409.0
719,1377856215,407.0
719,1377856220,406.0
719,1377856225,406.0
719,1377856230,406.0
719,1377856235,403.0
719,1377856240,401.0
719,1377856245,395.0
719,1377856250,393.0
719,1377856255,395.0
719,1377856260,393.0
719,1377856265,398.0
719,1377856270,398.0
719,1377856275,408.0
719,1377856280,407.0
719,1377856285,406.0
719,1377856290,408.0
719,1377856295,403.0
719,1377856300,405.0
719,1377856305,409.0
719,1377856310,416.0
719,1377856315,409.0
719,1377856320,408.0
719,1377856325,398.0
719,1377856330,403.0
719,1377856335,406.0
719,1377856340,412.0
719,1377856345,412.0
719,1377856350,406.0
719,1377856355,399.0
719,1377856360,408.0
719,1377856365,412.0
719,1377856370,420.0
719,1377856375,406.0
719,1377856380,398.0
719,1377856385,392.0
719,1377856390,392.0
719,1377856395,393.0
719,1377856400,400.0
719,1377856405,402.0
719,1377856410,404.0
719,1377856415,408.0
719,1377856420,404.0
719,1377856425,408.0
719,1377856430,406.0
719,1377856435,398.0
719,1377856440,402.0
719,1377856445,398.0
719,1377856450,402.0
719,1377856455,398.0
719,1377856460,402.0
719,1377856465,397.0
719,1377856470,398.0
719,1377856475,391.0
719,1377856480,399.0
719,1377856485,403.0
719,1377856490,399.0
719,1377856495,412.0
719,1377856500,406.0
719,1377856505,401.0
719,1377856511,391.0
719,1377856515,398.0
719,1377856520,396.0
719,1377856525,393.0
719,1377856530,382.0
719,1377856535,382.0
719,1377856540,392.0
719,1377856545,395.0
719,1377856550,401.0
719,1377856555,403.0
719,1377856560,407.0
719,1377856565,409.0
719,1377856570,416.0
719,1377856575,415.0
719,1377856580,413.0
719,1377856585,413.0
719,1377856590,409.0
719,1377856595,404.0
719,1377856600,397.0
719,1377856605,396.0
719,1377856610,393.0
719,1377856615,396.0
719,1377856620,396.0
719,1377856625,398.0
719,1377856630,397.0
719,1377856635,398.0
719,1377856640,408.0
719,1377856645,402.0
719,1377856650,404.0
719,1377856655,401.0
719,1377856660,401.0
719,1377856665,390.0
719,1377856670,395.0
719,1377856675,397.0
719,1377856680,398.0
719,1377856685,404.0
719,1377856690,403.0
719,1377856695,403.0
719,1377856700,403.0
719,1377856705,401.0
719,1377856710,406.0
719,1377856715,408.0
719,1377856720,408.0
719,1377856725,408.0
719,1377856730,403.0
719,1377856738,404.0
719,1377856740,398.0
719,1377856745,400.0
719,1377856750,397.0
719,1377856755,403.0
719,1377856760,397.0
719,1377856765,398.0
719,1377856770,395.0
719,1377856775,402.0
719,1377856780,406.0
719,1377856785,398.0
719,1377856790,401.0
719,1377856795,398.0
719,1377856800,401.0
719,1377856805,397.0
719,1377856810,403.0
719,1377856815,403.0
719,1377856820,408.0
719,1377856825,406.0
719,1377856830,407.0
719,1377856835,406.0
719,1377856840,411.0
719,1377856845,416.0
719,1377856850,412.0
719,1377856855,407.0
719,1377856860,408.0
719,1377856865,398.0
719,1377856870,397.0
719,1377856875,395.0
719,1377856880,398.0
719,1377856885,402.0
719,1377856890,399.0
719,1377856895,406.0
719,1377856900,408.0
719,1377856905,398.0
719,1377856910,401.0
719,1377856915,403.0
719,1377856920,403.0
719,1377856925,402.0
719,1377856930,401.0
719,1377856935,398.0
719,1377856940,393.0
719,1377856945,393.0
719,1377856950,390.0
719,1377856955,396.0
719,1377856960,397.0
719,1377856965,398.0
719,1377856970,403.0
719,1377856975,402.0
719,1377856980,401.0
719,1377856985,391.0
719,1377856990,393.0
719,1377856995,397.0
719,1377857000,401.0
719,1377857005,409.0
719,1377857010,409.0
719,1377857015,412.0
719,1377857020,404.0
719,1377857025,402.0
719,1377857030,395.0
719,1377857035,400.0
719,1377857040,401.0
719,1377857045,403.0
719,1377857050,403.0
719,1377857055,406.0
719,1377857060,406.0
719,1377857065,407.0
719,1377857070,411.0
719,1377857075,407.0
719,1377857080,412.0
719,1377857085,412.0
719,1377857090,408.0
719,1377857095,401.0
719,1377857100,401.0
719,1377857105,398.0
719,1377857110,397.0
719,1377857115,395.0
719,1377857120,401.0
719,1377857125,401.0
719,1377857130,403.0
719,1377857135,402.0
719,1377857140,408.0
719,1377857145,408.0
719,1377857150,409.0
719,1377857155,401.0
719,1377857160,401.0
719,1377857165,399.0
719,1377857170,398.0
719,1377857175,391.0
719,1377857180,393.0
719,1377857185,390.0
719,1377857190,390.0
719,1377857195,390.0
719,1377857200,396.0
719,1377857205,393.0
719,1377857210,393.0
719,1377857215,391.0
719,1377857220,401.0
719,1377857225,407.0
719,1377857230,411.0
719,1377857235,419.0
719,1377857240,415.0
719,1377857245,407.0
719,1377857250,414.0
719,1377857255,416.0
719,1377857260,411.0
719,1377857265,420.0
719,1377857270,406.0
719,1377857275,409.0
719,1377857280,403.0
719,1377857285,408.0
719,1377857290,404.0
719,1377857295,406.0
719,1377857300,409.0
719,1377857305,411.0
719,1377857310,412.0
719,1377857315,412.0
719,1377857320,408.0
719,1377857325,409.0
719,1377857330,408.0
719,1377857335,407.0
719,1377857340,408.0
719,1377857345,401.0
719,1377857350,395.0
719,1377857355,401.0
719,1377857360,401.0
719,1377857365,403.0
719,1377857370,408.0
719,1377857375,405.0
719,1377857380,408.0
719,1377857385,399.0
719,1377857390,402.0
719,1377857395,401.0
719,1377857400,398.0
719,1377857405,398.0
719,1377857410,409.0
719,1377857415,404.0
719,1377857420,401.0
719,1377857425,398.0
719,1377857430,396.0
719,1377857435,393.0
719,1377857440,396.0
719,1377857445,395.0
719,1377857450,398.0
719,1377857455,401.0
719,1377857460,402.0
719,1377857465,408.0
719,1377857470,407.0
719,1377857475,411.0
719,1377857480,407.0
719,1377857485,414.0
719,1377857490,412.0
719,1377857495,407.0
719,1377857500,409.0
719,1377857505,416.0
719,1377857510,407.0
719,1377857515,420.0
719,1377857524,412.0
719,1377857525,413.0
719,1377857530,411.0
719,1377857535,407.0
719,1377857540,408.0
719,1377857545,404.0
719,1377857550,396.0
719,1377857555,398.0
719,1377857560,395.0
719,1377857565,397.0
719,1377857570,401.0
719,1377857575,403.0
719,1377857580,401.0
719,1377857585,395.0
719,1377857590,401.0
719,1377857595,401.0
719,1377857600,401.0
719,1377857605,402.0
719,1377857610,404.0
719,1377857615,398.0
719,1377857620,403.0
719,1377857625,396.0
719,1377857630,393.0
719,1377857635,393.0
719,1377857640,395.0
719,1377857645,398.0
719,1377857650,406.0
719,1377857655,403.0
719,1377857660,404.0
719,1377857665,396.0
719,1377857670,391.0
719,1377857675,393.0
719,1377857680,395.0
719,1377857685,395.0
719,1377857690,397.0
719,1377857695,396.0
719,1377857700,393.0
719,1377857705,395.0
719,1377857710,395.0
719,1377857715,401.0
719,1377857720,397.0
719,1377857725,397.0
719,1377857730,402.0
719,1377857735,402.0
719,1377857740,398.0
719,1377857745,404.0
719,1377857750,402.0
719,1377857755,403.0
719,1377857760,404.0
719,1377857765,398.0
719,1377857770,400.0
719,1377857775,395.0
719,1377857780,392.0
719,1377857785,393.0
719,1377857790,396.0
719,1377857795,391.0
719,1377857800,396.0
719,1377857805,400.0
719,1377857810,402.0
719,1377857815,401.0
719,1377857820,403.0
719,1377857825,401.0
719,1377857830,404.0
719,1377857835,398.0
719,1377857840,404.0
719,1377857845,408.0
719,1377857850,401.0
719,1377857855,400.0
719,1377857860,396.0
719,1377857865,391.0
719,1377857870,395.0
719,1377857875,398.0
719,1377857880,403.0
719,1377857885,404.0
719,1377857890,409.0
719,1377857895,401.0
719,1377857900,403.0
719,1377857905,401.0
719,1377857910,401.0
719,1377857915,403.0
719,1377857920,404.0
719,1377857925,412.0
719,1377857930,408.0
719,1377857935,408.0
719,1377857940,409.0
719,1377857945,409.0
719,1377857950,409.0
719,1377857955,416.0
719,1377857960,416.0
719,1377857965,408.0
719,1377857970,398.0
719,1377857975,401.0
719,1377857980,395.0
719,1377857985,393.0
719,1377857990,396.0
719,1377857995,395.0
719,1377858000,396.0
719,1377858005,395.0
719,1377858010,393.0
719,1377858015,398.0
719,1377858020,398.0
719,1377858025,403.0
719,1377858030,404.0
719,1377858035,407.0
719,1377858040,408.0
719,1377858045,409.0
719,1377858050,409.0
719,1377858055,406.0
719,1377858060,406.0
719,1377858065,409.0
719,1377858070,411.0
719,1377858075,418.0
719,1377858080,418.0
719,1377858085,413.0
719,1377858090,413.0
719,1377858095,406.0
719,1377858100,408.0
719,1377858105,397.0
719,1377858110,403.0
719,1377858115,403.0
719,1377858120,403.0
719,1377858125,403.0
719,1377858130,399.0
719,1377858135,406.0
719,1377858140,409.0
719,1377858145,399.0
719,1377858150,401.0
719,1377858155,396.0
719,1377858160,395.0
719,1377858165,391.0
719,1377858170,399.0
719,1377858175,406.0
719,1377858180,397.0
719,1377858185,396.0
719,1377858190,396.0
719,1377858195,395.0
719,1377858200,396.0
719,1377858205,391.0
719,1377858210,400.0
719,1377858215,398.0
719,1377858220,398.0
719,1377858225,402.0
719,1377858230,401.0
719,1377858235,404.0
719,1377858240,408.0
719,1377858245,408.0
719,1377858250,404.0
719,1377858255,404.0
719,1377858260,403.0
719,1377858265,404.0
719,1377858271,403.0
719,1377858275,402.0
719,1377858280,402.0
719,1377858285,401.0
719,1377858290,403.0
719,1377858295,404.0
719,1377858300,396.0
719,1377858305,393.0
719,1377858310,392.0
719,1377858315,391.0
719,1377858320,396.0
719,1377858325,397.0
719,1377858330,402.0
719,1377858335,397.0
719,1377858340,402.0
719,1377858345,398.0
719,1377858350,401.0
719,1377858355,404.0
719,1377858360,401.0
719,1377858365,401.0
719,1377858370,412.0
719,1377858375,398.0
719,1377858380,408.0
719,1377858385,407.0
719,1377858390,411.0
719,1377858395,411.0
719,1377858400,412.0
719,1377858405,407.0
719,1377858410,407.0
719,1377858415,409.0
719,1377858420,408.0
719,1377858425,404.0
719,1377858430,397.0
719,1377858435,396.0
719,1377858440,390.0
719,1377858445,391.0
719,1377858450,390.0
719,1377858455,402.0
719,1377858460,403.0
719,1377858465,404.0
719,1377858470,399.0
719,1377858475,403.0
719,1377858480,403.0
719,1377858485,401.0
719,1377858490,403.0
719,1377858495,408.0
719,1377858500,397.0
719,1377858505,401.0
719,1377858510,398.0
719,1377858515,403.0
719,1377858520,404.0
719,1377858525,408.0
719,1377858530,403.0
719,1377858535,403.0
719,1377858540,401.0
719,1377858545,399.0
719,1377858550,399.0
719,1377858555,396.0
719,1377858560,391.0
719,1377858565,393.0
719,1377858570,392.0
719,1377858575,391.0
719,1377858580,401.0
719,1377858585,401.0
719,1377858590,403.0
719,1377858595,403.0
719,1377858600,408.0
719,1377858605,406.0
719,1377858610,403.0
719,1377858615,403.0
719,1377858620,403.0
719,1377858625,401.0
719,1377858630,408.0
719,1377858635,407.0
719,1377858640,412.0
719,1377858645,408.0
719,1377858650,399.0
719,1377858655,404.0
719,1377858660,409.0
719,1377858665,407.0
719,1377858670,407.0
719,1377858675,406.0
719,1377858680,406.0
719,1377858685,409.0
719,1377858690,414.0
719,1377858695,412.0
719,1377858700,412.0
719,1377858705,409.0
719,1377858710,408.0
719,1377858715,408.0
719,1377858720,406.0
719,1377858725,409.0
719,1377858730,409.0
719,1377858735,409.0
719,1377858740,406.0
719,1377858745,406.0
719,1377858750,401.0
719,1377858755,398.0
719,1377858760,398.0
719,1377858765,403.0
719,1377858770,402.0
719,1377858775,404.0
719,1377858780,403.0
719,1377858785,404.0
719,1377858790,403.0
719,1377858795,404.0
719,1377858800,404.0
719,1377858805,401.0
719,1377858810,401.0
719,1377858815,398.0
719,1377858820,404.0
719,1377858825,401.0
719,1377858830,402.0
719,1377858835,398.0
719,1377858840,397.0
719,1377858845,401.0
719,1377858850,404.0
719,1377858855,401.0
719,1377858860,399.0
719,1377858865,404.0
719,1377858870,409.0
719,1377858875,412.0
719,1377858880,412.0
719,1377858885,412.0
719,1377858890,406.0
719,1377858895,403.0
719,1377858900,403.0
719,1377858905,406.0
719,1377858910,411.0
719,1377858915,406.0
719,1377858920,408.0
719,1377858925,397.0
719,1377858930,401.0
719,1377858935,398.0
719,1377858940,398.0
719,1377858945,406.0
719,1377858950,406.0
719,1377858955,409.0
719,1377858960,407.0
719,1377858965,411.0
719,1377858970,411.0
719,1377858975,416.0
719,1377858980,411.0
719,1377858985,409.0
719,1377858990,406.0
719,1377858995,407.0
719,1377859000,407.0
719,1377859005,409.0
719,1377859010,407.0
719,1377859015,407.0
719,1377859020,408.0
719,1377859025,409.0
719,1377859030,408.0
719,1377859035,406.0
719,1377859040,409.0
719,1377859045,407.0
719,1377859050,412.0
719,1377859055,407.0
719,1377859060,409.0
719,1377859065,406.0
719,1377859070,407.0
719,1377859075,409.0
719,1377859080,407.0
719,1377859085,412.0
719,1377859090,420.0
719,1377859095,416.0
719,1377859100,409.0
719,1377859105,399.0
719,1377859110,397.0
719,1377859115,401.0
719,1377859120,397.0
719,1377859125,400.0
719,1377859130,401.0
719,1377859135,396.0
719,1377859140,391.0
719,1377859145,393.0
719,1377859150,395.0
719,1377859155,397.0
719,1377859160,397.0
719,1377859165,401.0
719,1377859170,397.0
719,1377859175,401.0
719,1377859180,395.0
719,1377859185,399.0
719,1377859190,402.0
719,1377859195,404.0
719,1377859200,416.0
719,1377859205,412.0
719,1377859210,412.0
719,1377859215,412.0
719,1377859220,406.0
719,1377859225,403.0
719,1377859230,412.0
719,1377859235,412.0
719,1377859240,413.0
719,1377859245,411.0
719,1377859250,413.0
719,1377859255,413.0
719,1377859260,411.0
719,1377859265,413.0
719,1377859270,407.0
719,1377859275,407.0
719,1377859280,406.0
719,1377859285,408.0
719,1377859290,412.0
719,1377859295,403.0
719,1377859300,408.0
719,1377859305,408.0
719,1377859310,409.0
719,1377859315,409.0
719,1377859320,407.0
719,1377859325,416.0
719,1377859330,420.0
719,1377859335,412.0
719,1377859340,399.0
719,1377859345,401.0
719,1377859350,397.0
719,1377859355,401.0
719,1377859360,401.0
719,1377859365,407.0
719,1377859370,416.0
719,1377859375,416.0
719,1377859380,419.0
719,1377859385,413.0
719,1377859390,424.0
719,1377859395,418.0
719,1377859400,411.0
719,1377859405,412.0
719,1377859410,398.0
719,1377859416,397.0
719,1377859420,401.0
719,1377859425,412.0
719,1377859430,404.0
719,1377859435,409.0
719,1377859440,411.0
719,1377859445,420.0
719,1377859450,411.0
719,1377859455,411.0
719,1377859460,408.0
719,1377859465,404.0
719,1377859470,401.0
719,1377859475,397.0
719,1377859480,404.0
719,1377859485,403.0
719,1377859490,403.0
719,1377859495,412.0
719,1377859500,409.0
719,1377859505,406.0
719,1377859510,409.0
719,1377859515,403.0
719,1377859520,399.0
719,1377859525,398.0
719,1377859530,402.0
719,1377859535,409.0
719,1377859540,407.0
719,1377859545,409.0
719,1377859550,406.0
719,1377859555,411.0
719,1377859560,412.0
719,1377859565,404.0
719,1377859570,401.0
719,1377859575,401.0
719,1377859580,402.0
719,1377859585,404.0
719,1377859590,406.0
719,1377859595,409.0
719,1377859600,406.0
719,1377859605,412.0
719,1377859610,407.0
719,1377859615,406.0
719,1377859620,420.0
719,1377859625,407.0
719,1377859630,414.0
719,1377859635,412.0
719,1377859640,409.0
719,1377859645,403.0
719,1377859650,403.0
719,1377859655,397.0
719,1377859660,401.0
719,1377859665,402.0
719,1377859670,409.0
719,1377859675,403.0
719,1377859680,401.0
719,1377859685,406.0
719,1377859690,407.0
719,1377859695,412.0
719,1377859700,409.0
719,1377859705,407.0
719,1377859710,399.0
719,1377859716,406.0
719,1377859720,405.0
719,1377859725,404.0
719,1377859730,412.0
719,1377859735,397.0
719,1377859740,406.0
719,1377859745,403.0
719,1377859750,406.0
719,1377859755,406.0
719,1377859760,401.0
719,1377859765,401.0
719,1377859770,397.0
719,1377859775,404.0
719,1377859780,409.0
719,1377859785,406.0
719,1377859790,416.0
719,1377859795,412.0
719,1377859800,404.0
719,1377859805,403.0
719,1377859810,397.0
719,1377859815,403.0
719,1377859820,403.0
719,1377859825,401.0
719,1377859830,400.0
719,1377859835,390.0
719,1377859840,390.0
719,1377859845,395.0
719,1377859850,397.0
719,1377859855,401.0
719,1377859860,404.0
719,1377859865,409.0
719,1377859870,409.0
719,1377859875,412.0
719,1377859880,407.0
719,1377859885,412.0
719,1377859890,412.0
719,1377859895,403.0
719,1377859900,397.0
719,1377859905,398.0
719,1377859910,401.0
719,1377859915,398.0
719,1377859920,406.0
719,1377859925,408.0
719,1377859930,409.0
719,1377859935,408.0
719,1377859940,408.0
719,1377859945,409.0
719,1377859950,412.0
719,1377859955,409.0
719,1377859960,406.0
719,1377859965,409.0
719,1377859970,407.0
719,1377859975,416.0
719,1377859980,412.0
719,1377859985,409.0
719,1377859990,403.0
719,1377859995,403.0
719,1377860000,406.0
719,1377860005,399.0
719,1377860010,400.0
719,1377860015,401.0
719,1377860020,397.0
719,1377860025,409.0
719,1377860030,403.0
719,1377860035,408.0
719,1377860040,408.0
719,1377860045,412.0
719,1377860050,401.0
719,1377860055,397.0
719,1377860060,401.0
719,1377860065,400.0
719,1377860070,398.0
719,1377860075,398.0
719,1377860080,398.0
719,1377860085,398.0
719,1377860090,406.0
719,1377860095,403.0
719,1377860100,403.0
719,1377860105,404.0
719,1377860110,406.0
719,1377860115,408.0
719,1377860120,414.0
719,1377860125,411.0
719,1377860130,413.0
719,1377860135,406.0
719,1377860140,406.0
719,1377860145,401.0
719,1377860150,404.0
719,1377860155,401.0
719,1377860160,409.0
719,1377860165,406.0
719,1377860170,418.0
719,1377860175,420.0
719,1377860180,416.0
719,1377860185,412.0
719,1377860190,401.0
719,1377860195,403.0
719,1377860200,397.0
719,1377860205,401.0
719,1377860210,403.0
719,1377860215,406.0
719,1377860220,408.0
719,1377860225,409.0
719,1377860230,416.0
719,1377860235,411.0
719,1377860240,416.0
719,1377860245,409.0
719,1377860250,403.0
719,1377860255,403.0
719,1377860260,408.0
719,1377860265,412.0
719,1377860270,409.0
719,1377860275,406.0
719,1377860280,404.0
719,1377860285,403.0
719,1377860290,391.0
719,1377860295,404.0
719,1377860300,400.0
719,1377860305,398.0
719,1377860310,398.0
719,1377860315,406.0
719,1377860320,416.0
719,1377860325,414.0
719,1377860330,411.0
719,1377860335,418.0
719,1377860340,413.0
719,1377860345,403.0
719,1377860350,402.0
719,1377860355,393.0
719,1377860360,395.0
719,1377860365,393.0
719,1377860370,397.0
719,1377860375,406.0
719,1377860380,407.0
719,1377860385,413.0
719,1377860390,419.0
719,1377860395,416.0
719,1377860400,412.0
719,1377860405,408.0
719,1377860410,408.0
719,1377860415,403.0
719,1377860420,411.0
719,1377860425,412.0
719,1377860430,409.0
719,1377860435,407.0
719,1377860440,412.0
719,1377860445,403.0
719,1377860450,402.0
719,1377860455,397.0
719,1377860460,396.0
719,1377860465,397.0
719,1377860470,398.0
719,1377860475,406.0
719,1377860480,403.0
719,1377860485,408.0
719,1377860490,412.0
719,1377860495,412.0
719,1377860500,406.0
719,1377860505,412.0
719,1377860510,407.0
719,1377860517,409.0
719,1377860520,404.0
719,1377860525,406.0
719,1377860530,408.0
719,1377860535,412.0
719,1377860540,411.0
719,1377860545,413.0
719,1377860550,414.0
719,1377860555,406.0
719,1377860560,406.0
719,1377860565,403.0
719,1377860570,403.0
719,1377860575,408.0
719,1377860580,399.0
719,1377860585,402.0
719,1377860590,402.0
719,1377860595,403.0
719,1377860600,401.0
719,1377860605,396.0
719,1377860610,401.0
719,1377860615,395.0
719,1377860620,397.0
719,1377860625,397.0
719,1377860630,401.0
719,1377860635,401.0
719,1377860640,404.0
719,1377860645,402.0
719,1377860650,401.0
719,1377860655,398.0
719,1377860660,408.0
719,1377860665,404.0
719,1377860670,408.0
719,1377860675,403.0
719,1377860680,397.0
719,1377860685,401.0
719,1377860690,401.0
719,1377860695,401.0
719,1377860700,403.0
719,1377860705,401.0
719,1377860710,401.0
719,1377860715,401.0
719,1377860721,403.0
719,1377860725,401.0
719,1377860730,403.0
719,1377860735,403.0
719,1377860740,405.0
719,1377860745,407.0
719,1377860750,409.0
719,1377860755,409.0
719,1377860760,409.0
719,1377860765,412.0
719,1377860770,412.0
719,1377860775,407.0
719,1377860780,412.0
719,1377860785,416.0
719,1377860790,403.0
719,1377860795,416.0
719,1377860800,402.0
719,1377860805,401.0
719,1377860810,401.0
719,1377860815,403.0
719,1377860820,409.0
719,1377860825,416.0
719,1377860830,406.0
719,1377860835,406.0
719,1377860840,404.0
719,1377860845,401.0
719,1377860850,403.0
719,1377860855,401.0
719,1377860860,404.0
719,1377860865,412.0
719,1377860870,403.0
719,1377860875,406.0
719,1377860880,409.0
719,1377860885,411.0
719,1377860890,416.0
719,1377860895,411.0
719,1377860900,420.0
719,1377860905,407.0
719,1377860910,406.0
719,1377860915,397.0
719,1377860920,412.0
719,1377860925,407.0
719,1377860930,411.0
719,1377860935,413.0
719,1377860940,413.0
719,1377860945,412.0
719,1377860950,407.0
719,1377860955,403.0
719,1377860960,406.0
719,1377860965,409.0
719,1377860970,412.0
719,1377860975,409.0
719,1377860980,401.0
719,1377860985,393.0
719,1377860990,390.0
719,1377860995,393.0
719,1377861000,391.0
719,1377861005,405.0
719,1377861010,407.0
719,1377861015,416.0
719,1377861020,420.0
719,1377861025,418.0
719,1377861030,409.0
719,1377861035,403.0
719,1377861040,390.0
719,1377861045,396.0
719,1377861050,399.0
719,1377861055,412.0
719,1377861060,412.0
719,1377861065,412.0
719,1377861070,406.0
719,1377861075,398.0
719,1377861080,391.0
719,1377861085,391.0
719,1377861090,398.0
719,1377861095,399.0
719,1377861100,412.0
719,1377861105,416.0
719,1377861110,416.0
719,1377861115,418.0
719,1377861120,420.0
719,1377861125,407.0
719,1377861130,397.0
719,1377861135,391.0
719,1377861140,401.0
719,1377861145,401.0
719,1377861150,408.0
719,1377861155,407.0
719,1377861160,416.0
719,1377861165,407.0
719,1377861170,407.0
719,1377861175,401.0
719,1377861180,403.0
719,1377861185,403.0
719,1377861190,403.0
719,1377861195,403.0
719,1377861200,404.0
719,1377861205,403.0
719,1377861210,403.0
719,1377861215,403.0
719,1377861220,399.0
719,1377861225,401.0
719,1377861230,399.0
719,1377861235,404.0
719,1377861240,409.0
719,1377861248,407.0
719,1377861250,406.0
719,1377861255,406.0
719,1377861260,403.0
719,1377861265,407.0
719,1377861270,407.0
719,1377861275,413.0
719,1377861280,411.0
719,1377861285,411.0
719,1377861290,406.0
719,1377861295,412.0
719,1377861300,403.0
719,1377861305,406.0
719,1377861310,402.0
719,1377861315,398.0
719,1377861320,412.0
719,1377861325,407.0
719,1377861330,407.0
719,1377861335,416.0
719,1377861340,416.0
719,1377861345,407.0
719,1377861350,407.0
719,1377861355,409.0
719,1377861360,408.0
719,1377861365,412.0
719,1377861370,404.0
719,1377861375,401.0
719,1377861380,401.0
719,1377861385,390.0
719,1377861390,401.0
719,1377861395,398.0
719,1377861400,404.0
719,1377861405,401.0
719,1377861410,408.0
719,1377861415,403.0
719,1377861420,408.0
719,1377861425,403.0
719,1377861430,404.0
719,1377861435,406.0
719,1377861440,406.0
719,1377861445,412.0
719,1377861450,399.0
719,1377861455,399.0
719,1377861460,398.0
719,1377861465,403.0
719,1377861470,401.0
719,1377861475,402.0
719,1377861480,399.0
719,1377861485,393.0
719,1377861490,391.0
719,1377861495,397.0
719,1377861500,404.0
719,1377861505,409.0
719,1377861510,412.0
719,1377861515,420.0
719,1377861520,416.0
719,1377861525,415.0
719,1377861530,418.0
719,1377861535,416.0
719,1377861540,409.0
719,1377861545,399.0
719,1377861550,401.0
719,1377861555,402.0
719,1377861560,403.0
719,1377861565,404.0
719,1377861570,407.0
719,1377861575,406.0
719,1377861580,406.0
719,1377861585,406.0
719,1377861590,408.0
719,1377861595,406.0
719,1377861600,408.0
719,1377861605,398.0
719,1377861610,397.0
719,1377861615,395.0
719,1377861620,396.0
719,1377861625,396.0
719,1377861630,390.0
719,1377861635,401.0
719,1377861640,408.0
719,1377861645,407.0
719,1377861650,411.0
719,1377861655,416.0
719,1377861660,412.0
719,1377861665,412.0
719,1377861670,406.0
719,1377861675,406.0
719,1377861680,401.0
719,1377861685,397.0
719,1377861690,404.0
719,1377861695,409.0
719,1377861700,411.0
719,1377861705,418.0
719,1377861710,411.0
719,1377861715,411.0
719,1377861720,407.0
719,1377861725,408.0
719,1377861730,403.0
719,1377861735,404.0
719,1377861740,406.0
719,1377861745,404.0
719,1377861750,406.0
719,1377861755,409.0
719,1377861760,397.0
719,1377861765,395.0
719,1377861770,390.0
719,1377861775,402.0
719,1377861780,406.0
719,1377861785,406.0
719,1377861790,409.0
719,1377861795,416.0
719,1377861800,402.0
719,1377861805,401.0
719,1377861810,403.0
719,1377861815,401.0
719,1377861820,403.0
719,1377861825,403.0
719,1377861830,403.0
719,1377861835,409.0
719,1377861840,412.0
719,1377861845,416.0
719,1377861850,411.0
719,1377861855,409.0
719,1377861860,406.0
719,1377861865,404.0
719,1377861870,401.0
719,1377861875,401.0
719,1377861880,398.0
719,1377861885,402.0
719,1377861890,406.0
719,1377861895,403.0
719,1377861900,406.0
719,1377861905,406.0
719,1377861910,409.0
719,1377861915,411.0
719,1377861920,411.0
719,1377861925,411.0
719,1377861930,413.0
719,1377861935,406.0
719,1377861940,404.0
719,1377861945,401.0
719,1377861950,398.0
719,1377861955,395.0
719,1377861960,400.0
719,1377861965,391.0
719,1377861970,393.0
719,1377861975,399.0
719,1377861980,406.0
719,1377861985,407.0
719,1377861990,406.0
719,1377861995,406.0
719,1377862000,398.0
719,1377862005,403.0
719,1377862014,401.0
719,1377862015,406.0
719,1377862020,409.0
719,1377862025,420.0
719,1377862030,411.0
719,1377862035,416.0
719,1377862040,406.0
719,1377862045,407.0
719,1377862050,398.0
719,1377862055,403.0
719,1377862060,401.0
719,1377862065,401.0
719,1377862070,398.0
719,1377862075,406.0
719,1377862080,412.0
719,1377862085,409.0
719,1377862090,407.0
719,1377862095,406.0
719,1377862100,406.0
719,1377862105,403.0
719,1377862110,401.0
719,1377862115,397.0
719,1377862120,402.0
719,1377862125,401.0
719,1377862130,403.0
719,1377862135,406.0
719,1377862140,406.0
719,1377862145,403.0
719,1377862150,401.0
719,1377862155,395.0
719,1377862160,396.0
719,1377862165,397.0
719,1377862170,403.0
719,1377862175,396.0
719,1377862180,401.0
719,1377862185,395.0
719,1377862190,403.0
719,1377862195,406.0
719,1377862200,416.0
719,1377862205,411.0
719,1377862210,413.0
719,1377862215,411.0
719,1377862220,407.0
719,1377862225,403.0
719,1377862230,403.0
719,1377862235,408.0
719,1377862240,406.0
719,1377862245,412.0
719,1377862250,406.0
719,1377862255,403.0
719,1377862260,412.0
719,1377862265,409.0
719,1377862270,407.0
719,1377862275,417.0
719,1377862280,412.0
719,1377862285,409.0
719,1377862290,403.0
719,1377862295,404.0
719,1377862300,409.0
719,1377862305,420.0
719,1377862310,409.0
719,1377862315,411.0
719,1377862320,406.0
719,1377862325,406.0
719,1377862330,412.0
719,1377862335,409.0
719,1377862340,416.0
719,1377862345,413.0
719,1377862350,419.0
719,1377862355,417.0
719,1377862360,412.0
719,1377862365,407.0
719,1377862370,408.0
719,1377862375,408.0
719,1377862380,397.0
719,1377862385,397.0
719,1377862390,395.0
719,1377862395,396.0
719,1377862400,391.0
719,1377862405,397.0
719,1377862410,403.0
719,1377862415,405.0
719,1377862420,407.0
719,1377862425,403.0
719,1377862430,409.0
719,1377862435,408.0
719,1377862440,408.0
719,1377862445,408.0
719,1377862450,399.0
719,1377862455,412.0
719,1377862460,406.0
719,1377862465,403.0
719,1377862470,398.0
719,1377862475,397.0
719,1377862480,396.0
719,1377862485,396.0
719,1377862490,396.0
719,1377862495,398.0
719,1377862500,401.0
719,1377862505,397.0
719,1377862510,397.0
719,1377862515,401.0
719,1377862520,401.0
719,1377862525,402.0
719,1377862530,408.0
719,1377862535,399.0
719,1377862540,409.0
719,1377862545,406.0
719,1377862550,397.0
719,1377862555,401.0
719,1377862560,404.0
719,1377862565,397.0
719,1377862570,406.0
719,1377862575,408.0
719,1377862580,408.0
719,1377862585,406.0
719,1377862590,406.0
719,1377862595,408.0
719,1377862600,406.0
719,1377862605,414.0
719,1377862610,416.0
719,1377862615,416.0
719,1377862620,411.0
719,1377862625,412.0
719,1377862630,412.0
719,1377862635,406.0
719,1377862640,412.0
719,1377862645,403.0
719,1377862650,408.0
719,1377862655,406.0
719,1377862660,409.0
719,1377862665,409.0
719,1377862670,399.0
719,1377862675,406.0
719,1377862680,412.0
719,1377862685,408.0
719,1377862690,399.0
719,1377862695,403.0
719,1377862700,408.0
719,1377862705,409.0
719,1377862710,413.0
719,1377862715,420.0
719,1377862720,424.0
719,1377862725,415.0
719,1377862730,416.0
719,1377862735,411.0
719,1377862740,413.0
719,1377862745,416.0
719,1377862750,420.0
719,1377862755,415.0
719,1377862760,416.0
719,1377862765,418.0
719,1377862770,409.0
719,1377862775,403.0
719,1377862782,401.0
719,1377862785,404.0
719,1377862790,403.0
719,1377862795,408.0
719,1377862800,407.0
719,1377862805,409.0
719,1377862810,406.0
719,1377862815,406.0
719,1377862820,407.0
719,1377862825,409.0
719,1377862830,407.0
719,1377862835,418.0
719,1377862840,418.0
719,1377862845,411.0
719,1377862850,416.0
719,1377862855,406.0
719,1377862860,404.0
719,1377862865,401.0
719,1377862870,398.0
719,1377862875,402.0
719,1377862880,408.0
719,1377862885,406.0
719,1377862890,409.0
719,1377862895,406.0
719,1377862900,408.0
719,1377862905,403.0
719,1377862910,397.0
719,1377862915,401.0
719,1377862920,397.0
719,1377862925,401.0
719,1377862930,403.0
719,1377862935,398.0
719,1377862940,399.0
719,1377862945,403.0
719,1377862950,398.0
719,1377862955,398.0
719,1377862960,401.0
719,1377862965,396.0
719,1377862970,402.0
719,1377862975,404.0
719,1377862980,399.0
719,1377862985,408.0
719,1377862990,409.0
719,1377862995,404.0
719,1377863000,414.0
719,1377863005,414.0
719,1377863010,411.0
719,1377863015,409.0
719,1377863020,404.0
719,1377863025,406.0
719,1377863030,408.0
719,1377863035,416.0
719,1377863040,406.0
719,1377863045,404.0
719,1377863050,397.0
719,1377863055,398.0
719,1377863060,398.0
719,1377863065,406.0
719,1377863070,409.0
719,1377863075,412.0
719,1377863080,403.0
719,1377863085,402.0
719,1377863090,402.0
719,1377863095,406.0
719,1377863100,412.0
719,1377863105,411.0
719,1377863110,419.0
719,1377863115,420.0
719,1377863120,416.0
719,1377863125,406.0
719,1377863130,408.0
719,1377863135,403.0
719,1377863140,409.0
719,1377863145,409.0
719,1377863150,407.0
719,1377863155,420.0
719,1377863160,415.0
719,1377863165,412.0
719,1377863170,403.0
719,1377863175,395.0
719,1377863180,391.0
719,1377863185,393.0
719,1377863190,396.0
719,1377863195,397.0
719,1377863200,401.0
719,1377863205,401.0
719,1377863210,397.0
719,1377863215,401.0
719,1377863220,408.0
719,1377863225,403.0
719,1377863230,403.0
719,1377863235,403.0
719,1377863240,404.0
719,1377863245,403.0
719,1377863250,401.0
719,1377863255,397.0
719,1377863260,398.0
719,1377863265,408.0
719,1377863270,408.0
719,1377863275,409.0
719,1377863280,403.0
719,1377863285,406.0
719,1377863290,403.0
719,1377863295,406.0
719,1377863300,408.0
719,1377863305,409.0
719,1377863310,408.0
719,1377863315,403.0
719,1377863320,408.0
719,1377863325,407.0
719,1377863330,409.0
719,1377863335,409.0
719,1377863340,409.0
719,1377863345,403.0
719,1377863350,403.0
719,1377863355,403.0
719,1377863360,408.0
719,1377863365,404.0
719,1377863370,407.0
719,1377863375,414.0
719,1377863380,417.0
719,1377863385,416.0
719,1377863390,418.0
719,1377863395,411.0
719,1377863400,415.0
719,1377863405,411.0
719,1377863410,416.0
719,1377863415,409.0
719,1377863420,408.0
719,1377863425,408.0
719,1377863430,416.0
719,1377863435,408.0
719,1377863440,406.0
719,1377863445,404.0
719,1377863450,403.0
719,1377863455,403.0
719,1377863460,406.0
719,1377863465,411.0
719,1377863470,407.0
719,1377863475,411.0
719,1377863480,407.0
719,1377863485,416.0
719,1377863490,407.0
719,1377863495,412.0
719,1377863500,407.0
719,1377863508,409.0
719,1377863510,407.0
719,1377863515,416.0
719,1377863520,412.0
719,1377863525,417.0
719,1377863530,411.0
719,1377863535,413.0
719,1377863540,411.0
719,1377863545,411.0
719,1377863550,413.0
719,1377863555,413.0
719,1377863560,416.0
719,1377863565,403.0
719,1377863570,397.0
719,1377863575,398.0
719,1377863580,401.0
719,1377863585,403.0
719,1377863590,403.0
719,1377863595,408.0
719,1377863600,409.0
719,1377863605,406.0
719,1377863610,406.0
719,1377863615,406.0
719,1377863620,403.0
719,1377863625,406.0
719,1377863630,406.0
719,1377863635,412.0
719,1377863640,416.0
719,1377863645,411.0
719,1377863650,407.0
719,1377863655,403.0
719,1377863660,404.0
719,1377863665,397.0
719,1377863670,401.0
719,1377863675,412.0
719,1377863680,399.0
719,1377863685,403.0
719,1377863690,403.0
719,1377863695,398.0
719,1377863700,399.0
719,1377863705,396.0
719,1377863710,397.0
719,1377863715,398.0
719,1377863720,401.0
719,1377863725,409.0
719,1377863730,412.0
719,1377863735,407.0
719,1377863740,406.0
719,1377863745,403.0
719,1377863750,397.0
719,1377863755,395.0
719,1377863760,396.0
719,1377863765,397.0
719,1377863770,404.0
719,1377863775,406.0
719,1377863780,399.0
719,1377863785,408.0
719,1377863790,406.0
719,1377863795,408.0
719,1377863800,397.0
719,1377863805,398.0
719,1377863810,399.0
719,1377863815,403.0
719,1377863820,403.0
719,1377863825,399.0
719,1377863830,407.0
719,1377863835,416.0
719,1377863840,414.0
719,1377863845,406.0
719,1377863850,408.0
719,1377863855,399.0
719,1377863860,403.0
719,1377863865,408.0
719,1377863870,409.0
719,1377863875,409.0
719,1377863880,408.0
719,1377863885,404.0
719,1377863890,409.0
719,1377863895,408.0
719,1377863900,409.0
719,1377863905,408.0
719,1377863910,406.0
719,1377863915,412.0
719,1377863920,406.0
719,1377863925,403.0
719,1377863930,406.0
719,1377863935,399.0
719,1377863940,398.0
719,1377863945,408.0
719,1377863950,403.0
719,1377863955,403.0
719,1377863960,403.0
719,1377863965,403.0
719,1377863970,401.0
719,1377863975,399.0
719,1377863980,403.0
719,1377863985,406.0
719,1377863990,407.0
719,1377863995,409.0
719,1377864000,409.0
719,1377864005,407.0
719,1377864010,412.0
719,1377864015,408.0
719,1377864020,409.0
719,1377864025,407.0
719,1377864030,411.0
719,1377864035,411.0
719,1377864040,415.0
719,1377864045,415.0
719,1377864050,419.0
719,1377864055,418.0
719,1377864060,406.0
719,1377864065,411.0
719,1377864071,409.0
719,1377864075,416.0
719,1377864080,409.0
719,1377864085,406.0
719,1377864090,409.0
719,1377864095,407.0
719,1377864100,407.0
719,1377864105,409.0
719,1377864110,416.0
719,1377864115,413.0
719,1377864120,412.0
719,1377864125,418.0
719,1377864130,419.0
719,1377864135,413.0
719,1377864140,420.0
719,1377864145,416.0
719,1377864150,411.0
719,1377864155,416.0
719,1377864160,420.0
719,1377864165,413.0
719,1377864170,420.0
719,1377864175,407.0
719,1377864180,406.0
719,1377864185,403.0
719,1377864190,407.0
719,1377864195,404.0
719,1377864200,406.0
719,1377864205,403.0
719,1377864210,397.0
719,1377864215,401.0
719,1377864220,403.0
719,1377864228,412.0
719,1377864230,413.0
719,1377864235,413.0
719,1377864240,414.0
719,1377864245,412.0
719,1377864250,408.0
719,1377864255,403.0
719,1377864260,399.0
719,1377864265,401.0
719,1377864270,397.0
719,1377864275,408.0
719,1377864280,397.0
719,1377864285,398.0
719,1377864290,403.0
719,1377864295,412.0
719,1377864300,409.0
719,1377864305,411.0
719,1377864310,412.0
719,1377864315,420.0
719,1377864320,406.0
719,1377864325,408.0
719,1377864330,412.0
719,1377864335,398.0
719,1377864340,403.0
719,1377864345,406.0
719,1377864350,412.0
719,1377864355,409.0
719,1377864360,399.0
719,1377864365,403.0
719,1377864370,403.0
719,1377864375,407.0
719,1377864380,411.0
719,1377864385,419.0
719,1377864390,416.0
719,1377864395,416.0
719,1377864400,411.0
719,1377864405,412.0
719,1377864410,399.0
719,1377864415,406.0
719,1377864420,412.0
719,1377864425,412.0
719,1377864430,411.0
719,1377864435,414.0
719,1377864440,411.0
719,1377864445,406.0
719,1377864450,403.0
719,1377864455,405.0
719,1377864460,408.0
719,1377864465,399.0
719,1377864470,399.0
719,1377864475,404.0
719,1377864480,401.0
719,1377864485,409.0
719,1377864490,416.0
719,1377864495,413.0
719,1377864500,413.0
719,1377864505,419.0
719,1377864510,420.0
719,1377864515,414.0
719,1377864520,403.0
719,1377864525,397.0
719,1377864530,401.0
719,1377864535,398.0
719,1377864540,403.0
719,1377864545,412.0
719,1377864550,412.0
719,1377864555,411.0
719,1377864560,414.0
719,1377864565,407.0
719,1377864570,399.0
719,1377864575,401.0
719,1377864580,395.0
719,1377864585,396.0
719,1377864590,395.0
719,1377864595,397.0
719,1377864600,401.0
719,1377864605,403.0
719,1377864610,404.0
719,1377864615,397.0
719,1377864620,398.0
719,1377864625,395.0
719,1377864630,391.0
719,1377864635,396.0
719,1377864640,397.0
719,1377864645,401.0
719,1377864650,404.0
719,1377864655,408.0
719,1377864660,406.0
719,1377864665,409.0
719,1377864670,414.0
719,1377864675,420.0
719,1377864680,415.0
719,1377864685,411.0
719,1377864690,414.0
719,1377864695,406.0
719,1377864700,406.0
719,1377864705,409.0
719,1377864710,412.0
719,1377864715,408.0
719,1377864720,398.0
719,1377864725,408.0
719,1377864730,411.0
719,1377864735,415.0
719,1377864740,425.0
719,1377864745,415.0
719,1377864750,409.0
719,1377864755,404.0
719,1377864760,404.0
719,1377864765,391.0
719,1377864770,400.0
719,1377864775,404.0
719,1377864780,412.0
719,1377864785,409.0
719,1377864790,412.0
719,1377864795,407.0
719,1377864800,409.0
719,1377864805,409.0
719,1377864810,408.0
719,1377864815,409.0
719,1377864820,411.0
719,1377864825,407.0
719,1377864830,412.0
719,1377864835,409.0
719,1377864840,406.0
719,1377864845,412.0
719,1377864850,411.0
719,1377864855,419.0
719,1377864860,417.0
719,1377864865,424.0
719,1377864870,419.0
719,1377864875,418.0
719,1377864880,412.0
719,1377864885,409.0
719,1377864890,399.0
719,1377864895,400.0
719,1377864900,398.0
719,1377864905,403.0
719,1377864910,409.0
719,1377864915,416.0
719,1377864920,413.0
719,1377864926,411.0
719,1377864930,406.0
719,1377864935,409.0
719,1377864940,403.0
719,1377864945,412.0
719,1377864950,409.0
719,1377864955,407.0
719,1377864960,414.0
719,1377864965,416.0
719,1377864970,418.0
719,1377864975,411.0
719,1377864980,422.0
719,1377864985,422.0
719,1377864990,422.0
719,1377864995,411.0
719,1377865000,411.0
719,1377865005,409.0
719,1377865010,409.0
719,1377865015,406.0
719,1377865020,407.0
719,1377865025,411.0
719,1377865030,406.0
719,1377865035,407.0
719,1377865040,406.0
719,1377865045,412.0
719,1377865050,412.0
719,1377865055,408.0
719,1377865060,406.0
719,1377865065,399.0
719,1377865070,403.0
719,1377865075,398.0
719,1377865080,403.0
719,1377865085,403.0
719,1377865090,408.0
719,1377865095,406.0
719,1377865100,408.0
719,1377865105,408.0
719,1377865110,403.0
719,1377865115,403.0
719,1377865120,403.0
719,1377865125,403.0
719,1377865130,403.0
719,1377865135,408.0
719,1377865140,408.0
719,1377865145,408.0
719,1377865150,406.0
719,1377865155,406.0
719,1377865160,411.0
719,1377865165,409.0
719,1377865170,411.0
719,1377865175,404.0
719,1377865180,406.0
719,1377865185,404.0
719,1377865190,398.0
719,1377865195,408.0
719,1377865200,412.0
719,1377865205,416.0
719,1377865210,418.0
719,1377865215,413.0
719,1377865220,413.0
719,1377865225,406.0
719,1377865230,406.0
719,1377865235,403.0
719,1377865240,403.0
719,1377865246,397.0
719,1377865250,395.0
719,1377865255,391.0
719,1377865260,395.0
719,1377865265,397.0
719,1377865270,397.0
719,1377865275,398.0
719,1377865280,401.0
719,1377865285,408.0
719,1377865290,399.0
719,1377865295,404.0
719,1377865300,403.0
719,1377865305,408.0
719,1377865310,409.0
719,1377865315,411.0
719,1377865320,408.0
719,1377865325,399.0
719,1377865330,401.0
719,1377865335,393.0
719,1377865340,400.0
719,1377865345,398.0
719,1377865350,398.0
719,1377865355,397.0
719,1377865360,398.0
719,1377865365,397.0
719,1377865370,395.0
719,1377865375,399.0
719,1377865380,412.0
719,1377865385,418.0
719,1377865390,415.0
719,1377865395,419.0
719,1377865400,411.0
719,1377865405,409.0
719,1377865410,403.0
719,1377865415,403.0
719,1377865420,402.0
719,1377865425,396.0
719,1377865430,401.0
719,1377865435,409.0
719,1377865440,414.0
719,1377865445,416.0
719,1377865450,417.0
719,1377865455,414.0
719,1377865460,413.0
719,1377865465,411.0
719,1377865470,411.0
719,1377865475,407.0
719,1377865480,406.0
719,1377865485,409.0
719,1377865490,409.0
719,1377865495,411.0
719,1377865500,412.0
719,1377865505,411.0
719,1377865510,407.0
719,1377865515,403.0
719,1377865520,402.0
719,1377865525,401.0
719,1377865530,401.0
719,1377865535,403.0
719,1377865540,409.0
719,1377865545,409.0
719,1377865550,401.0
719,1377865555,398.0
719,1377865560,393.0
719,1377865565,397.0
719,1377865570,395.0
719,1377865575,397.0
719,1377865580,401.0
719,1377865585,398.0
719,1377865590,403.0
719,1377865595,407.0
719,1377865600,407.0
719,1377865605,407.0
719,1377865610,409.0
719,1377865615,411.0
719,1377865620,412.0
719,1377865625,409.0
719,1377865630,409.0
719,1377865635,403.0
719,1377865640,406.0
719,1377865645,412.0
719,1377865650,408.0
719,1377865655,403.0
719,1377865660,398.0
719,1377865665,391.0
719,1377865670,391.0
719,1377865675,398.0
719,1377865680,403.0
719,1377865685,412.0
719,1377865690,413.0
719,1377865695,411.0
719,1377865700,406.0
719,1377865705,408.0
719,1377865710,406.0
719,1377865715,412.0
719,1377865720,411.0
719,1377865725,409.0
719,1377865730,404.0
719,1377865735,406.0
719,1377865740,404.0
719,1377865745,406.0
719,1377865750,409.0
719,1377865755,409.0
719,1377865760,409.0
719,1377865765,408.0
719,1377865770,401.0
719,1377865775,401.0
719,1377865780,402.0
719,1377865785,406.0
719,1377865790,403.0
719,1377865795,408.0
719,1377865800,403.0
719,1377865805,409.0
719,1377865810,412.0
719,1377865815,416.0
719,1377865820,409.0
719,1377865825,409.0
719,1377865830,408.0
719,1377865835,406.0
719,1377865840,416.0
719,1377865845,414.0
719,1377865850,408.0
719,1377865855,397.0
719,1377865860,398.0
719,1377865865,395.0
719,1377865870,401.0
719,1377865875,407.0
719,1377865880,406.0
719,1377865885,409.0
719,1377865890,411.0
719,1377865895,420.0
719,1377865900,413.0
719,1377865905,413.0
719,1377865910,419.0
719,1377865915,420.0
719,1377865920,415.0
719,1377865925,420.0
719,1377865930,416.0
719,1377865935,403.0
719,1377865940,408.0
719,1377865945,401.0
719,1377865950,403.0
719,1377865955,403.0
719,1377865960,409.0
719,1377865965,406.0
719,1377865970,409.0
719,1377865975,407.0
719,1377865980,416.0
719,1377865985,412.0
719,1377865990,407.0
719,1377865995,403.0
719,1377866000,397.0
719,1377866005,401.0
719,1377866010,401.0
719,1377866015,406.0
719,1377866020,413.0
719,1377866025,411.0
719,1377866030,409.0
719,1377866035,406.0
719,1377866040,393.0
719,1377866045,393.0
719,1377866050,390.0
719,1377866055,395.0
719,1377866060,391.0
719,1377866065,397.0
719,1377866070,398.0
719,1377866075,401.0
719,1377866080,406.0
719,1377866085,403.0
719,1377866090,408.0
719,1377866095,406.0
719,1377866100,407.0
719,1377866105,412.0
719,1377866110,409.0
719,1377866115,403.0
719,1377866120,406.0
719,1377866125,408.0
719,1377866130,406.0
719,1377866135,407.0
719,1377866140,409.0
719,1377866145,411.0
719,1377866150,406.0
719,1377866155,407.0
719,1377866160,398.0
719,1377866165,406.0
719,1377866170,409.0
719,1377866175,401.0
719,1377866180,407.0
719,1377866185,406.0
719,1377866190,409.0
719,1377866195,407.0
719,1377866200,409.0
719,1377866205,412.0
719,1377866210,412.0
719,1377866215,406.0
719,1377866220,403.0
719,1377866225,403.0
719,1377866230,398.0
719,1377866235,398.0
719,1377866240,402.0
719,1377866245,401.0
719,1377866250,401.0
719,1377866255,402.0
719,1377866260,404.0
719,1377866265,404.0
719,1377866270,401.0
719,1377866275,402.0
719,1377866280,401.0
719,1377866285,398.0
719,1377866290,405.0
719,1377866295,420.0
719,1377866300,411.0
719,1377866305,411.0
719,1377866310,407.0
719,1377866315,407.0
719,1377866320,407.0
719,1377866325,411.0
719,1377866330,402.0
719,1377866335,401.0
719,1377866340,403.0
719,1377866345,405.0
719,1377866350,409.0
719,1377866355,409.0
719,1377866360,407.0
719,1377866365,406.0
719,1377866370,398.0
719,1377866375,403.0
719,1377866380,408.0
719,1377866385,412.0
719,1377866390,420.0
719,1377866395,411.0
719,1377866400,409.0
719,1377866405,404.0
719,1377866410,404.0
719,1377866415,397.0
719,1377866420,401.0
719,1377866425,397.0
719,1377866430,397.0
719,1377866435,398.0
719,1377866440,397.0
719,1377866445,401.0
719,1377866450,420.0
719,1377866455,412.0
719,1377866460,411.0
719,1377866465,411.0
719,1377866470,407.0
719,1377866475,406.0
719,1377866480,411.0
719,1377866485,420.0
719,1377866490,413.0
719,1377866495,418.0
719,1377866500,411.0
719,1377866505,411.0
719,1377866510,407.0
719,1377866515,411.0
719,1377866520,412.0
719,1377866525,408.0
719,1377866530,403.0
719,1377866535,408.0
719,1377866540,409.0
719,1377866545,412.0
719,1377866550,409.0
719,1377866555,407.0
719,1377866560,407.0
719,1377866565,412.0
719,1377866570,406.0
719,1377866575,409.0
719,1377866580,401.0
719,1377866586,404.0
719,1377866590,408.0
719,1377866595,403.0
719,1377866600,399.0
719,1377866605,404.0
719,1377866610,403.0
719,1377866615,403.0
719,1377866620,408.0
719,1377866625,408.0
719,1377866630,407.0
719,1377866635,412.0
719,1377866640,408.0
719,1377866645,403.0
719,1377866650,403.0
719,1377866655,406.0
719,1377866660,420.0
719,1377866665,407.0
719,1377866670,408.0
719,1377866675,404.0
719,1377866680,399.0
719,1377866685,401.0
719,1377866690,404.0
719,1377866695,403.0
719,1377866700,412.0
719,1377866705,408.0
719,1377866710,406.0
719,1377866715,403.0
719,1377866720,403.0
719,1377866725,404.0
719,1377866730,407.0
719,1377866735,413.0
719,1377866740,418.0
719,1377866745,413.0
719,1377866750,416.0
719,1377866755,411.0
719,1377866760,406.0
719,1377866765,407.0
719,1377866770,406.0
719,1377866775,416.0
719,1377866780,411.0
719,1377866785,411.0
719,1377866790,409.0
719,1377866795,409.0
719,1377866800,403.0
719,1377866805,403.0
719,1377866810,409.0
719,1377866815,412.0
719,1377866820,406.0
719,1377866825,412.0
719,1377866830,408.0
719,1377866835,408.0
719,1377866840,407.0
719,1377866845,411.0
719,1377866850,413.0
719,1377866855,407.0
719,1377866860,407.0
719,1377866865,406.0
719,1377866870,408.0
719,1377866875,404.0
719,1377866880,401.0
719,1377866885,397.0
719,1377866890,404.0
719,1377866895,409.0
719,1377866900,407.0
719,1377866905,413.0
719,1377866910,411.0
719,1377866915,420.0
719,1377866920,411.0
719,1377866925,416.0
719,1377866930,418.0
719,1377866935,416.0
719,1377866940,416.0
719,1377866945,407.0
719,1377866950,408.0
719,1377866955,403.0
719,1377866960,399.0
719,1377866965,406.0
719,1377866970,409.0
719,1377866975,411.0
719,1377866980,411.0
719,1377866985,413.0
719,1377866990,416.0
719,1377866995,414.0
719,1377867000,403.0
719,1377867005,403.0
719,1377867010,404.0
719,1377867015,399.0
719,1377867020,412.0
719,1377867025,401.0
719,1377867030,401.0
719,1377867035,401.0
719,1377867040,397.0
719,1377867045,398.0
719,1377867050,406.0
719,1377867055,406.0
719,1377867060,406.0
719,1377867065,420.0
719,1377867070,416.0
719,1377867075,407.0
719,1377867080,412.0
719,1377867085,412.0
719,1377867090,401.0
719,1377867095,397.0
719,1377867100,398.0
719,1377867105,396.0
719,1377867110,391.0
719,1377867115,396.0
719,1377867120,400.0
719,1377867125,401.0
719,1377867130,403.0
719,1377867135,408.0
719,1377867140,409.0
719,1377867145,416.0
719,1377867150,416.0
719,1377867155,419.0
719,1377867160,418.0
719,1377867165,411.0
719,1377867173,411.0
719,1377867175,412.0
719,1377867180,403.0
719,1377867185,403.0
719,1377867190,412.0
719,1377867195,403.0
719,1377867200,399.0
719,1377867205,408.0
719,1377867210,406.0
719,1377867215,403.0
719,1377867220,406.0
719,1377867225,398.0
719,1377867230,401.0
719,1377867235,397.0
719,1377867240,395.0
719,1377867245,393.0
719,1377867250,383.0
719,1377867255,382.0
719,1377867260,390.0
719,1377867265,396.0
719,1377867270,403.0
719,1377867275,406.0
719,1377867280,406.0
719,1377867285,411.0
719,1377867290,402.0
719,1377867295,401.0
719,1377867300,391.0
719,1377867305,397.0
719,1377867310,401.0
719,1377867315,404.0
719,1377867320,406.0
719,1377867325,406.0
719,1377867330,407.0
719,1377867335,412.0
719,1377867340,412.0
719,1377867345,403.0
719,1377867350,403.0
719,1377867355,408.0
719,1377867360,412.0
719,1377867365,409.0
719,1377867370,412.0
719,1377867375,406.0
719,1377867380,399.0
719,1377867385,403.0
719,1377867390,404.0
719,1377867395,403.0
719,1377867400,404.0
719,1377867405,398.0
719,1377867410,408.0
719,1377867415,401.0
719,1377867420,401.0
719,1377867425,403.0
719,1377867430,408.0
719,1377867435,411.0
719,1377867440,411.0
719,1377867445,407.0
719,1377867450,407.0
719,1377867455,406.0
719,1377867460,403.0
719,1377867465,408.0
719,1377867470,399.0
719,1377867475,403.0
719,1377867480,397.0
719,1377867485,403.0
719,1377867490,403.0
719,1377867495,412.0
719,1377867500,409.0
719,1377867505,408.0
719,1377867510,408.0
719,1377867515,403.0
719,1377867520,395.0
719,1377867525,396.0
719,1377867530,392.0
719,1377867535,396.0
719,1377867540,391.0
719,1377867545,391.0
719,1377867550,395.0
719,1377867555,402.0
719,1377867560,403.0
719,1377867565,409.0
719,1377867570,412.0
719,1377867575,407.0
719,1377867580,412.0
719,1377867585,409.0
719,1377867590,408.0
719,1377867595,406.0
719,1377867600,406.0
719,1377867605,412.0
719,1377867610,416.0
719,1377867615,407.0
719,1377867621,414.0
719,1377867625,411.0
719,1377867630,411.0
719,1377867635,412.0
719,1377867640,409.0
719,1377867645,406.0
719,1377867650,412.0
719,1377867655,413.0
719,1377867660,411.0
719,1377867665,407.0
719,1377867670,407.0
719,1377867675,409.0
719,1377867680,412.0
719,1377867685,404.0
719,1377867690,403.0
719,1377867695,404.0
719,1377867700,403.0
719,1377867705,395.0
719,1377867710,393.0
719,1377867715,393.0
719,1377867720,390.0
719,1377867725,398.0
719,1377867730,397.0
719,1377867735,401.0
719,1377867740,406.0
719,1377867745,406.0
719,1377867750,401.0
719,1377867755,401.0
719,1377867760,398.0
719,1377867765,398.0
719,1377867770,401.0
719,1377867775,404.0
719,1377867780,408.0
719,1377867785,407.0
719,1377867790,409.0
719,1377867795,407.0
719,1377867800,406.0
719,1377867805,406.0
719,1377867810,408.0
719,1377867815,412.0
719,1377867820,407.0
719,1377867825,413.0
719,1377867830,416.0
719,1377867835,411.0
719,1377867840,409.0
719,1377867845,406.0
719,1377867850,408.0
719,1377867855,409.0
719,1377867860,416.0
719,1377867865,407.0
719,1377867870,403.0
719,1377867875,401.0
719,1377867880,403.0
719,1377867885,406.0
719,1377867890,412.0
719,1377867895,407.0
719,1377867900,412.0
719,1377867905,403.0
719,1377867910,401.0
719,1377867915,397.0
719,1377867920,403.0
719,1377867925,398.0
719,1377867930,408.0
719,1377867935,404.0
719,1377867940,401.0
719,1377867945,397.0
719,1377867950,398.0
719,1377867955,401.0
719,1377867960,399.0
719,1377867965,409.0
719,1377867970,407.0
719,1377867975,408.0
719,1377867980,403.0
719,1377867985,398.0
719,1377867990,400.0
719,1377867995,398.0
719,1377868000,408.0
719,1377868005,408.0
719,1377868010,407.0
719,1377868015,409.0
719,1377868020,406.0
719,1377868025,407.0
719,1377868030,406.0
719,1377868035,403.0
719,1377868040,406.0
719,1377868045,412.0
719,1377868050,406.0
719,1377868055,409.0
719,1377868060,408.0
719,1377868065,409.0
719,1377868070,407.0
719,1377868075,407.0
719,1377868080,409.0
719,1377868085,412.0
719,1377868090,407.0
719,1377868095,406.0
719,1377868100,404.0
719,1377868105,403.0
719,1377868110,404.0
719,1377868115,402.0
719,1377868120,406.0
719,1377868125,412.0
719,1377868130,416.0
719,1377868135,406.0
719,1377868140,399.0
719,1377868145,397.0
719,1377868150,397.0
719,1377868155,406.0
719,1377868160,414.0
719,1377868165,412.0
719,1377868170,411.0
719,1377868175,409.0
719,1377868180,402.0
719,1377868185,391.0
719,1377868190,395.0
719,1377868195,398.0
719,1377868200,412.0
719,1377868205,399.0
719,1377868210,408.0
719,1377868215,409.0
719,1377868220,412.0
719,1377868225,411.0
719,1377868230,412.0
719,1377868235,408.0
719,1377868240,406.0
719,1377868245,397.0
719,1377868250,398.0
719,1377868255,404.0
719,1377868260,403.0
719,1377868265,412.0
719,1377868270,411.0
719,1377868275,413.0
719,1377868280,420.0
719,1377868285,413.0
719,1377868290,406.0
719,1377868295,408.0
719,1377868300,403.0
719,1377868305,403.0
719,1377868310,401.0
719,1377868315,406.0
719,1377868320,412.0
719,1377868325,409.0
719,1377868330,411.0
719,1377868335,412.0
719,1377868340,408.0
719,1377868345,397.0
719,1377868350,398.0
719,1377868355,398.0
719,1377868360,406.0
719,1377868365,405.0
719,1377868370,406.0
719,1377868375,404.0
719,1377868380,401.0
719,1377868385,406.0
719,1377868390,412.0
719,1377868395,416.0
719,1377868400,406.0
719,1377868405,406.0
719,1377868410,404.0
719,1377868415,403.0
719,1377868420,403.0
719,1377868425,408.0
719,1377868430,412.0
719,1377868435,407.0
719,1377868440,414.0
719,1377868445,411.0
719,1377868450,420.0
719,1377868455,407.0
719,1377868460,413.0
719,1377868465,407.0
719,1377868470,414.0
719,1377868475,411.0
719,1377868480,411.0
719,1377868485,412.0
719,1377868490,403.0
719,1377868495,404.0
719,1377868500,395.0
719,1377868505,395.0
719,1377868510,402.0
719,1377868515,408.0
719,1377868520,414.0
719,1377868525,416.0
719,1377868530,412.0
719,1377868535,407.0
719,1377868540,403.0
719,1377868545,399.0
719,1377868550,412.0
719,1377868555,420.0
719,1377868560,416.0
719,1377868565,416.0
719,1377868570,407.0
719,1377868575,409.0
719,1377868580,404.0
719,1377868585,413.0
719,1377868591,412.0
719,1377868595,416.0
719,1377868600,399.0
719,1377868605,399.0
719,1377868610,397.0
719,1377868615,401.0
719,1377868620,398.0
719,1377868625,397.0
719,1377868630,403.0
719,1377868635,408.0
719,1377868640,411.0
719,1377868645,416.0
719,1377868650,411.0
719,1377868655,416.0
719,1377868660,409.0
719,1377868665,416.0
719,1377868670,412.0
719,1377868675,409.0
719,1377868680,406.0
719,1377868685,399.0
719,1377868690,409.0
719,1377868695,412.0
719,1377868700,414.0
719,1377868705,407.0
719,1377868710,407.0
719,1377868715,409.0
719,1377868720,412.0
719,1377868725,406.0
719,1377868730,409.0
719,1377868735,412.0
719,1377868740,408.0
719,1377868745,407.0
719,1377868750,409.0
719,1377868755,411.0
719,1377868760,411.0
719,1377868765,412.0
719,1377868770,407.0
719,1377868775,402.0
719,1377868780,403.0
719,1377868785,403.0
719,1377868790,404.0
719,1377868795,409.0
719,1377868800,406.0
719,1377868805,416.0
719,1377868810,418.0
719,1377868815,416.0
719,1377868820,411.0
719,1377868825,420.0
719,1377868830,413.0
719,1377868835,418.0
719,1377868840,409.0
719,1377868845,409.0
719,1377868850,406.0
719,1377868855,412.0
719,1377868860,409.0
719,1377868865,407.0
719,1377868870,403.0
719,1377868875,406.0
719,1377868880,407.0
719,1377868885,420.0
719,1377868890,418.0
719,1377868895,418.0
719,1377868900,420.0
719,1377868905,416.0
719,1377868910,409.0
719,1377868915,407.0
719,1377868920,403.0
719,1377868925,404.0
719,1377868930,402.0
719,1377868935,398.0
719,1377868940,405.0
719,1377868945,406.0
719,1377868950,416.0
719,1377868955,420.0
719,1377868960,411.0
719,1377868965,409.0
719,1377868970,409.0
719,1377868975,407.0
719,1377868980,413.0
719,1377868985,415.0
719,1377868990,418.0
719,1377868995,420.0
719,1377869000,420.0
719,1377869005,419.0
719,1377869010,422.0
719,1377869015,420.0
719,1377869020,418.0
719,1377869025,420.0
719,1377869030,411.0
719,1377869035,407.0
719,1377869040,411.0
719,1377869045,420.0
719,1377869050,407.0
719,1377869055,413.0
719,1377869060,412.0
719,1377869065,406.0
719,1377869070,409.0
719,1377869075,414.0
719,1377869080,416.0
719,1377869085,418.0
719,1377869090,406.0
719,1377869095,412.0
719,1377869100,403.0
719,1377869105,404.0
719,1377869110,397.0
719,1377869115,393.0
719,1377869120,393.0
719,1377869125,391.0
719,1377869130,402.0
719,1377869135,406.0
719,1377869140,411.0
719,1377869145,418.0
719,1377869150,411.0
719,1377869155,411.0
719,1377869160,409.0
719,1377869165,408.0
719,1377869170,404.0
719,1377869175,390.0
719,1377869180,397.0
719,1377869185,395.0
719,1377869190,401.0
719,1377869195,398.0
719,1377869200,406.0
719,1377869205,403.0
719,1377869210,409.0
719,1377869215,407.0
719,1377869220,409.0
719,1377869225,412.0
719,1377869230,414.0
719,1377869235,406.0
719,1377869240,407.0
719,1377869245,409.0
719,1377869250,401.0
719,1377869255,399.0
719,1377869260,401.0
719,1377869265,401.0
719,1377869270,402.0
719,1377869275,398.0
719,1377869280,403.0
719,1377869285,401.0
719,1377869290,403.0
719,1377869295,398.0
719,1377869300,406.0
719,1377869305,406.0
719,1377869310,408.0
719,1377869315,406.0
719,1377869320,406.0
719,1377869325,409.0
719,1377869330,408.0
719,1377869335,406.0
719,1377869340,412.0
719,1377869345,408.0
719,1377869350,404.0
719,1377869355,401.0
719,1377869360,398.0
719,1377869365,399.0
719,1377869370,398.0
719,1377869375,397.0
719,1377869380,401.0
719,1377869385,402.0
719,1377869390,398.0
719,1377869395,403.0
719,1377869400,403.0
719,1377869405,398.0
719,1377869410,398.0
719,1377869415,402.0
719,1377869420,398.0
719,1377869425,407.0
719,1377869430,420.0
719,1377869435,413.0
719,1377869440,418.0
719,1377869445,418.0
719,1377869450,411.0
719,1377869455,409.0
719,1377869460,416.0
719,1377869465,407.0
719,1377869470,406.0
719,1377869475,403.0
719,1377869480,398.0
719,1377869485,403.0
719,1377869490,403.0
719,1377869495,406.0
719,1377869500,407.0
719,1377869505,416.0
719,1377869510,415.0
719,1377869515,419.0
719,1377869520,416.0
719,1377869525,409.0
719,1377869530,404.0
719,1377869535,397.0
719,1377869540,390.0
719,1377869545,395.0
719,1377869550,391.0
719,1377869555,404.0
719,1377869560,402.0
719,1377869565,398.0
719,1377869570,402.0
719,1377869575,397.0
719,1377869580,398.0
719,1377869585,398.0
719,1377869590,396.0
719,1377869595,398.0
719,1377869600,402.0
719,1377869605,404.0
719,1377869610,403.0
719,1377869615,404.0
719,1377869620,403.0
719,1377869625,401.0
719,1377869630,398.0
719,1377869635,395.0
719,1377869640,395.0
719,1377869645,398.0
719,1377869650,395.0
719,1377869655,397.0
719,1377869660,398.0
719,1377869665,397.0
719,1377869670,403.0
719,1377869675,406.0
719,1377869680,407.0
719,1377869685,414.0
719,1377869690,416.0
719,1377869695,409.0
719,1377869700,407.0
719,1377869705,412.0
719,1377869710,407.0
719,1377869715,406.0
719,1377869720,408.0
719,1377869725,414.0
719,1377869730,420.0
719,1377869735,411.0
719,1377869740,407.0
719,1377869745,398.0
719,1377869750,402.0
719,1377869755,395.0
719,1377869760,399.0
719,1377869765,396.0
719,1377869770,401.0
719,1377869775,403.0
719,1377869780,406.0
719,1377869785,409.0
719,1377869790,401.0
719,1377869795,398.0
719,1377869800,393.0
719,1377869805,391.0
719,1377869810,398.0
719,1377869815,403.0
719,1377869820,404.0
719,1377869825,408.0
719,1377869830,412.0
719,1377869835,407.0
719,1377869840,415.0
719,1377869845,415.0
719,1377869850,419.0
719,1377869855,414.0
719,1377869860,412.0
719,1377869865,412.0
719,1377869870,406.0
719,1377869875,412.0
719,1377869880,411.0
719,1377869885,416.0
719,1377869890,411.0
719,1377869895,403.0
719,1377869900,406.0
719,1377869905,397.0
719,1377869910,401.0
719,1377869915,398.0
719,1377869920,404.0
719,1377869925,406.0
719,1377869930,406.0
719,1377869935,408.0
719,1377869940,416.0
719,1377869945,404.0
719,1377869950,406.0
719,1377869955,403.0
719,1377869960,406.0
719,1377869965,399.0
719,1377869970,406.0
719,1377869975,409.0
719,1377869980,409.0
719,1377869985,407.0
719,1377869990,412.0
719,1377869995,407.0
719,1377870000,409.0
719,1377870005,403.0
719,1377870010,408.0
719,1377870015,403.0
719,1377870020,403.0
719,1377870025,408.0
719,1377870030,407.0
719,1377870035,414.0
719,1377870040,413.0
719,1377870045,411.0
719,1377870050,407.0
719,1377870055,409.0
719,1377870060,403.0
719,1377870065,399.0
719,1377870070,397.0
719,1377870075,399.0
719,1377870080,403.0
719,1377870085,403.0
719,1377870090,402.0
719,1377870095,403.0
719,1377870100,407.0
719,1377870105,411.0
719,1377870110,413.0
719,1377870115,413.0
719,1377870120,413.0
719,1377870125,411.0
719,1377870130,411.0
719,1377870135,420.0
719,1377870140,413.0
719,1377870145,409.0
719,1377870150,409.0
719,1377870155,406.0
719,1377870160,414.0
719,1377870165,420.0
719,1377870170,420.0
719,1377870175,415.0
719,1377870180,415.0
719,1377870185,414.0
719,1377870190,411.0
719,1377870195,412.0
719,1377870200,413.0
719,1377870205,406.0
719,1377870210,406.0
719,1377870215,406.0
719,1377870220,412.0
719,1377870225,406.0
719,1377870230,406.0
719,1377870235,406.0
719,1377870240,408.0
719,1377870245,408.0
719,1377870250,404.0
719,1377870255,404.0
719,1377870260,403.0
719,1377870265,403.0
719,1377870270,406.0
719,1377870275,408.0
719,1377870280,406.0
719,1377870285,408.0
719,1377870290,406.0
719,1377870295,420.0
719,1377870300,412.0
719,1377870305,418.0
719,1377870310,420.0
719,1377870315,415.0
719,1377870320,411.0
719,1377870325,411.0
719,1377870330,406.0
719,1377870335,412.0
719,1377870340,409.0
719,1377870345,416.0
719,1377870350,411.0
719,1377870355,412.0
719,1377870360,411.0
719,1377870365,399.0
719,1377870370,403.0
719,1377870375,408.0
719,1377870380,409.0
719,1377870385,407.0
719,1377870390,406.0
719,1377870395,404.0
719,1377870400,404.0
719,1377870405,406.0
719,1377870410,409.0
719,1377870415,407.0
719,1377870420,407.0
719,1377870425,407.0
719,1377870430,408.0
719,1377870435,398.0
719,1377870440,401.0
719,1377870445,404.0
719,1377870450,411.0
719,1377870455,411.0
719,1377870460,413.0
719,1377870465,411.0
719,1377870470,420.0
719,1377870475,413.0
719,1377870480,411.0
719,1377870485,411.0
719,1377870490,412.0
719,1377870495,406.0
719,1377870500,399.0
719,1377870505,404.0
719,1377870510,404.0
719,1377870515,403.0
719,1377870520,407.0
719,1377870525,406.0
719,1377870530,408.0
719,1377870535,401.0
719,1377870540,403.0
719,1377870545,402.0
719,1377870550,403.0
719,1377870555,409.0
719,1377870560,409.0
719,1377870565,409.0
719,1377870570,404.0
719,1377870575,403.0
719,1377870580,401.0
719,1377870585,406.0
719,1377870590,406.0
719,1377870595,407.0
719,1377870600,409.0
719,1377870605,406.0
719,1377870610,406.0
719,1377870615,412.0
719,1377870620,405.0
719,1377870625,404.0
719,1377870630,398.0
719,1377870635,398.0
719,1377870640,404.0
719,1377870645,399.0
719,1377870650,398.0
719,1377870655,402.0
719,1377870660,397.0
719,1377870665,403.0
719,1377870670,409.0
719,1377870675,406.0
719,1377870680,406.0
719,1377870685,404.0
719,1377870690,403.0
719,1377870695,406.0
719,1377870700,409.0
719,1377870705,404.0
719,1377870710,398.0
719,1377870715,401.0
719,1377870720,409.0
719,1377870725,403.0
719,1377870730,398.0
719,1377870735,404.0
719,1377870740,401.0
719,1377870745,403.0
719,1377870750,397.0
719,1377870755,401.0
719,1377870760,398.0
719,1377870765,398.0
719,1377870770,400.0
719,1377870775,397.0
719,1377870780,406.0
719,1377870785,409.0
719,1377870790,416.0
719,1377870795,413.0
719,1377870800,416.0
719,1377870805,411.0
719,1377870810,407.0
719,1377870815,420.0
719,1377870820,411.0
719,1377870825,411.0
719,1377870830,412.0
719,1377870835,411.0
719,1377870840,407.0
719,1377870845,418.0
719,1377870850,409.0
719,1377870855,408.0
719,1377870860,405.0
719,1377870865,404.0
719,1377870870,412.0
719,1377870875,407.0
719,1377870880,408.0
719,1377870885,408.0
719,1377870890,403.0
719,1377870895,409.0
719,1377870900,412.0
719,1377870905,409.0
719,1377870910,416.0
719,1377870915,413.0
719,1377870920,413.0
719,1377870925,411.0
719,1377870930,411.0
719,1377870935,399.0
719,1377870940,409.0
719,1377870945,399.0
719,1377870950,406.0
719,1377870955,412.0
719,1377870960,412.0
719,1377870965,404.0
719,1377870970,408.0
719,1377870975,407.0
719,1377870980,414.0
719,1377870985,411.0
719,1377870990,413.0
719,1377870995,411.0
719,1377871000,411.0
719,1377871005,407.0
719,1377871010,411.0
719,1377871015,412.0
719,1377871020,401.0
719,1377871025,398.0
719,1377871030,399.0
719,1377871035,408.0
719,1377871040,409.0
719,1377871045,412.0
719,1377871050,406.0
719,1377871055,411.0
719,1377871060,420.0
719,1377871065,413.0
719,1377871070,405.0
719,1377871075,403.0
719,1377871080,397.0
719,1377871085,401.0
719,1377871090,400.0
719,1377871095,403.0
719,1377871100,397.0
719,1377871105,408.0
719,1377871110,407.0
719,1377871115,412.0
719,1377871120,412.0
719,1377871125,412.0
719,1377871130,407.0
719,1377871135,418.0
719,1377871140,418.0
719,1377871145,411.0
719,1377871150,412.0
719,1377871155,407.0
719,1377871160,403.0
719,1377871165,407.0
719,1377871170,411.0
719,1377871175,424.0
719,1377871180,424.0
719,1377871185,417.0
719,1377871190,420.0
719,1377871195,399.0
719,1377871200,408.0
719,1377871205,396.0
719,1377871210,398.0
719,1377871215,398.0
719,1377871220,401.0
719,1377871225,401.0
719,1377871230,404.0
719,1377871235,412.0
719,1377871240,407.0
719,1377871245,406.0
719,1377871250,403.0
719,1377871255,401.0
719,1377871260,397.0
719,1377871265,398.0
719,1377871270,399.0
719,1377871275,406.0
719,1377871280,408.0
719,1377871285,408.0
719,1377871290,408.0
719,1377871295,408.0
719,1377871300,406.0
719,1377871305,403.0
719,1377871310,399.0
719,1377871315,403.0
719,1377871320,403.0
719,1377871325,403.0
719,1377871330,404.0
719,1377871335,408.0
719,1377871340,404.0
719,1377871345,409.0
719,1377871350,399.0
719,1377871355,408.0
719,1377871360,406.0
719,1377871365,404.0
719,1377871370,403.0
719,1377871375,401.0
719,1377871380,399.0
719,1377871385,401.0
719,1377871390,397.0
719,1377871395,397.0
719,1377871400,398.0
719,1377871405,408.0
719,1377871410,407.0
719,1377871415,420.0
719,1377871420,407.0
719,1377871425,406.0
719,1377871430,403.0
719,1377871435,401.0
719,1377871440,400.0
719,1377871445,396.0
719,1377871450,395.0
719,1377871455,396.0
719,1377871460,399.0
719,1377871465,398.0
719,1377871470,409.0
719,1377871475,406.0
719,1377871480,409.0
719,1377871485,403.0
719,1377871490,397.0
719,1377871495,401.0
719,1377871500,397.0
719,1377871505,402.0
719,1377871510,402.0
719,1377871515,403.0
719,1377871520,395.0
719,1377871525,393.0
719,1377871530,391.0
719,1377871535,401.0
719,1377871540,407.0
719,1377871545,418.0
719,1377871550,411.0
719,1377871555,409.0
719,1377871560,403.0
719,1377871565,404.0
719,1377871570,404.0
719,1377871575,408.0
719,1377871580,401.0
719,1377871585,404.0
719,1377871590,403.0
719,1377871595,407.0
719,1377871600,411.0
719,1377871605,409.0
719,1377871610,406.0
719,1377871615,408.0
719,1377871620,399.0
719,1377871625,403.0
719,1377871630,401.0
719,1377871635,408.0
719,1377871640,406.0
719,1377871645,411.0
719,1377871650,406.0
719,1377871655,408.0
719,1377871660,404.0
719,1377871665,408.0
719,1377871670,409.0
719,1377871675,407.0
719,1377871680,413.0
719,1377871685,413.0
719,1377871690,418.0
719,1377871695,413.0
719,1377871700,428.0
719,1377871705,411.0
719,1377871710,418.0
719,1377871715,406.0
719,1377871720,412.0
719,1377871725,407.0
719,1377871730,406.0
719,1377871735,403.0
719,1377871740,398.0
719,1377871745,403.0
719,1377871750,403.0
719,1377871755,408.0
719,1377871760,409.0
719,1377871765,412.0
719,1377871770,409.0
719,1377871776,409.0
719,1377871780,398.0
719,1377871785,393.0
719,1377871790,396.0
719,1377871795,393.0
719,1377871800,398.0
719,1377871805,398.0
719,1377871810,401.0
719,1377871815,408.0
719,1377871820,406.0
719,1377871825,407.0
719,1377871830,412.0
719,1377871835,409.0
719,1377871840,403.0
719,1377871845,399.0
719,1377871850,403.0
719,1377871855,403.0
719,1377871860,404.0
719,1377871865,401.0
719,1377871870,401.0
719,1377871875,403.0
719,1377871880,398.0
719,1377871885,404.0
719,1377871890,404.0
719,1377871895,397.0
719,1377871900,404.0
719,1377871905,401.0
719,1377871910,401.0
719,1377871915,403.0
719,1377871920,408.0
719,1377871925,404.0
719,1377871930,405.0
719,1377871935,404.0
719,1377871940,403.0
719,1377871945,409.0
719,1377871950,420.0
719,1377871955,416.0
719,1377871960,416.0
719,1377871965,412.0
719,1377871970,412.0
719,1377871975,409.0
719,1377871980,404.0
719,1377871985,404.0
719,1377871990,391.0
719,1377871995,397.0
719,1377872000,403.0
719,1377872005,403.0
719,1377872010,406.0
719,1377872015,404.0
719,1377872020,396.0
719,1377872025,396.0
719,1377872030,395.0
719,1377872035,400.0
719,1377872040,402.0
719,1377872045,401.0
719,1377872050,408.0
719,1377872055,406.0
719,1377872060,407.0
719,1377872065,428.0
719,1377872070,422.0
719,1377872075,425.0
719,1377872080,413.0
719,1377872085,412.0
719,1377872090,404.0
719,1377872095,397.0
719,1377872100,393.0
719,1377872105,396.0
719,1377872110,398.0
719,1377872115,402.0
719,1377872120,406.0
719,1377872125,414.0
719,1377872130,411.0
719,1377872135,406.0
719,1377872140,404.0
719,1377872145,396.0
719,1377872150,393.0
719,1377872155,391.0
719,1377872160,403.0
719,1377872165,408.0
719,1377872170,412.0
719,1377872175,409.0
719,1377872180,420.0
719,1377872185,406.0
719,1377872190,409.0
719,1377872195,399.0
719,1377872200,403.0
719,1377872205,403.0
719,1377872210,409.0
719,1377872215,406.0
719,1377872220,413.0
719,1377872225,409.0
719,1377872230,407.0
719,1377872235,413.0
719,1377872240,416.0
719,1377872245,416.0
719,1377872250,409.0
719,1377872255,399.0
719,1377872260,402.0
719,1377872266,403.0
719,1377872270,403.0
719,1377872275,398.0
719,1377872280,403.0
719,1377872285,406.0
719,1377872290,407.0
719,1377872295,412.0
719,1377872300,409.0
719,1377872305,412.0
719,1377872310,401.0
719,1377872315,401.0
719,1377872320,400.0
719,1377872325,397.0
719,1377872330,401.0
719,1377872335,399.0
719,1377872340,409.0
719,1377872345,411.0
719,1377872350,411.0
719,1377872355,406.0
719,1377872360,409.0
719,1377872365,403.0
719,1377872370,406.0
719,1377872375,398.0
719,1377872380,407.0
719,1377872385,407.0
719,1377872390,411.0
719,1377872395,416.0
719,1377872400,414.0
719,1377872405,407.0
719,1377872410,404.0
719,1377872415,390.0
719,1377872420,391.0
719,1377872425,400.0
719,1377872430,403.0
719,1377872435,408.0
719,1377872440,409.0
719,1377872445,401.0
719,1377872450,408.0
719,1377872455,398.0
719,1377872460,403.0
719,1377872465,403.0
719,1377872470,408.0
719,1377872475,408.0
719,1377872480,408.0
719,1377872485,409.0
719,1377872490,409.0
719,1377872499,406.0
719,1377872500,403.0
719,1377872505,402.0
719,1377872510,403.0
719,1377872515,408.0
719,1377872520,407.0
719,1377872525,416.0
719,1377872530,411.0
719,1377872535,416.0
719,1377872540,408.0
719,1377872545,401.0
719,1377872550,402.0
719,1377872555,406.0
719,1377872560,399.0
719,1377872565,408.0
719,1377872570,399.0
719,1377872575,406.0
719,1377872580,408.0
719,1377872585,399.0
719,1377872590,407.0
719,1377872595,406.0
719,1377872600,411.0
719,1377872605,411.0
719,1377872610,409.0
719,1377872615,406.0
719,1377872620,403.0
719,1377872625,403.0
719,1377872630,404.0
719,1377872635,406.0
719,1377872640,412.0
719,1377872645,416.0
719,1377872650,407.0
719,1377872655,412.0
719,1377872660,401.0
719,1377872665,398.0
719,1377872670,395.0
719,1377872675,398.0
719,1377872680,406.0
719,1377872685,412.0
719,1377872690,411.0
719,1377872695,412.0
719,1377872700,407.0
719,1377872705,409.0
719,1377872710,412.0
719,1377872715,408.0
719,1377872720,409.0
719,1377872725,409.0
719,1377872730,403.0
719,1377872735,395.0
719,1377872740,391.0
719,1377872745,395.0
719,1377872750,400.0
719,1377872755,401.0
719,1377872760,408.0
719,1377872765,413.0
719,1377872770,411.0
719,1377872775,411.0
719,1377872780,416.0
719,1377872785,416.0
719,1377872790,414.0
719,1377872795,406.0
719,1377872800,406.0
719,1377872805,403.0
719,1377872810,404.0
719,1377872815,404.0
719,1377872820,403.0
719,1377872825,406.0
719,1377872830,407.0
719,1377872835,412.0
719,1377872840,409.0
719,1377872845,413.0
719,1377872850,419.0
719,1377872855,420.0
719,1377872860,413.0
719,1377872865,412.0
719,1377872870,409.0
719,1377872875,406.0
719,1377872880,403.0
719,1377872885,409.0
719,1377872890,412.0
719,1377872895,406.0
719,1377872900,407.0
719,1377872905,411.0
719,1377872910,418.0
719,1377872915,415.0
719,1377872920,411.0
719,1377872925,411.0
719,1377872930,413.0
719,1377872935,408.0
719,1377872940,411.0
719,1377872945,407.0
719,1377872950,412.0
719,1377872955,412.0
719,1377872960,406.0
719,1377872965,408.0
719,1377872970,406.0
719,1377872975,407.0
719,1377872980,411.0
719,1377872985,411.0
719,1377872990,411.0
719,1377872995,420.0
719,1377873000,413.0
719,1377873005,409.0
719,1377873010,402.0
719,1377873015,397.0
719,1377873020,399.0
719,1377873025,398.0
719,1377873030,399.0
719,1377873035,399.0
719,1377873040,403.0
719,1377873045,403.0
719,1377873050,402.0
719,1377873055,408.0
719,1377873060,409.0
719,1377873065,407.0
719,1377873070,414.0
719,1377873075,409.0
719,1377873080,399.0
719,1377873085,403.0
719,1377873090,400.0
719,1377873095,401.0
719,1377873100,403.0
719,1377873105,406.0
719,1377873110,409.0
719,1377873115,412.0
719,1377873120,403.0
719,1377873125,402.0
719,1377873130,398.0
719,1377873135,401.0
719,1377873140,397.0
719,1377873145,401.0
719,1377873151,401.0
719,1377873155,398.0
719,1377873160,398.0
719,1377873168,398.0
719,1377873170,397.0
719,1377873175,403.0
719,1377873180,416.0
719,1377873185,416.0
719,1377873190,413.0
719,1377873195,416.0
719,1377873200,416.0
719,1377873205,416.0
719,1377873210,411.0
719,1377873215,409.0
719,1377873220,411.0
719,1377873225,407.0
719,1377873230,420.0
719,1377873235,411.0
719,1377873240,420.0
719,1377873245,413.0
719,1377873250,411.0
719,1377873255,418.0
719,1377873260,414.0
719,1377873265,406.0
719,1377873270,404.0
719,1377873275,399.0
719,1377873280,395.0
719,1377873285,397.0
719,1377873290,401.0
719,1377873295,400.0
719,1377873300,397.0
719,1377873305,401.0
719,1377873310,398.0
719,1377873315,399.0
719,1377873320,404.0
719,1377873325,409.0
719,1377873330,406.0
719,1377873335,411.0
719,1377873340,412.0
719,1377873345,407.0
719,1377873350,401.0
719,1377873355,397.0
719,1377873360,396.0
719,1377873365,395.0
719,1377873370,398.0
719,1377873375,404.0
719,1377873380,404.0
719,1377873385,403.0
719,1377873391,409.0
719,1377873395,409.0
719,1377873400,409.0
719,1377873405,404.0
719,1377873410,401.0
719,1377873415,395.0
719,1377873420,398.0
719,1377873425,401.0
719,1377873430,404.0
719,1377873435,406.0
719,1377873440,412.0
719,1377873445,403.0
719,1377873450,406.0
719,1377873455,391.0
719,1377873460,396.0
719,1377873465,393.0
719,1377873470,396.0
719,1377873475,397.0
719,1377873480,408.0
719,1377873485,404.0
719,1377873490,404.0
719,1377873495,402.0
719,1377873500,401.0
719,1377873505,401.0
719,1377873510,398.0
719,1377873515,401.0
719,1377873520,398.0
719,1377873525,397.0
719,1377873530,401.0
719,1377873535,397.0
719,1377873540,403.0
719,1377873545,412.0
719,1377873550,399.0
719,1377873555,408.0
719,1377873560,406.0
719,1377873565,408.0
719,1377873570,403.0
719,1377873575,402.0
719,1377873580,398.0
719,1377873585,409.0
719,1377873590,406.0
719,1377873595,411.0
719,1377873600,406.0
719,1377873605,407.0
719,1377873610,403.0
719,1377873615,397.0
719,1377873620,395.0
719,1377873625,401.0
719,1377873630,401.0
719,1377873635,412.0
719,1377873640,418.0
719,1377873645,419.0
719,1377873650,419.0
719,1377873655,413.0
719,1377873660,420.0
719,1377873665,411.0
719,1377873670,416.0
719,1377873675,413.0
719,1377873680,411.0
719,1377873685,409.0
719,1377873690,409.0
719,1377873695,406.0
719,1377873700,409.0
719,1377873705,403.0
719,1377873710,402.0
719,1377873715,399.0
719,1377873720,406.0
719,1377873725,413.0
719,1377873730,424.0
719,1377873735,415.0
719,1377873740,413.0
719,1377873745,418.0
719,1377873750,419.0
719,1377873755,422.0
719,1377873760,418.0
719,1377873765,411.0
719,1377873770,416.0
719,1377873775,413.0
719,1377873780,413.0
719,1377873785,411.0
719,1377873790,409.0
719,1377873795,408.0
719,1377873800,409.0
719,1377873805,412.0
719,1377873810,413.0
719,1377873815,416.0
719,1377873820,411.0
719,1377873825,407.0
719,1377873830,409.0
719,1377873838,406.0
719,1377873840,406.0
719,1377873845,406.0
719,1377873850,412.0
719,1377873855,420.0
719,1377873860,406.0
719,1377873865,407.0
719,1377873870,399.0
719,1377873875,402.0
719,1377873880,401.0
719,1377873885,393.0
719,1377873890,391.0
719,1377873895,401.0
719,1377873900,398.0
719,1377873905,401.0
719,1377873910,398.0
719,1377873915,403.0
719,1377873920,401.0
719,1377873925,397.0
719,1377873930,401.0
719,1377873935,399.0
719,1377873940,401.0
719,1377873945,398.0
719,1377873950,395.0
719,1377873955,396.0
719,1377873960,395.0
719,1377873965,401.0
719,1377873970,406.0
719,1377873975,414.0
719,1377873980,413.0
719,1377873985,409.0
719,1377873990,407.0
719,1377873995,412.0
719,1377874000,411.0
719,1377874005,411.0
719,1377874010,411.0
719,1377874015,413.0
719,1377874020,416.0
719,1377874025,413.0
719,1377874030,416.0
719,1377874035,406.0
719,1377874040,407.0
719,1377874045,406.0
719,1377874050,407.0
719,1377874055,403.0
719,1377874060,399.0
719,1377874065,408.0
719,1377874070,412.0
719,1377874075,412.0
719,1377874080,402.0
719,1377874085,398.0
719,1377874090,404.0
719,1377874095,412.0
719,1377874100,407.0
719,1377874105,411.0
719,1377874110,406.0
719,1377874115,406.0
719,1377874120,406.0
719,1377874125,411.0
719,1377874130,420.0
719,1377874135,413.0
719,1377874140,416.0
719,1377874145,411.0
719,1377874150,407.0
719,1377874155,411.0
719,1377874160,414.0
719,1377874165,409.0
719,1377874170,406.0
719,1377874175,397.0
719,1377874180,397.0
719,1377874185,399.0
719,1377874190,409.0
719,1377874195,409.0
719,1377874200,403.0
719,1377874205,402.0
719,1377874210,401.0
719,1377874215,399.0
719,1377874220,403.0
719,1377874225,403.0
719,1377874230,399.0
719,1377874235,404.0
719,1377874240,408.0
719,1377874245,409.0
719,1377874250,407.0
719,1377874255,412.0
719,1377874260,406.0
719,1377874265,403.0
719,1377874270,398.0
719,1377874275,398.0
719,1377874280,403.0
719,1377874285,406.0
719,1377874290,401.0
719,1377874295,406.0
719,1377874300,406.0
719,1377874305,403.0
719,1377874310,406.0
719,1377874315,408.0
719,1377874320,406.0
719,1377874325,413.0
719,1377874330,413.0
719,1377874335,411.0
719,1377874340,406.0
719,1377874345,414.0
719,1377874350,407.0
719,1377874355,411.0
719,1377874360,411.0
719,1377874365,411.0
719,1377874370,408.0
719,1377874375,406.0
719,1377874380,404.0
719,1377874385,401.0
719,1377874390,408.0
719,1377874395,406.0
719,1377874400,408.0
719,1377874405,408.0
719,1377874410,406.0
719,1377874415,409.0
719,1377874420,414.0
719,1377874425,412.0
719,1377874430,416.0
719,1377874435,411.0
719,1377874440,406.0
719,1377874445,407.0
719,1377874450,416.0
719,1377874455,411.0
719,1377874460,411.0
719,1377874465,414.0
719,1377874470,412.0
719,1377874475,412.0
719,1377874480,409.0
719,1377874485,408.0
719,1377874490,399.0
719,1377874495,409.0
719,1377874500,413.0
719,1377874505,413.0
719,1377874510,415.0
719,1377874515,418.0
719,1377874520,415.0
719,1377874525,420.0
719,1377874530,419.0
719,1377874535,411.0
719,1377874544,399.0
719,1377874545,396.0
719,1377874550,391.0
719,1377874555,393.0
719,1377874560,406.0
719,1377874565,412.0
719,1377874570,411.0
719,1377874575,413.0
719,1377874580,411.0
719,1377874585,419.0
719,1377874590,415.0
719,1377874595,422.0
719,1377874600,419.0
719,1377874605,418.0
719,1377874610,414.0
719,1377874615,411.0
719,1377874620,412.0
719,1377874625,406.0
719,1377874630,398.0
719,1377874635,397.0
719,1377874640,397.0
719,1377874645,400.0
719,1377874650,402.0
719,1377874655,397.0
719,1377874660,406.0
719,1377874665,406.0
719,1377874670,407.0
719,1377874675,407.0
719,1377874680,411.0
719,1377874685,412.0
719,1377874690,407.0
719,1377874695,408.0
719,1377874700,412.0
719,1377874705,407.0
719,1377874710,419.0
719,1377874715,420.0
719,1377874720,419.0
719,1377874725,420.0
719,1377874730,419.0
719,1377874735,416.0
719,1377874740,420.0
719,1377874745,419.0
719,1377874750,418.0
719,1377874755,415.0
719,1377874760,422.0
719,1377874765,425.0
719,1377874770,422.0
719,1377874775,425.0
719,1377874780,420.0
719,1377874785,419.0
719,1377874790,422.0
719,1377874795,422.0
719,1377874800,422.0
719,1377874805,422.0
719,1377874810,425.0
719,1377874815,428.0
719,1377874820,428.0
719,1377874825,428.0
719,1377874830,419.0
719,1377874835,418.0
719,1377874840,422.0
719,1377874845,424.0
719,1377874850,425.0
719,1377874855,425.0
719,1377874860,425.0
719,1377874865,424.0
719,1377874870,428.0
719,1377874875,422.0
719,1377874880,422.0
719,1377874885,428.0
719,1377874890,438.0
719,1377874895,439.0
719,1377874900,443.0
719,1377874905,448.0
719,1377874910,444.0
719,1377874915,440.0
719,1377874920,433.0
719,1377874925,428.0
719,1377874930,425.0
719,1377874935,425.0
719,1377874940,432.0
719,1377874945,433.0
719,1377874950,434.0
719,1377874955,430.0
719,1377874960,441.0
719,1377874965,440.0
719,1377874970,441.0
719,1377874975,435.0
719,1377874980,439.0
719,1377874985,440.0
719,1377874990,444.0
719,1377874995,441.0
719,1377875000,444.0
719,1377875005,438.0
719,1377875010,439.0
719,1377875015,443.0
719,1377875020,439.0
719,1377875025,443.0
719,1377875030,443.0
719,1377875035,443.0
719,1377875040,446.0
719,1377875045,443.0
719,1377875050,450.0
719,1377875055,447.0
719,1377875060,451.0
719,1377875065,455.0
719,1377875070,460.0
719,1377875075,459.0
719,1377875080,460.0
719,1377875085,456.0
719,1377875090,454.0
719,1377875095,460.0
719,1377875100,451.0
719,1377875105,456.0
719,1377875110,451.0
719,1377875115,456.0
719,1377875120,454.0
719,1377875125,457.0
719,1377875130,457.0
719,1377875135,456.0
719,1377875140,456.0
719,1377875145,456.0
719,1377875150,447.0
719,1377875155,456.0
719,1377875160,454.0
719,1377875165,451.0
719,1377875170,454.0
719,1377875175,462.0
719,1377875180,462.0
719,1377875185,468.0
719,1377875190,472.0
719,1377875195,471.0
719,1377875200,471.0
719,1377875205,463.0
719,1377875210,465.0
719,1377875215,457.0
719,1377875220,454.0
719,1377875225,457.0
719,1377875230,454.0
719,1377875235,457.0
719,1377875240,459.0
719,1377875245,455.0
719,1377875250,459.0
719,1377875255,466.0
719,1377875264,467.0
719,1377875265,462.0
719,1377875270,465.0
719,1377875275,465.0
719,1377875280,460.0
719,1377875285,466.0
719,1377875290,470.0
719,1377875295,472.0
719,1377875300,468.0
719,1377875305,462.0
719,1377875310,467.0
719,1377875315,467.0
719,1377875320,468.0
719,1377875325,473.0
719,1377875330,476.0
719,1377875335,475.0
719,1377875340,475.0
719,1377875345,478.0
719,1377875350,470.0
719,1377875355,471.0
719,1377875360,467.0
719,1377875365,472.0
719,1377875370,462.0
719,1377875375,460.0
719,1377875380,462.0
719,1377875385,470.0
719,1377875390,473.0
719,1377875395,472.0
719,1377875400,467.0
719,1377875405,468.0
719,1377875410,462.0
719,1377875415,462.0
719,1377875420,459.0
719,1377875425,455.0
719,1377875430,457.0
719,1377875435,457.0
719,1377875440,454.0
719,1377875445,461.0
719,1377875450,465.0
719,1377875455,460.0
719,1377875460,462.0
719,1377875465,465.0
719,1377875470,472.0
719,1377875475,468.0
719,1377875480,476.0
719,1377875485,467.0
719,1377875490,463.0
719,1377875495,472.0
719,1377875500,473.0
719,1377875505,473.0
719,1377875510,473.0
719,1377875515,476.0
719,1377875520,473.0
719,1377875525,466.0
719,1377875530,461.0
719,1377875535,463.0
719,1377875540,462.0
719,1377875545,467.0
719,1377875550,457.0
719,1377875555,460.0
719,1377875560,465.0
719,1377875565,466.0
719,1377875570,468.0
719,1377875575,475.0
719,1377875580,475.0
719,1377875585,473.0
719,1377875590,470.0
719,1377875595,467.0
719,1377875601,467.0
719,1377875605,470.0
719,1377875610,461.0
719,1377875615,473.0
719,1377875620,462.0
719,1377875625,468.0
719,1377875630,465.0
719,1377875635,463.0
719,1377875640,470.0
719,1377875645,473.0
719,1377875650,470.0
719,1377875655,470.0
719,1377875660,476.0
719,1377875665,472.0
719,1377875670,472.0
719,1377875675,476.0
719,1377875680,476.0
719,1377875685,484.0
719,1377875690,486.0
719,1377875695,482.0
719,1377875700,476.0
719,1377875705,472.0
719,1377875710,468.0
719,1377875715,461.0
719,1377875720,467.0
719,1377875726,467.0
719,1377875730,473.0
719,1377875735,473.0
719,1377875740,471.0
719,1377875745,480.0
719,1377875750,467.0
719,1377875756,472.0
719,1377875760,462.0
719,1377875765,472.0
719,1377875771,471.0
719,1377875775,482.0
719,1377875780,488.0
719,1377875785,488.0
719,1377875790,477.0
719,1377875795,475.0
719,1377875800,463.0
719,1377875805,465.0
719,1377875810,464.0
719,1377875815,462.0
719,1377875820,461.0
719,1377875825,471.0
719,1377875830,476.0
719,1377875835,483.0
719,1377875840,486.0
719,1377875845,482.0
719,1377875850,480.0
719,1377875855,473.0
719,1377875860,472.0
719,1377875865,473.0
719,1377875870,472.0
719,1377875875,470.0
719,1377875880,476.0
719,1377875885,470.0
719,1377875890,476.0
719,1377875895,475.0
719,1377875900,482.0
719,1377875905,483.0
719,1377875911,484.0
719,1377875915,475.0
719,1377875920,478.0
719,1377875925,470.0
719,1377875930,480.0
719,1377875935,467.0
719,1377875940,467.0
719,1377875945,467.0
719,1377875950,473.0
719,1377875955,470.0
719,1377875960,470.0
719,1377875965,468.0
719,1377875970,473.0
719,1377875975,467.0
719,1377875980,472.0
719,1377875985,473.0
719,1377875990,475.0
719,1377875995,482.0
719,1377876000,484.0
719,1377876005,477.0
719,1377876010,477.0
719,1377876015,475.0
719,1377876020,476.0
719,1377876025,475.0
719,1377876030,470.0
719,1377876035,476.0
719,1377876042,475.0
719,1377876045,482.0
719,1377876050,478.0
719,1377876055,476.0
719,1377876060,470.0
719,1377876065,467.0
719,1377876070,461.0
719,1377876075,465.0
719,1377876080,472.0
719,1377876085,470.0
719,1377876090,465.0
719,1377876095,462.0
719,1377876100,455.0
719,1377876105,461.0
719,1377876110,462.0
719,1377876115,467.0
719,1377876120,470.0
719,1377876125,467.0
719,1377876130,467.0
719,1377876135,466.0
719,1377876140,466.0
719,1377876145,470.0
719,1377876150,470.0
719,1377876155,470.0
719,1377876160,465.0
719,1377876165,459.0
719,1377876170,454.0
719,1377876175,454.0
719,1377876180,465.0
719,1377876185,467.0
719,1377876190,467.0
719,1377876195,461.0
719,1377876200,462.0
719,1377876205,472.0
719,1377876210,475.0
719,1377876215,483.0
719,1377876220,486.0
719,1377876225,477.0
719,1377876230,475.0
719,1377876235,467.0
719,1377876240,461.0
719,1377876245,465.0
719,1377876250,465.0
719,1377876255,460.0
719,1377876260,461.0
719,1377876265,459.0
719,1377876270,459.0
719,1377876275,465.0
719,1377876280,466.0
719,1377876285,466.0
719,1377876290,462.0
719,1377876295,467.0
719,1377876300,461.0
719,1377876305,460.0
719,1377876310,455.0
719,1377876315,454.0
719,1377876320,460.0
719,1377876325,459.0
719,1377876330,454.0
719,1377876335,454.0
719,1377876340,462.0
719,1377876345,460.0
719,1377876350,457.0
719,1377876355,460.0
719,1377876360,448.0
719,1377876365,447.0
719,1377876370,447.0
719,1377876375,454.0
719,1377876380,457.0
719,1377876385,455.0
719,1377876390,454.0
719,1377876395,460.0
719,1377876400,447.0
719,1377876405,447.0
719,1377876410,447.0
719,1377876415,443.0
719,1377876420,443.0
719,1377876425,443.0
719,1377876430,449.0
719,1377876435,456.0
719,1377876440,454.0
719,1377876445,459.0
719,1377876450,461.0
719,1377876455,462.0
719,1377876460,459.0
719,1377876465,451.0
719,1377876470,450.0
719,1377876475,447.0
719,1377876480,443.0
719,1377876485,452.0
719,1377876490,443.0
719,1377876495,447.0
719,1377876500,452.0
719,1377876505,443.0
719,1377876510,439.0
719,1377876515,443.0
719,1377876520,438.0
719,1377876525,441.0
719,1377876530,448.0
719,1377876535,450.0
719,1377876540,454.0
719,1377876545,462.0
719,1377876550,462.0
719,1377876555,462.0
719,1377876560,454.0
719,1377876565,450.0
719,1377876570,447.0
719,1377876575,450.0
719,1377876580,449.0
719,1377876585,449.0
719,1377876590,441.0
719,1377876595,443.0
719,1377876600,435.0
719,1377876605,439.0
719,1377876610,441.0
719,1377876615,438.0
719,1377876620,440.0
719,1377876625,444.0
719,1377876630,441.0
719,1377876635,443.0
719,1377876640,447.0
719,1377876645,452.0
719,1377876650,452.0
719,1377876655,441.0
719,1377876660,441.0
719,1377876665,441.0
719,1377876670,443.0
719,1377876675,443.0
719,1377876680,449.0
719,1377876685,452.0
719,1377876690,447.0
719,1377876695,456.0
719,1377876700,456.0
719,1377876705,450.0
719,1377876710,450.0
719,1377876715,441.0
719,1377876720,439.0
719,1377876725,443.0
719,1377876730,452.0
719,1377876735,441.0
719,1377876740,448.0
719,1377876745,438.0
719,1377876750,446.0
719,1377876755,448.0
719,1377876760,443.0
719,1377876765,444.0
719,1377876770,444.0
719,1377876775,444.0
719,1377876780,448.0
719,1377876785,443.0
719,1377876790,447.0
719,1377876795,451.0
719,1377876800,454.0
719,1377876805,454.0
719,1377876810,452.0
719,1377876815,443.0
719,1377876820,446.0
719,1377876825,438.0
719,1377876830,430.0
719,1377876835,436.0
719,1377876840,438.0
719,1377876845,438.0
719,1377876850,447.0
719,1377876855,454.0
719,1377876860,454.0
719,1377876865,448.0
719,1377876870,446.0
719,1377876875,444.0
719,1377876880,438.0
719,1377876885,441.0
719,1377876890,443.0
719,1377876895,449.0
719,1377876900,450.0
719,1377876905,447.0
719,1377876910,447.0
719,1377876915,452.0
719,1377876920,450.0
719,1377876925,447.0
719,1377876930,452.0
719,1377876935,441.0
719,1377876940,443.0
719,1377876945,439.0
719,1377876950,443.0
719,1377876955,450.0
719,1377876960,447.0
719,1377876965,449.0
719,1377876970,456.0
719,1377876975,450.0
719,1377876980,454.0
719,1377876985,448.0
719,1377876990,441.0
719,1377876995,433.0
719,1377877000,432.0
719,1377877005,425.0
719,1377877010,425.0
719,1377877015,433.0
719,1377877020,433.0
719,1377877025,446.0
719,1377877030,441.0
719,1377877035,441.0
719,1377877040,440.0
719,1377877045,435.0
719,1377877050,433.0
719,1377877055,429.0
719,1377877060,438.0
719,1377877065,440.0
719,1377877070,444.0
719,1377877075,443.0
719,1377877080,448.0
719,1377877085,443.0
719,1377877090,448.0
719,1377877095,452.0
719,1377877100,439.0
719,1377877105,443.0
719,1377877110,444.0
719,1377877115,435.0
719,1377877120,441.0
719,1377877125,439.0
719,1377877130,448.0
719,1377877135,447.0
719,1377877140,443.0
719,1377877145,450.0
719,1377877150,444.0
719,1377877155,444.0
719,1377877160,439.0
719,1377877165,430.0
719,1377877170,433.0
719,1377877175,438.0
719,1377877180,440.0
719,1377877185,439.0
719,1377877190,446.0
719,1377877195,443.0
719,1377877200,452.0
719,1377877205,443.0
719,1377877210,448.0
719,1377877215,436.0
719,1377877220,444.0
719,1377877225,433.0
719,1377877230,432.0
719,1377877235,433.0
719,1377877240,435.0
719,1377877245,434.0
719,1377877250,429.0
719,1377877255,433.0
719,1377877260,430.0
719,1377877265,433.0
719,1377877270,430.0
719,1377877275,435.0
719,1377877280,433.0
719,1377877285,434.0
719,1377877290,428.0
719,1377877295,427.0
719,1377877300,429.0
719,1377877305,433.0
719,1377877310,440.0
719,1377877315,438.0
719,1377877320,440.0
719,1377877325,436.0
719,1377877330,435.0
719,1377877335,433.0
719,1377877340,433.0
719,1377877345,429.0
719,1377877350,435.0
719,1377877355,435.0
719,1377877360,438.0
719,1377877365,435.0
719,1377877370,432.0
719,1377877375,435.0
719,1377877380,425.0
719,1377877385,423.0
719,1377877390,433.0
719,1377877395,438.0
719,1377877400,439.0
719,1377877405,446.0
719,1377877410,444.0
719,1377877415,439.0
719,1377877420,439.0
719,1377877425,441.0
719,1377877430,436.0
719,1377877435,438.0
719,1377877440,438.0
719,1377877445,443.0
719,1377877450,447.0
719,1377877455,452.0
719,1377877460,452.0
719,1377877465,446.0
719,1377877470,443.0
719,1377877475,439.0
719,1377877480,448.0
719,1377877485,443.0
719,1377877490,452.0
719,1377877495,454.0
719,1377877500,439.0
719,1377877505,440.0
719,1377877511,439.0
719,1377877515,439.0
719,1377877520,439.0
719,1377877525,448.0
719,1377877530,439.0
719,1377877535,438.0
719,1377877540,439.0
719,1377877545,448.0
719,1377877550,452.0
719,1377877555,451.0
719,1377877560,456.0
719,1377877565,456.0
719,1377877570,454.0
719,1377877575,454.0
719,1377877580,452.0
719,1377877585,456.0
719,1377877590,449.0
719,1377877595,456.0
719,1377877600,454.0
719,1377877605,460.0
719,1377877610,456.0
719,1377877615,459.0
719,1377877620,460.0
719,1377877625,455.0
719,1377877630,460.0
719,1377877635,454.0
719,1377877640,454.0
719,1377877645,454.0
719,1377877650,450.0
719,1377877655,452.0
719,1377877660,447.0
719,1377877665,452.0
719,1377877670,451.0
719,1377877675,452.0
719,1377877680,454.0
719,1377877685,451.0
719,1377877690,454.0
719,1377877695,443.0
719,1377877700,454.0
719,1377877705,447.0
719,1377877710,460.0
719,1377877715,460.0
719,1377877720,454.0
719,1377877725,467.0
719,1377877730,471.0
719,1377877735,463.0
719,1377877740,463.0
719,1377877745,464.0
719,1377877751,462.0
719,1377877755,462.0
719,1377877760,461.0
719,1377877765,467.0
719,1377877770,462.0
719,1377877775,462.0
719,1377877780,465.0
719,1377877785,461.0
719,1377877790,465.0
719,1377877795,461.0
719,1377877800,467.0
719,1377877805,465.0
719,1377877810,467.0
719,1377877815,466.0
719,1377877820,462.0
719,1377877825,462.0
719,1377877830,467.0
719,1377877835,462.0
719,1377877840,467.0
719,1377877845,467.0
719,1377877850,471.0
719,1377877855,473.0
719,1377877860,475.0
719,1377877865,476.0
719,1377877870,468.0
719,1377877875,467.0
719,1377877880,463.0
719,1377877885,467.0
719,1377877890,471.0
719,1377877895,476.0
719,1377877900,471.0
719,1377877905,473.0
719,1377877910,472.0
719,1377877915,468.0
719,1377877920,466.0
719,1377877925,465.0
719,1377877930,460.0
719,1377877935,462.0
719,1377877940,464.0
719,1377877945,465.0
719,1377877950,465.0
719,1377877955,465.0
719,1377877960,461.0
719,1377877965,461.0
719,1377877970,467.0
719,1377877975,463.0
719,1377877980,476.0
719,1377877985,470.0
719,1377877990,468.0
719,1377877995,462.0
719,1377878000,464.0
719,1377878005,455.0
719,1377878010,460.0
719,1377878015,465.0
719,1377878020,461.0
719,1377878025,465.0
719,1377878030,466.0
719,1377878035,462.0
719,1377878040,470.0
719,1377878045,471.0
719,1377878050,471.0
719,1377878055,476.0
719,1377878060,476.0
719,1377878065,475.0
719,1377878070,476.0
719,1377878075,473.0
719,1377878080,471.0
719,1377878085,470.0
719,1377878090,482.0
719,1377878095,473.0
719,1377878100,470.0
719,1377878105,476.0
719,1377878110,480.0
719,1377878115,475.0
719,1377878120,483.0
719,1377878125,489.0
719,1377878130,479.0
719,1377878135,482.0
719,1377878140,472.0
719,1377878145,470.0
719,1377878150,460.0
719,1377878155,462.0
719,1377878160,460.0
719,1377878165,461.0
719,1377878170,466.0
719,1377878175,468.0
719,1377878180,468.0
719,1377878185,468.0
719,1377878190,462.0
719,1377878195,467.0
719,1377878200,468.0
719,1377878205,473.0
719,1377878210,482.0
719,1377878215,477.0
719,1377878220,484.0
719,1377878225,477.0
719,1377878230,481.0
719,1377878235,475.0
719,1377878240,482.0
719,1377878245,475.0
719,1377878250,475.0
719,1377878255,472.0
719,1377878260,472.0
719,1377878265,471.0
719,1377878270,476.0
719,1377878275,471.0
719,1377878280,477.0
719,1377878285,477.0
719,1377878290,473.0
719,1377878295,470.0
719,1377878300,462.0
719,1377878305,460.0
719,1377878310,465.0
719,1377878315,470.0
719,1377878320,467.0
719,1377878325,480.0
719,1377878330,475.0
719,1377878335,476.0
719,1377878340,482.0
719,1377878345,486.0
719,1377878350,483.0
719,1377878355,483.0
719,1377878360,473.0
719,1377878365,473.0
719,1377878370,465.0
719,1377878375,468.0
719,1377878380,467.0
719,1377878385,473.0
719,1377878390,476.0
719,1377878395,483.0
719,1377878400,483.0
719,1377878405,482.0
719,1377878410,476.0
719,1377878415,470.0
719,1377878420,473.0
719,1377878425,472.0
719,1377878430,470.0
719,1377878435,463.0
719,1377878440,470.0
719,1377878445,467.0
719,1377878450,473.0
719,1377878455,475.0
719,1377878460,486.0
719,1377878465,481.0
719,1377878470,471.0
719,1377878475,473.0
719,1377878480,473.0
719,1377878485,473.0
719,1377878490,476.0
719,1377878495,478.0
719,1377878500,482.0
719,1377878505,480.0
719,1377878510,473.0
719,1377878515,477.0
719,1377878520,483.0
719,1377878525,483.0
719,1377878530,486.0
719,1377878535,479.0
719,1377878540,483.0
719,1377878545,488.0
719,1377878550,492.0
719,1377878555,489.0
719,1377878560,492.0
719,1377878565,487.0
719,1377878570,486.0
719,1377878575,486.0
719,1377878580,475.0
719,1377878585,475.0
719,1377878590,471.0
719,1377878595,477.0
719,1377878600,476.0
719,1377878605,481.0
719,1377878610,477.0
719,1377878615,484.0
719,1377878620,477.0
719,1377878625,481.0
719,1377878630,475.0
719,1377878635,476.0
719,1377878640,473.0
719,1377878645,482.0
719,1377878650,471.0
719,1377878655,478.0
719,1377878660,471.0
719,1377878665,473.0
719,1377878670,480.0
719,1377878675,483.0
719,1377878680,492.0
719,1377878685,487.0
719,1377878690,483.0
719,1377878695,483.0
719,1377878700,488.0
719,1377878705,494.0
719,1377878710,492.0
719,1377878715,483.0
719,1377878720,483.0
719,1377878725,475.0
719,1377878730,476.0
719,1377878735,480.0
719,1377878740,484.0
719,1377878745,475.0
719,1377878750,483.0
719,1377878755,483.0
719,1377878760,477.0
719,1377878765,475.0
719,1377878770,481.0
719,1377878775,483.0
719,1377878780,486.0
719,1377878785,477.0
719,1377878790,484.0
719,1377878795,476.0
719,1377878800,475.0
719,1377878805,471.0
719,1377878810,482.0
719,1377878815,480.0
719,1377878820,475.0
719,1377878825,480.0
719,1377878830,477.0
719,1377878835,477.0
719,1377878840,482.0
719,1377878845,483.0
719,1377878850,477.0
719,1377878855,486.0
719,1377878860,486.0
719,1377878865,494.0
719,1377878870,491.0
719,1377878875,497.0
719,1377878880,492.0
719,1377878885,494.0
719,1377878890,496.0
719,1377878895,494.0
719,1377878900,487.0
719,1377878905,487.0
719,1377878910,486.0
719,1377878915,484.0
719,1377878920,477.0
719,1377878925,483.0
719,1377878930,477.0
719,1377878935,480.0
719,1377878940,477.0
719,1377878945,479.0
719,1377878950,488.0
719,1377878955,486.0
719,1377878960,487.0
719,1377878965,484.0
719,1377878970,484.0
719,1377878975,486.0
719,1377878980,483.0
719,1377878985,477.0
719,1377878990,486.0
719,1377878995,492.0
719,1377879000,492.0
719,1377879005,489.0
719,1377879010,486.0
719,1377879015,484.0
719,1377879020,488.0
719,1377879025,486.0
719,1377879030,484.0
719,1377879035,477.0
719,1377879040,475.0
719,1377879045,477.0
719,1377879050,482.0
719,1377879055,476.0
719,1377879060,477.0
719,1377879065,486.0
719,1377879070,492.0
719,1377879075,489.0
719,1377879080,492.0
719,1377879085,489.0
719,1377879090,489.0
719,1377879095,489.0
719,1377879100,494.0
719,1377879105,492.0
719,1377879110,489.0
719,1377879115,489.0
719,1377879120,488.0
719,1377879125,479.0
719,1377879130,477.0
719,1377879135,483.0
719,1377879140,477.0
719,1377879145,483.0
719,1377879150,483.0
719,1377879155,488.0
719,1377879160,489.0
719,1377879169,492.0
719,1377879170,492.0
719,1377879175,497.0
719,1377879180,494.0
719,1377879185,492.0
719,1377879190,488.0
719,1377879195,483.0
719,1377879200,477.0
719,1377879205,484.0
719,1377879210,483.0
719,1377879215,477.0
719,1377879220,475.0
719,1377879225,484.0
719,1377879230,477.0
719,1377879235,486.0
719,1377879240,488.0
719,1377879245,487.0
719,1377879250,496.0
719,1377879255,494.0
719,1377879260,494.0
719,1377879265,494.0
719,1377879270,487.0
719,1377879275,487.0
719,1377879280,489.0
719,1377879285,496.0
719,1377879290,496.0
719,1377879295,492.0
719,1377879300,491.0
719,1377879305,483.0
719,1377879310,484.0
719,1377879315,482.0
719,1377879320,480.0
719,1377879325,475.0
719,1377879330,483.0
719,1377879335,488.0
719,1377879340,492.0
719,1377879345,492.0
719,1377879350,487.0
719,1377879355,492.0
719,1377879360,487.0
719,1377879365,489.0
719,1377879370,489.0
719,1377879375,491.0
719,1377879380,489.0
719,1377879385,487.0
719,1377879390,497.0
719,1377879395,494.0
719,1377879400,495.0
719,1377879405,499.0
719,1377879410,497.0
719,1377879415,484.0
719,1377879420,483.0
719,1377879425,482.0
719,1377879430,481.0
719,1377879435,483.0
719,1377879440,483.0
719,1377879445,486.0
719,1377879450,492.0
719,1377879455,487.0
719,1377879460,494.0
719,1377879465,479.0
719,1377879470,483.0
719,1377879475,488.0
719,1377879480,487.0
719,1377879485,494.0
719,1377879490,493.0
719,1377879495,494.0
719,1377879500,487.0
719,1377879505,487.0
719,1377879510,487.0
719,1377879515,489.0
719,1377879520,487.0
719,1377879525,487.0
719,1377879530,489.0
719,1377879535,487.0
719,1377879540,483.0
719,1377879545,483.0
719,1377879550,488.0
719,1377879555,484.0
719,1377879560,483.0
719,1377879565,475.0
719,1377879570,479.0
719,1377879575,488.0
719,1377879580,486.0
719,1377879585,475.0
719,1377879590,482.0
719,1377879595,483.0
719,1377879600,477.0
719,1377879605,483.0
719,1377879610,494.0
719,1377879615,496.0
719,1377879620,492.0
719,1377879625,487.0
719,1377879630,483.0
719,1377879635,492.0
719,1377879640,486.0
719,1377879645,489.0
719,1377879650,492.0
719,1377879655,494.0
719,1377879660,494.0
719,1377879665,489.0
719,1377879670,489.0
719,1377879675,492.0
719,1377879680,497.0
719,1377879685,497.0
719,1377879690,502.0
719,1377879695,500.0
719,1377879700,499.0
719,1377879705,497.0
719,1377879710,487.0
719,1377879715,491.0
719,1377879720,492.0
719,1377879725,496.0
719,1377879730,499.0
719,1377879735,487.0
719,1377879740,489.0
719,1377879746,483.0
719,1377879750,475.0
719,1377879755,476.0
719,1377879760,486.0
719,1377879765,484.0
719,1377879770,483.0
719,1377879775,479.0
719,1377879780,492.0
719,1377879785,492.0
719,1377879790,496.0
719,1377879795,497.0
719,1377879800,494.0
719,1377879805,499.0
719,1377879810,497.0
719,1377879815,487.0
719,1377879820,492.0
719,1377879825,492.0
719,1377879830,492.0
719,1377879835,493.0
719,1377879840,494.0
719,1377879845,499.0
719,1377879850,504.0
719,1377879856,502.0
719,1377879860,504.0
719,1377879865,497.0
719,1377879870,496.0
719,1377879875,496.0
719,1377879880,494.0
719,1377879885,494.0
719,1377879890,492.0
719,1377879895,492.0
719,1377879900,493.0
719,1377879905,493.0
719,1377879910,494.0
719,1377879915,493.0
719,1377879920,492.0
719,1377879925,489.0
719,1377879931,488.0
719,1377879935,487.0
719,1377879940,487.0
719,1377879945,492.0
719,1377879950,494.0
719,1377879955,486.0
719,1377879960,481.0
719,1377879965,484.0
719,1377879970,484.0
719,1377879975,476.0
719,1377879980,486.0
719,1377879985,488.0
719,1377879990,486.0
719,1377879995,487.0
719,1377880000,494.0
719,1377880005,492.0
719,1377880010,492.0
719,1377880015,487.0
719,1377880020,487.0
719,1377880025,487.0
719,1377880030,487.0
719,1377880035,489.0
719,1377880040,494.0
719,1377880045,487.0
719,1377880050,494.0
719,1377880055,498.0
719,1377880060,494.0
719,1377880065,493.0
719,1377880070,499.0
719,1377880075,494.0
719,1377880080,487.0
719,1377880085,489.0
719,1377880090,492.0
719,1377880095,489.0
719,1377880100,492.0
719,1377880105,492.0
719,1377880110,492.0
719,1377880115,494.0
719,1377880120,494.0
719,1377880125,489.0
719,1377880130,492.0
719,1377880135,493.0
719,1377880140,496.0
719,1377880145,494.0
719,1377880150,494.0
719,1377880155,499.0
719,1377880160,500.0
719,1377880165,495.0
719,1377880170,494.0
719,1377880176,494.0
719,1377880180,494.0
719,1377880185,487.0
719,1377880190,489.0
719,1377880195,492.0
719,1377880200,487.0
719,1377880205,497.0
719,1377880210,494.0
719,1377880215,499.0
719,1377880220,495.0
719,1377880225,497.0
719,1377880230,497.0
719,1377880235,491.0
719,1377880240,486.0
719,1377880245,483.0
719,1377880250,492.0
719,1377880255,492.0
719,1377880260,497.0
719,1377880265,494.0
719,1377880270,497.0
719,1377880275,494.0
719,1377880280,487.0
719,1377880285,492.0
719,1377880290,489.0
719,1377880295,486.0
719,1377880300,483.0
719,1377880305,486.0
719,1377880310,484.0
719,1377880315,489.0
719,1377880320,496.0
719,1377880325,492.0
719,1377880330,494.0
719,1377880335,494.0
719,1377880340,503.0
719,1377880345,508.0
719,1377880350,505.0
719,1377880355,508.0
719,1377880360,504.0
719,1377880365,505.0
719,1377880370,499.0
719,1377880375,504.0
719,1377880380,499.0
719,1377880385,504.0
719,1377880390,495.0
719,1377880395,504.0
719,1377880400,500.0
719,1377880405,502.0
719,1377880410,499.0
719,1377880415,505.0
719,1377880420,504.0
719,1377880425,502.0
719,1377880430,495.0
719,1377880435,494.0
719,1377880440,499.0
719,1377880445,497.0
719,1377880450,493.0
719,1377880455,487.0
719,1377880460,489.0
719,1377880465,492.0
719,1377880470,494.0
719,1377880475,502.0
719,1377880480,504.0
719,1377880485,504.0
719,1377880490,508.0
719,1377880495,502.0
719,1377880500,497.0
719,1377880505,492.0
719,1377880510,487.0
719,1377880515,489.0
719,1377880520,492.0
719,1377880525,487.0
719,1377880530,492.0
719,1377880535,492.0
719,1377880540,492.0
719,1377880545,489.0
719,1377880550,499.0
719,1377880555,492.0
719,1377880560,497.0
719,1377880565,492.0
719,1377880570,487.0
719,1377880575,492.0
719,1377880580,498.0
719,1377880585,499.0
719,1377880590,503.0
719,1377880595,503.0
719,1377880600,503.0
719,1377880605,508.0
719,1377880610,503.0
719,1377880615,504.0
719,1377880620,505.0
719,1377880625,508.0
719,1377880630,503.0
719,1377880635,503.0
719,1377880640,495.0
719,1377880645,494.0
719,1377880650,492.0
719,1377880655,489.0
719,1377880660,489.0
719,1377880665,492.0
719,1377880670,492.0
719,1377880675,496.0
719,1377880680,494.0
719,1377880685,496.0
719,1377880690,493.0
719,1377880695,494.0
719,1377880700,494.0
719,1377880705,491.0
719,1377880710,491.0
719,1377880716,494.0
719,1377880720,491.0
719,1377880725,491.0
719,1377880730,493.0
719,1377880735,489.0
719,1377880740,492.0
719,1377880747,494.0
719,1377880750,494.0
719,1377880755,497.0
719,1377880760,505.0
719,1377880765,503.0
719,1377880770,514.0
719,1377880775,503.0
719,1377880780,499.0
719,1377880785,499.0
719,1377880790,493.0
719,1377880795,499.0
719,1377880800,505.0
719,1377880805,505.0
719,1377880811,507.0
719,1377880815,503.0
719,1377880820,505.0
719,1377880825,504.0
719,1377880830,500.0
719,1377880835,504.0
719,1377880840,508.0
719,1377880845,518.0
719,1377880850,508.0
719,1377880855,505.0
719,1377880860,503.0
719,1377880865,514.0
719,1377880870,507.0
719,1377880875,511.0
719,1377880880,524.0
719,1377880885,524.0
719,1377880890,516.0
719,1377880895,513.0
719,1377880900,508.0
719,1377880905,504.0
719,1377880910,499.0
719,1377880915,487.0
719,1377880920,497.0
719,1377880925,495.0
719,1377880930,499.0
719,1377880935,499.0
719,1377880940,500.0
719,1377880945,494.0
719,1377880950,495.0
719,1377880955,504.0
719,1377880960,499.0
719,1377880965,492.0
719,1377880970,497.0
719,1377880975,496.0
719,1377880980,493.0
719,1377880985,503.0
719,1377880990,503.0
719,1377880995,503.0
719,1377881000,515.0
719,1377881005,516.0
719,1377881010,515.0
719,1377881015,508.0
719,1377881020,505.0
719,1377881025,508.0
719,1377881030,514.0
719,1377881035,503.0
719,1377881040,502.0
719,1377881045,502.0
719,1377881050,494.0
719,1377881055,499.0
719,1377881060,504.0
719,1377881065,499.0
719,1377881070,497.0
719,1377881075,494.0
719,1377881080,497.0
719,1377881085,493.0
719,1377881090,492.0
719,1377881095,493.0
719,1377881100,492.0
719,1377881105,497.0
719,1377881110,494.0
719,1377881115,497.0
719,1377881120,496.0
719,1377881125,497.0
719,1377881130,494.0
719,1377881135,500.0
719,1377881140,497.0
719,1377881145,493.0
719,1377881150,493.0
719,1377881155,497.0
719,1377881160,498.0
719,1377881165,494.0
719,1377881170,483.0
719,1377881175,483.0
719,1377881180,487.0
719,1377881185,489.0
719,1377881190,494.0
719,1377881195,499.0
719,1377881200,504.0
719,1377881205,503.0
719,1377881210,502.0
719,1377881215,497.0
719,1377881220,495.0
719,1377881225,494.0
719,1377881230,497.0
719,1377881235,492.0
719,1377881240,492.0
719,1377881245,492.0
719,1377881250,494.0
719,1377881255,486.0
719,1377881260,492.0
719,1377881265,489.0
719,1377881270,494.0
719,1377881275,496.0
719,1377881280,497.0
719,1377881285,502.0
719,1377881290,505.0
719,1377881295,503.0
719,1377881300,504.0
719,1377881305,504.0
719,1377881310,497.0
719,1377881315,496.0
719,1377881320,489.0
719,1377881325,488.0
719,1377881330,486.0
719,1377881335,484.0
719,1377881340,484.0
719,1377881345,486.0
719,1377881350,483.0
719,1377881355,489.0
719,1377881360,496.0
719,1377881365,497.0
719,1377881370,497.0
719,1377881375,497.0
719,1377881380,494.0
719,1377881385,494.0
719,1377881390,488.0
719,1377881395,489.0
719,1377881400,487.0
719,1377881405,483.0
719,1377881410,489.0
719,1377881415,487.0
719,1377881420,492.0
719,1377881425,497.0
719,1377881430,493.0
719,1377881435,497.0
719,1377881440,483.0
719,1377881445,486.0
719,1377881450,483.0
719,1377881455,483.0
719,1377881460,479.0
719,1377881465,489.0
719,1377881470,497.0
719,1377881475,497.0
719,1377881480,504.0
719,1377881485,499.0
719,1377881490,499.0
719,1377881495,494.0
719,1377881500,494.0
719,1377881505,497.0
719,1377881510,497.0
719,1377881515,492.0
719,1377881520,492.0
719,1377881525,492.0
719,1377881530,487.0
719,1377881535,492.0
719,1377881540,483.0
719,1377881545,484.0
719,1377881550,479.0
719,1377881555,483.0
719,1377881560,488.0
719,1377881565,492.0
719,1377881570,487.0
719,1377881575,494.0
719,1377881580,488.0
719,1377881585,486.0
719,1377881590,492.0
719,1377881595,487.0
719,1377881600,492.0
719,1377881605,494.0
719,1377881610,492.0
719,1377881615,489.0
719,1377881621,489.0
719,1377881625,487.0
719,1377881630,489.0
719,1377881635,497.0
719,1377881640,497.0
719,1377881645,493.0
719,1377881650,497.0
719,1377881655,493.0
719,1377881660,492.0
719,1377881665,494.0
719,1377881670,489.0
719,1377881675,497.0
719,1377881680,496.0
719,1377881685,497.0
719,1377881690,492.0
719,1377881695,487.0
719,1377881700,489.0
719,1377881705,492.0
719,1377881710,492.0
719,1377881715,484.0
719,1377881720,479.0
719,1377881725,477.0
719,1377881730,488.0
719,1377881735,487.0
719,1377881740,497.0
719,1377881745,499.0
719,1377881750,494.0
719,1377881755,498.0
719,1377881760,493.0
719,1377881765,498.0
719,1377881770,497.0
719,1377881775,497.0
719,1377881780,497.0
719,1377881785,493.0
719,1377881790,491.0
719,1377881795,494.0
719,1377881800,487.0
719,1377881805,492.0
719,1377881810,486.0
719,1377881815,489.0
719,1377881820,483.0
719,1377881826,488.0
719,1377881830,489.0
719,1377881835,489.0
719,1377881840,494.0
719,1377881845,499.0
719,1377881850,504.0
719,1377881855,494.0
719,1377881860,497.0
719,1377881865,487.0
719,1377881870,477.0
719,1377881875,486.0
719,1377881880,479.0
719,1377881885,492.0
719,1377881890,492.0
719,1377881895,497.0
719,1377881900,487.0
719,1377881905,483.0
719,1377881910,475.0
719,1377881915,484.0
719,1377881920,477.0
719,1377881925,479.0
719,1377881930,484.0
719,1377881935,489.0
719,1377881940,492.0
719,1377881945,483.0
719,1377881950,479.0
719,1377881955,479.0
719,1377881960,488.0
719,1377881965,483.0
719,1377881970,483.0
719,1377881975,489.0
719,1377881980,486.0
719,1377881985,489.0
719,1377881990,489.0
719,1377881995,483.0
719,1377882000,488.0
719,1377882005,475.0
719,1377882010,484.0
719,1377882015,481.0
719,1377882020,486.0
719,1377882025,477.0
719,1377882030,481.0
719,1377882035,477.0
719,1377882040,483.0
719,1377882045,486.0
719,1377882050,484.0
719,1377882055,486.0
719,1377882060,492.0
719,1377882065,496.0
719,1377882070,492.0
719,1377882075,486.0
719,1377882080,488.0
719,1377882085,489.0
719,1377882090,486.0
719,1377882095,483.0
719,1377882100,486.0
719,1377882105,484.0
719,1377882110,486.0
719,1377882115,502.0
719,1377882120,494.0
719,1377882125,497.0
719,1377882130,497.0
719,1377882135,493.0
719,1377882140,492.0
719,1377882145,502.0
719,1377882150,494.0
719,1377882155,492.0
719,1377882160,492.0
719,1377882165,486.0
719,1377882170,483.0
719,1377882175,482.0
719,1377882180,475.0
719,1377882185,471.0
719,1377882190,473.0
719,1377882195,478.0
719,1377882200,482.0
719,1377882205,479.0
719,1377882210,486.0
719,1377882215,487.0
719,1377882220,494.0
719,1377882225,489.0
719,1377882230,488.0
719,1377882235,486.0
719,1377882240,487.0
719,1377882245,487.0
719,1377882250,496.0
719,1377882255,492.0
719,1377882260,496.0
719,1377882265,494.0
719,1377882270,496.0
719,1377882275,488.0
719,1377882280,483.0
719,1377882285,486.0
719,1377882290,486.0
719,1377882295,477.0
719,1377882300,481.0
719,1377882305,476.0
719,1377882310,486.0
719,1377882315,486.0
719,1377882320,494.0
719,1377882325,487.0
719,1377882330,479.0
719,1377882335,477.0
719,1377882340,483.0
719,1377882345,486.0
719,1377882350,483.0
719,1377882355,494.0
719,1377882360,486.0
719,1377882365,484.0
719,1377882370,483.0
719,1377882375,477.0
719,1377882380,480.0
719,1377882385,471.0
719,1377882390,477.0
719,1377882395,479.0
719,1377882400,487.0
719,1377882405,487.0
719,1377882410,483.0
719,1377882415,488.0
719,1377882420,486.0
719,1377882425,483.0
719,1377882430,483.0
719,1377882435,477.0
719,1377882440,482.0
719,1377882445,477.0
719,1377882450,475.0
719,1377882455,486.0
719,1377882460,486.0
719,1377882465,484.0
719,1377882470,492.0
719,1377882475,492.0
719,1377882480,493.0
719,1377882485,497.0
719,1377882490,495.0
719,1377882495,502.0
719,1377882500,504.0
719,1377882505,500.0
719,1377882510,499.0
719,1377882515,492.0
719,1377882520,487.0
719,1377882525,476.0
719,1377882530,476.0
719,1377882535,480.0
719,1377882540,480.0
719,1377882545,482.0
719,1377882550,484.0
719,1377882555,479.0
719,1377882560,489.0
719,1377882565,487.0
719,1377882570,496.0
719,1377882575,487.0
719,1377882580,492.0
719,1377882585,479.0
719,1377882590,483.0
719,1377882595,481.0
719,1377882600,480.0
719,1377882606,477.0
719,1377882610,483.0
719,1377882615,483.0
719,1377882620,482.0
719,1377882625,488.0
719,1377882630,486.0
719,1377882635,486.0
719,1377882640,488.0
719,1377882645,488.0
719,1377882650,483.0
719,1377882655,486.0
719,1377882660,477.0
719,1377882665,486.0
719,1377882670,484.0
719,1377882675,477.0
719,1377882680,481.0
719,1377882685,471.0
719,1377882690,471.0
719,1377882695,476.0
719,1377882700,477.0
719,1377882705,481.0
719,1377882710,483.0
719,1377882715,483.0
719,1377882720,475.0
719,1377882725,475.0
719,1377882730,479.0
719,1377882735,483.0
719,1377882740,492.0
719,1377882745,483.0
719,1377882750,479.0
719,1377882755,477.0
719,1377882760,483.0
719,1377882765,483.0
719,1377882770,487.0
719,1377882775,492.0
719,1377882780,489.0
719,1377882786,487.0
719,1377882790,496.0
719,1377882795,492.0
719,1377882800,492.0
719,1377882805,486.0
719,1377882810,489.0
719,1377882815,488.0
719,1377882820,477.0
719,1377882825,483.0
719,1377882830,479.0
719,1377882835,483.0
719,1377882840,486.0
719,1377882845,486.0
719,1377882850,487.0
719,1377882855,494.0
719,1377882860,494.0
719,1377882865,493.0
719,1377882870,498.0
719,1377882875,493.0
719,1377882880,492.0
719,1377882885,492.0
719,1377882890,487.0
719,1377882895,494.0
719,1377882900,494.0
719,1377882905,492.0
719,1377882910,494.0
719,1377882915,493.0
719,1377882920,494.0
719,1377882925,486.0
719,1377882930,479.0
719,1377882935,479.0
719,1377882940,486.0
719,1377882945,475.0
719,1377882950,484.0
719,1377882955,475.0
719,1377882960,476.0
719,1377882965,477.0
719,1377882970,482.0
719,1377882975,475.0
719,1377882980,481.0
719,1377882985,480.0
719,1377882990,482.0
719,1377882998,476.0
719,1377883000,475.0
719,1377883005,482.0
719,1377883010,486.0
719,1377883015,483.0
719,1377883020,492.0
719,1377883025,486.0
719,1377883030,483.0
719,1377883035,486.0
719,1377883040,483.0
719,1377883045,486.0
719,1377883050,488.0
719,1377883055,489.0
719,1377883060,494.0
719,1377883065,489.0
719,1377883070,487.0
719,1377883075,489.0
719,1377883080,486.0
719,1377883085,488.0
719,1377883090,483.0
719,1377883095,477.0
719,1377883100,475.0
719,1377883105,486.0
719,1377883110,475.0
719,1377883115,484.0
719,1377883120,483.0
719,1377883125,484.0
719,1377883130,483.0
719,1377883135,489.0
719,1377883140,486.0
719,1377883145,487.0
719,1377883150,484.0
719,1377883155,486.0
719,1377883160,483.0
719,1377883165,483.0
719,1377883170,492.0
719,1377883175,487.0
719,1377883180,494.0
719,1377883185,489.0
719,1377883190,492.0
719,1377883195,486.0
719,1377883200,484.0
719,1377883205,482.0
719,1377883210,475.0
719,1377883215,477.0
719,1377883220,483.0
719,1377883225,477.0
719,1377883230,492.0
719,1377883235,487.0
719,1377883240,494.0
719,1377883245,487.0
719,1377883250,489.0
719,1377883255,488.0
719,1377883260,488.0
719,1377883265,483.0
719,1377883270,489.0
719,1377883275,494.0
719,1377883280,487.0
719,1377883285,487.0
719,1377883290,494.0
719,1377883295,489.0
719,1377883300,494.0
719,1377883305,492.0
719,1377883310,486.0
719,1377883315,483.0
719,1377883320,483.0
719,1377883325,477.0
719,1377883330,477.0
719,1377883335,486.0
719,1377883340,492.0
719,1377883345,492.0
719,1377883350,489.0
719,1377883355,489.0
719,1377883360,478.0
719,1377883365,475.0
719,1377883370,480.0
719,1377883375,473.0
719,1377883380,476.0
719,1377883385,482.0
719,1377883390,482.0
719,1377883395,477.0
719,1377883400,486.0
719,1377883405,489.0
719,1377883410,487.0
719,1377883415,489.0
719,1377883420,477.0
719,1377883425,477.0
719,1377883430,476.0
719,1377883435,482.0
719,1377883440,473.0
719,1377883445,480.0
719,1377883450,477.0
719,1377883455,487.0
719,1377883460,489.0
719,1377883465,487.0
719,1377883470,494.0
719,1377883475,494.0
719,1377883480,494.0
719,1377883485,483.0
719,1377883490,486.0
719,1377883495,476.0
719,1377883500,476.0
719,1377883505,478.0
719,1377883510,476.0
719,1377883515,486.0
719,1377883520,488.0
719,1377883525,492.0
719,1377883530,491.0
719,1377883535,488.0
719,1377883540,488.0
719,1377883545,477.0
719,1377883550,483.0
719,1377883555,477.0
719,1377883560,488.0
719,1377883565,487.0
719,1377883570,483.0
719,1377883575,484.0
719,1377883580,483.0
719,1377883585,494.0
719,1377883590,493.0
719,1377883595,494.0
719,1377883600,494.0
719,1377883605,499.0
719,1377883610,486.0
719,1377883615,488.0
719,1377883620,486.0
719,1377883625,478.0
719,1377883630,476.0
719,1377883635,482.0
719,1377883640,475.0
719,1377883645,483.0
719,1377883650,489.0
719,1377883655,487.0
719,1377883660,487.0
719,1377883665,490.0
719,1377883670,494.0
719,1377883675,488.0
719,1377883680,489.0
719,1377883685,486.0
719,1377883690,492.0
719,1377883695,489.0
719,1377883700,492.0
719,1377883705,486.0
719,1377883710,483.0
719,1377883715,479.0
719,1377883720,488.0
719,1377883725,489.0
719,1377883730,494.0
719,1377883735,492.0
719,1377883741,492.0
719,1377883745,483.0
719,1377883750,473.0
719,1377883755,473.0
719,1377883760,484.0
719,1377883765,484.0
719,1377883770,488.0
719,1377883775,488.0
719,1377883780,494.0
719,1377883785,494.0
719,1377883790,496.0
719,1377883795,489.0
719,1377883800,494.0
719,1377883805,488.0
719,1377883810,484.0
719,1377883815,486.0
719,1377883820,488.0
719,1377883825,486.0
719,1377883830,486.0
719,1377883835,489.0
719,1377883840,487.0
719,1377883845,489.0
719,1377883850,494.0
719,1377883855,487.0
719,1377883860,487.0
719,1377883865,492.0
719,1377883870,492.0
719,1377883875,492.0
719,1377883880,492.0
719,1377883885,492.0
719,1377883890,487.0
719,1377883895,492.0
719,1377883900,483.0
719,1377883905,484.0
719,1377883910,486.0
719,1377883915,475.0
719,1377883920,479.0
719,1377883925,486.0
719,1377883931,486.0
719,1377883936,477.0
719,1377883940,484.0
719,1377883945,487.0
719,1377883950,492.0
719,1377883955,483.0
719,1377883960,486.0
719,1377883965,477.0
719,1377883970,486.0
719,1377883975,492.0
719,1377883980,489.0
719,1377883985,492.0
719,1377883990,489.0
719,1377883995,489.0
719,1377884000,488.0
719,1377884005,477.0
719,1377884010,483.0
719,1377884015,483.0
719,1377884020,489.0
719,1377884025,489.0
719,1377884030,493.0
719,1377884035,487.0
719,1377884040,486.0
719,1377884045,488.0
719,1377884050,486.0
719,1377884055,487.0
719,1377884060,487.0
719,1377884065,487.0
719,1377884070,489.0
719,1377884075,487.0
719,1377884080,489.0
719,1377884085,489.0
719,1377884090,486.0
719,1377884095,486.0
719,1377884100,487.0
719,1377884105,487.0
719,1377884110,497.0
719,1377884115,497.0
719,1377884120,492.0
719,1377884125,494.0
719,1377884130,487.0
719,1377884135,494.0
719,1377884140,497.0
719,1377884145,499.0
719,1377884150,499.0
719,1377884155,500.0
719,1377884160,487.0
719,1377884165,489.0
719,1377884170,484.0
719,1377884175,482.0
719,1377884180,482.0
719,1377884185,481.0
719,1377884190,482.0
719,1377884195,483.0
719,1377884200,488.0
719,1377884205,487.0
719,1377884210,492.0
719,1377884215,492.0
719,1377884220,492.0
719,1377884225,494.0
719,1377884230,494.0
719,1377884235,499.0
719,1377884240,499.0
719,1377884245,494.0
719,1377884250,499.0
719,1377884255,489.0
719,1377884260,493.0
719,1377884265,496.0
719,1377884270,497.0
719,1377884275,493.0
719,1377884280,493.0
719,1377884285,492.0
719,1377884290,494.0
719,1377884295,489.0
719,1377884300,483.0
719,1377884305,486.0
719,1377884310,475.0
719,1377884315,482.0
719,1377884320,482.0
719,1377884325,479.0
719,1377884330,494.0
719,1377884335,494.0
719,1377884340,487.0
719,1377884345,487.0
719,1377884350,491.0
719,1377884355,492.0
719,1377884360,487.0
719,1377884365,487.0
719,1377884370,494.0
719,1377884375,492.0
719,1377884380,499.0
719,1377884385,504.0
719,1377884390,494.0
719,1377884395,494.0
719,1377884400,493.0
719,1377884405,493.0
719,1377884410,497.0
719,1377884415,492.0
719,1377884420,491.0
719,1377884425,492.0
719,1377884430,489.0
719,1377884435,494.0
719,1377884440,494.0
719,1377884445,492.0
719,1377884450,487.0
719,1377884455,487.0
719,1377884460,487.0
719,1377884465,492.0
719,1377884470,492.0
719,1377884475,487.0
719,1377884480,489.0
719,1377884485,497.0
719,1377884490,497.0
719,1377884495,497.0
719,1377884500,497.0
719,1377884505,489.0
719,1377884510,489.0
719,1377884516,487.0
719,1377884520,487.0
719,1377884525,487.0
719,1377884530,492.0
719,1377884535,492.0
719,1377884540,487.0
719,1377884545,488.0
719,1377884550,489.0
719,1377884555,486.0
719,1377884560,487.0
719,1377884565,486.0
719,1377884570,483.0
719,1377884575,482.0
719,1377884580,473.0
719,1377884585,475.0
719,1377884590,477.0
719,1377884595,489.0
719,1377884600,487.0
719,1377884605,492.0
719,1377884610,489.0
719,1377884615,487.0
719,1377884620,489.0
719,1377884625,492.0
719,1377884630,492.0
719,1377884635,489.0
719,1377884640,492.0
719,1377884645,489.0
719,1377884650,489.0
719,1377884655,487.0
719,1377884660,489.0
719,1377884665,486.0
719,1377884670,489.0
719,1377884675,488.0
719,1377884680,479.0
719,1377884685,477.0
719,1377884690,477.0
719,1377884695,489.0
719,1377884700,492.0
719,1377884705,496.0
719,1377884710,489.0
719,1377884715,492.0
719,1377884720,498.0
719,1377884725,497.0
719,1377884730,494.0
719,1377884735,492.0
719,1377884740,491.0
719,1377884745,489.0
719,1377884750,489.0
719,1377884755,492.0
719,1377884760,487.0
719,1377884765,493.0
719,1377884770,500.0
719,1377884775,494.0
719,1377884780,497.0
719,1377884785,492.0
719,1377884790,497.0
719,1377884795,495.0
719,1377884800,502.0
719,1377884805,504.0
719,1377884810,512.0
719,1377884815,502.0
719,1377884820,504.0
719,1377884825,500.0
719,1377884830,497.0
719,1377884835,489.0
719,1377884840,492.0
719,1377884845,494.0
719,1377884850,492.0
719,1377884855,497.0
719,1377884860,494.0
719,1377884865,497.0
719,1377884870,494.0
719,1377884876,497.0
719,1377884880,499.0
719,1377884885,508.0
719,1377884890,504.0
719,1377884895,504.0
719,1377884900,499.0
719,1377884905,499.0
719,1377884910,499.0
719,1377884915,497.0
719,1377884920,496.0
719,1377884925,496.0
719,1377884930,494.0
719,1377884935,497.0
719,1377884940,499.0
719,1377884945,495.0
719,1377884950,495.0
719,1377884955,494.0
719,1377884960,497.0
719,1377884965,498.0
719,1377884970,497.0
719,1377884975,494.0
719,1377884980,497.0
719,1377884985,500.0
719,1377884990,494.0
719,1377884995,492.0
719,1377885000,486.0
719,1377885005,479.0
719,1377885010,487.0
719,1377885015,494.0
719,1377885020,487.0
719,1377885025,487.0
719,1377885030,494.0
719,1377885035,496.0
719,1377885040,493.0
719,1377885045,493.0
719,1377885050,491.0
719,1377885055,487.0
719,1377885060,489.0
719,1377885065,484.0
719,1377885070,483.0
719,1377885075,488.0
719,1377885080,492.0
719,1377885085,489.0
719,1377885090,497.0
719,1377885095,500.0
719,1377885100,496.0
719,1377885105,492.0
719,1377885110,489.0
719,1377885115,489.0
719,1377885120,489.0
719,1377885125,494.0
719,1377885130,496.0
719,1377885135,494.0
719,1377885140,494.0
719,1377885145,492.0
719,1377885150,489.0
719,1377885155,493.0
719,1377885160,493.0
719,1377885165,494.0
719,1377885170,492.0
719,1377885175,494.0
719,1377885180,494.0
719,1377885185,495.0
719,1377885190,494.0
719,1377885195,486.0
719,1377885200,494.0
719,1377885205,491.0
719,1377885210,498.0
719,1377885215,502.0
719,1377885220,503.0
719,1377885225,506.0
719,1377885230,502.0
719,1377885235,505.0
719,1377885240,507.0
719,1377885245,508.0
719,1377885250,505.0
719,1377885255,499.0
719,1377885260,499.0
719,1377885265,497.0
719,1377885270,494.0
719,1377885275,496.0
719,1377885280,487.0
719,1377885285,489.0
719,1377885290,488.0
719,1377885295,488.0
719,1377885300,486.0
719,1377885305,483.0
719,1377885310,487.0
719,1377885315,496.0
719,1377885320,504.0
719,1377885325,505.0
719,1377885330,505.0
719,1377885335,504.0
719,1377885340,497.0
719,1377885345,489.0
719,1377885350,492.0
719,1377885355,494.0
719,1377885360,499.0
719,1377885365,499.0
719,1377885370,497.0
719,1377885375,487.0
719,1377885380,496.0
719,1377885385,494.0
719,1377885390,494.0
719,1377885395,495.0
719,1377885400,499.0
719,1377885405,502.0
719,1377885410,503.0
719,1377885415,503.0
719,1377885420,508.0
719,1377885425,508.0
719,1377885430,505.0
719,1377885435,499.0
719,1377885440,494.0
719,1377885445,497.0
719,1377885450,500.0
719,1377885455,499.0
719,1377885460,499.0
719,1377885465,494.0
719,1377885470,493.0
719,1377885475,497.0
719,1377885480,494.0
719,1377885485,497.0
719,1377885490,504.0
719,1377885495,499.0
719,1377885500,503.0
719,1377885505,508.0
719,1377885510,512.0
719,1377885515,505.0
719,1377885520,504.0
719,1377885525,497.0
719,1377885530,493.0
719,1377885535,496.0
719,1377885540,491.0
719,1377885545,489.0
719,1377885550,491.0
719,1377885555,492.0
719,1377885560,504.0
719,1377885565,508.0
719,1377885570,508.0
719,1377885575,508.0
719,1377885580,509.0
719,1377885585,512.0
719,1377885590,507.0
719,1377885595,508.0
719,1377885600,500.0
719,1377885605,493.0
719,1377885610,497.0
719,1377885615,504.0
719,1377885620,505.0
719,1377885625,504.0
719,1377885630,504.0
719,1377885635,504.0
719,1377885640,500.0
719,1377885645,502.0
719,1377885650,508.0
719,1377885655,514.0
719,1377885660,499.0
719,1377885665,504.0
719,1377885670,499.0
719,1377885675,500.0
719,1377885680,504.0
719,1377885685,502.0
719,1377885690,505.0
719,1377885695,505.0
719,1377885700,505.0
719,1377885705,504.0
719,1377885710,497.0
719,1377885715,495.0
719,1377885720,497.0
719,1377885725,497.0
719,1377885730,496.0
719,1377885735,497.0
719,1377885740,497.0
719,1377885745,494.0
719,1377885750,495.0
719,1377885755,493.0
719,1377885760,499.0
719,1377885765,502.0
719,1377885770,503.0
719,1377885775,504.0
719,1377885780,512.0
719,1377885785,500.0
719,1377885790,494.0
719,1377885795,496.0
719,1377885800,491.0
719,1377885805,494.0
719,1377885810,487.0
719,1377885815,491.0
719,1377885820,492.0
719,1377885825,497.0
719,1377885830,496.0
719,1377885835,492.0
719,1377885840,491.0
719,1377885845,487.0
719,1377885850,492.0
719,1377885855,492.0
719,1377885860,487.0
719,1377885865,489.0
719,1377885870,497.0
719,1377885875,514.0
719,1377885880,503.0
719,1377885885,512.0
719,1377885890,514.0
719,1377885895,518.0
719,1377885900,505.0
719,1377885905,508.0
719,1377885910,505.0
719,1377885915,508.0
719,1377885920,512.0
719,1377885925,505.0
719,1377885930,512.0
719,1377885935,503.0
719,1377885940,493.0
719,1377885945,494.0
719,1377885950,493.0
719,1377885955,498.0
719,1377885960,497.0
719,1377885965,499.0
719,1377885970,499.0
719,1377885975,508.0
719,1377885980,505.0
719,1377885985,507.0
719,1377885990,505.0
719,1377885995,495.0
719,1377886000,497.0
719,1377886005,491.0
719,1377886010,497.0
719,1377886015,492.0
719,1377886020,497.0
719,1377886025,491.0
719,1377886030,497.0
719,1377886035,500.0
719,1377886041,502.0
719,1377886045,494.0
719,1377886050,498.0
719,1377886055,494.0
719,1377886060,487.0
719,1377886065,492.0
719,1377886070,489.0
719,1377886075,497.0
719,1377886080,500.0
719,1377886085,502.0
719,1377886090,516.0
719,1377886095,512.0
719,1377886100,508.0
719,1377886105,508.0
719,1377886110,505.0
719,1377886115,503.0
719,1377886120,502.0
719,1377886125,503.0
719,1377886130,499.0
719,1377886135,502.0
719,1377886140,504.0
719,1377886145,503.0
719,1377886150,503.0
719,1377886155,503.0
719,1377886160,505.0
719,1377886165,508.0
719,1377886170,505.0
719,1377886175,499.0
719,1377886180,499.0
719,1377886185,497.0
719,1377886190,499.0
719,1377886195,499.0
719,1377886200,500.0
719,1377886205,494.0
719,1377886210,499.0
719,1377886215,499.0
719,1377886220,508.0
719,1377886225,503.0
719,1377886230,505.0
719,1377886235,504.0
719,1377886240,499.0
719,1377886245,496.0
719,1377886250,499.0
719,1377886255,504.0
719,1377886260,505.0
719,1377886265,502.0
719,1377886270,505.0
719,1377886275,499.0
719,1377886280,495.0
719,1377886285,494.0
719,1377886290,504.0
719,1377886295,494.0
719,1377886300,505.0
719,1377886305,504.0
719,1377886310,502.0
719,1377886315,502.0
719,1377886320,500.0
719,1377886325,494.0
719,1377886330,498.0
719,1377886335,498.0
719,1377886340,497.0
719,1377886345,497.0
719,1377886350,500.0
719,1377886355,499.0
719,1377886360,504.0
719,1377886365,502.0
719,1377886370,503.0
719,1377886375,503.0
719,1377886380,503.0
719,1377886385,503.0
719,1377886390,505.0
719,1377886395,505.0
719,1377886400,504.0
719,1377886405,498.0
719,1377886410,500.0
719,1377886415,505.0
719,1377886420,505.0
719,1377886425,507.0
719,1377886430,514.0
719,1377886435,518.0
719,1377886440,508.0
719,1377886445,503.0
719,1377886450,505.0
719,1377886455,503.0
719,1377886460,512.0
719,1377886465,512.0
719,1377886470,508.0
719,1377886475,508.0
719,1377886480,507.0
719,1377886485,505.0
719,1377886490,502.0
719,1377886495,504.0
719,1377886500,503.0
719,1377886505,499.0
719,1377886510,504.0
719,1377886515,497.0
719,1377886520,502.0
719,1377886525,499.0
719,1377886530,494.0
719,1377886535,499.0
719,1377886540,505.0
719,1377886545,503.0
719,1377886550,503.0
719,1377886555,505.0
719,1377886560,507.0
719,1377886565,505.0
719,1377886570,505.0
719,1377886575,512.0
719,1377886580,508.0
719,1377886585,514.0
719,1377886590,507.0
719,1377886595,514.0
719,1377886600,507.0
719,1377886605,507.0
719,1377886610,511.0
719,1377886615,516.0
719,1377886620,512.0
719,1377886625,507.0
719,1377886630,513.0
719,1377886635,514.0
719,1377886640,503.0
719,1377886645,503.0
719,1377886650,503.0
719,1377886655,512.0
719,1377886660,508.0
719,1377886665,505.0
719,1377886670,499.0
719,1377886675,502.0
719,1377886680,502.0
719,1377886685,502.0
719,1377886690,504.0
719,1377886695,504.0
719,1377886700,502.0
719,1377886705,505.0
719,1377886710,516.0
719,1377886715,508.0
719,1377886720,508.0
719,1377886725,503.0
719,1377886730,508.0
719,1377886735,503.0
719,1377886742,505.0
719,1377886745,514.0
719,1377886750,515.0
719,1377886755,516.0
719,1377886760,519.0
719,1377886765,518.0
719,1377886770,516.0
719,1377886775,508.0
719,1377886780,507.0
719,1377886785,509.0
719,1377886790,518.0
719,1377886795,526.0
719,1377886800,524.0
719,1377886805,526.0
719,1377886810,531.0
719,1377886815,526.0
719,1377886820,526.0
719,1377886825,532.0
719,1377886830,536.0
719,1377886835,542.0
719,1377886840,540.0
719,1377886845,545.0
719,1377886850,539.0
719,1377886855,537.0
719,1377886860,527.0
719,1377886865,526.0
719,1377886870,525.0
719,1377886875,531.0
719,1377886880,536.0
719,1377886885,539.0
719,1377886890,541.0
719,1377886895,548.0
719,1377886900,543.0
719,1377886905,547.0
719,1377886910,545.0
719,1377886915,546.0
719,1377886920,537.0
719,1377886925,535.0
719,1377886930,531.0
719,1377886935,531.0
719,1377886940,531.0
719,1377886945,534.0
719,1377886950,536.0
719,1377886955,539.0
719,1377886960,537.0
719,1377886965,540.0
719,1377886970,544.0
719,1377886975,547.0
719,1377886980,541.0
719,1377886985,543.0
719,1377886990,552.0
719,1377886995,553.0
719,1377887000,558.0
719,1377887005,541.0
719,1377887010,541.0
719,1377887015,550.0
719,1377887020,547.0
719,1377887025,550.0
719,1377887030,544.0
719,1377887035,540.0
719,1377887040,536.0
719,1377887045,531.0
719,1377887050,531.0
719,1377887055,534.0
719,1377887060,539.0
719,1377887065,545.0
719,1377887070,547.0
719,1377887075,550.0
719,1377887080,545.0
719,1377887085,547.0
719,1377887090,550.0
719,1377887095,551.0
719,1377887100,556.0
719,1377887105,553.0
719,1377887110,556.0
719,1377887115,550.0
719,1377887120,543.0
719,1377887125,553.0
719,1377887130,550.0
719,1377887135,552.0
719,1377887140,550.0
719,1377887145,551.0
719,1377887150,560.0
719,1377887155,557.0
719,1377887160,556.0
719,1377887165,558.0
719,1377887170,558.0
719,1377887175,558.0
719,1377887180,556.0
719,1377887185,553.0
719,1377887190,555.0
719,1377887195,558.0
719,1377887200,561.0
719,1377887205,561.0
719,1377887210,558.0
719,1377887215,561.0
719,1377887220,563.0
719,1377887225,558.0
719,1377887230,561.0
719,1377887235,564.0
719,1377887240,566.0
719,1377887245,564.0
719,1377887250,566.0
719,1377887255,564.0
719,1377887260,569.0
719,1377887265,566.0
719,1377887270,563.0
719,1377887275,572.0
719,1377887280,576.0
719,1377887285,574.0
719,1377887290,558.0
719,1377887295,561.0
719,1377887300,553.0
719,1377887305,557.0
719,1377887310,557.0
719,1377887315,569.0
719,1377887320,576.0
719,1377887325,567.0
719,1377887330,571.0
719,1377887335,567.0
719,1377887340,569.0
719,1377887345,569.0
719,1377887350,576.0
719,1377887355,576.0
719,1377887360,576.0
719,1377887365,578.0
719,1377887370,576.0
719,1377887375,571.0
719,1377887380,575.0
719,1377887385,579.0
719,1377887390,575.0
719,1377887395,575.0
719,1377887400,582.0
719,1377887405,569.0
719,1377887410,572.0
719,1377887415,563.0
719,1377887420,569.0
719,1377887425,567.0
719,1377887430,569.0
719,1377887435,566.0
719,1377887440,568.0
719,1377887445,558.0
719,1377887450,558.0
719,1377887455,563.0
719,1377887460,572.0
719,1377887465,567.0
719,1377887470,569.0
719,1377887475,578.0
719,1377887480,582.0
719,1377887485,580.0
719,1377887490,574.0
719,1377887495,568.0
719,1377887500,563.0
719,1377887505,568.0
719,1377887510,576.0
719,1377887515,575.0
719,1377887520,575.0
719,1377887525,582.0
719,1377887530,575.0
719,1377887535,580.0
719,1377887540,578.0
719,1377887545,569.0
719,1377887550,563.0
719,1377887555,558.0
719,1377887560,568.0
719,1377887565,568.0
719,1377887570,568.0
719,1377887575,563.0
719,1377887580,566.0
719,1377887585,566.0
719,1377887590,569.0
719,1377887595,569.0
719,1377887600,576.0
719,1377887605,569.0
719,1377887610,563.0
719,1377887615,563.0
719,1377887620,556.0
719,1377887625,561.0
719,1377887630,560.0
719,1377887635,564.0
719,1377887640,568.0
719,1377887645,566.0
719,1377887650,572.0
719,1377887655,571.0
719,1377887660,576.0
719,1377887665,571.0
719,1377887670,563.0
719,1377887675,558.0
719,1377887680,560.0
719,1377887685,558.0
719,1377887690,571.0
719,1377887695,576.0
719,1377887700,576.0
719,1377887705,576.0
719,1377887710,576.0
719,1377887715,567.0
719,1377887720,572.0
719,1377887725,566.0
719,1377887730,568.0
719,1377887735,561.0
719,1377887740,556.0
719,1377887745,558.0
719,1377887750,557.0
719,1377887755,556.0
719,1377887760,556.0
719,1377887765,551.0
719,1377887770,551.0
719,1377887775,556.0
719,1377887780,551.0
719,1377887785,561.0
719,1377887790,563.0
719,1377887795,557.0
719,1377887800,568.0
719,1377887805,566.0
719,1377887810,567.0
719,1377887815,566.0
719,1377887820,559.0
719,1377887825,561.0
719,1377887830,558.0
719,1377887835,557.0
719,1377887840,561.0
719,1377887845,558.0
719,1377887850,551.0
719,1377887855,550.0
719,1377887860,547.0
719,1377887865,550.0
719,1377887870,553.0
719,1377887875,547.0
719,1377887880,558.0
719,1377887885,563.0
719,1377887890,557.0
719,1377887895,563.0
719,1377887900,569.0
719,1377887905,558.0
719,1377887910,551.0
719,1377887915,556.0
719,1377887920,547.0
719,1377887925,546.0
719,1377887930,540.0
719,1377887935,548.0
719,1377887940,541.0
719,1377887945,553.0
719,1377887950,547.0
719,1377887955,553.0
719,1377887960,552.0
719,1377887965,550.0
719,1377887970,553.0
719,1377887975,543.0
719,1377887980,543.0
719,1377887985,541.0
719,1377887990,545.0
719,1377887995,545.0
719,1377888000,552.0
719,1377888005,557.0
719,1377888010,561.0
719,1377888015,568.0
719,1377888020,572.0
719,1377888025,569.0
719,1377888030,571.0
719,1377888035,569.0
719,1377888040,564.0
719,1377888045,561.0
719,1377888050,556.0
719,1377888055,541.0
719,1377888060,547.0
719,1377888065,553.0
719,1377888070,551.0
719,1377888075,553.0
719,1377888080,556.0
719,1377888085,553.0
719,1377888090,543.0
719,1377888095,550.0
719,1377888100,543.0
719,1377888105,550.0
719,1377888110,547.0
719,1377888115,547.0
719,1377888120,550.0
719,1377888125,558.0
719,1377888130,556.0
719,1377888135,556.0
719,1377888140,558.0
719,1377888145,561.0
719,1377888150,556.0
719,1377888155,551.0
719,1377888160,547.0
719,1377888165,547.0
719,1377888170,551.0
719,1377888175,551.0
719,1377888183,552.0
719,1377888185,550.0
719,1377888190,553.0
719,1377888195,552.0
719,1377888200,553.0
719,1377888205,553.0
719,1377888211,550.0
719,1377888215,548.0
719,1377888220,541.0
719,1377888225,545.0
719,1377888230,541.0
719,1377888235,550.0
719,1377888240,548.0
719,1377888245,546.0
719,1377888250,540.0
719,1377888255,537.0
719,1377888260,540.0
719,1377888265,539.0
719,1377888270,550.0
719,1377888275,551.0
719,1377888280,553.0
719,1377888285,553.0
719,1377888290,551.0
719,1377888295,540.0
719,1377888300,534.0
719,1377888305,536.0
719,1377888310,534.0
719,1377888315,540.0
719,1377888320,540.0
719,1377888325,540.0
719,1377888330,541.0
719,1377888335,546.0
719,1377888340,550.0
719,1377888345,550.0
719,1377888350,550.0
719,1377888355,539.0
719,1377888360,550.0
719,1377888365,543.0
719,1377888371,550.0
719,1377888375,558.0
719,1377888380,537.0
719,1377888385,544.0
719,1377888390,546.0
719,1377888395,552.0
719,1377888400,547.0
719,1377888405,558.0
719,1377888410,543.0
719,1377888415,547.0
719,1377888420,547.0
719,1377888425,547.0
719,1377888430,539.0
719,1377888435,541.0
719,1377888440,546.0
719,1377888445,550.0
719,1377888450,541.0
719,1377888455,540.0
719,1377888460,539.0
719,1377888465,535.0
719,1377888470,537.0
719,1377888475,544.0
719,1377888480,540.0
719,1377888485,539.0
719,1377888490,545.0
719,1377888495,540.0
719,1377888500,532.0
719,1377888505,526.0
719,1377888510,534.0
719,1377888515,525.0
719,1377888520,534.0
719,1377888525,526.0
719,1377888530,529.0
719,1377888535,518.0
719,1377888540,524.0
719,1377888545,521.0
719,1377888550,525.0
719,1377888555,528.0
719,1377888560,524.0
719,1377888565,529.0
719,1377888570,534.0
719,1377888575,540.0
719,1377888580,546.0
719,1377888585,541.0
719,1377888590,547.0
719,1377888595,550.0
719,1377888600,550.0
719,1377888605,550.0
719,1377888610,550.0
719,1377888615,547.0
719,1377888620,548.0
719,1377888625,535.0
719,1377888630,550.0
719,1377888635,541.0
719,1377888640,547.0
719,1377888645,547.0
719,1377888650,544.0
719,1377888655,535.0
719,1377888660,544.0
719,1377888665,540.0
719,1377888670,550.0
719,1377888675,552.0
719,1377888680,545.0
719,1377888685,539.0
719,1377888690,535.0
719,1377888695,534.0
719,1377888700,534.0
719,1377888705,540.0
719,1377888710,537.0
719,1377888715,545.0
719,1377888720,548.0
719,1377888725,553.0
719,1377888730,558.0
719,1377888735,557.0
719,1377888740,557.0
719,1377888745,558.0
719,1377888750,543.0
719,1377888755,546.0
719,1377888760,548.0
719,1377888765,541.0
719,1377888770,556.0
719,1377888775,551.0
719,1377888780,553.0
719,1377888785,550.0
719,1377888790,539.0
719,1377888795,532.0
719,1377888800,531.0
719,1377888805,531.0
719,1377888810,531.0
719,1377888815,540.0
719,1377888820,540.0
719,1377888825,547.0
719,1377888830,553.0
719,1377888835,561.0
719,1377888840,558.0
719,1377888845,556.0
719,1377888850,553.0
719,1377888855,541.0
719,1377888860,539.0
719,1377888865,539.0
719,1377888870,535.0
719,1377888875,535.0
719,1377888880,540.0
719,1377888885,535.0
719,1377888890,539.0
719,1377888895,547.0
719,1377888900,548.0
719,1377888905,548.0
719,1377888910,537.0
719,1377888915,535.0
719,1377888920,525.0
719,1377888925,532.0
719,1377888930,529.0
719,1377888938,524.0
719,1377888940,528.0
719,1377888945,521.0
719,1377888950,518.0
719,1377888955,519.0
719,1377888960,526.0
719,1377888965,527.0
719,1377888970,529.0
719,1377888975,531.0
719,1377888980,527.0
719,1377888985,527.0
719,1377888990,526.0
719,1377888995,525.0
719,1377889001,529.0
719,1377889005,524.0
719,1377889010,521.0
719,1377889015,526.0
719,1377889020,521.0
719,1377889025,529.0
719,1377889030,531.0
719,1377889035,535.0
719,1377889040,539.0
719,1377889045,539.0
719,1377889050,539.0
719,1377889055,535.0
719,1377889060,534.0
719,1377889065,531.0
719,1377889070,519.0
719,1377889075,519.0
719,1377889080,520.0
719,1377889085,518.0
719,1377889090,516.0
719,1377889095,515.0
719,1377889100,524.0
719,1377889105,531.0
719,1377889110,536.0
719,1377889115,531.0
719,1377889120,540.0
719,1377889125,540.0
719,1377889130,537.0
719,1377889135,534.0
719,1377889140,536.0
719,1377889145,531.0
719,1377889150,524.0
719,1377889155,526.0
719,1377889160,521.0
719,1377889165,525.0
719,1377889170,531.0
719,1377889175,534.0
719,1377889180,527.0
719,1377889185,532.0
719,1377889190,526.0
719,1377889195,536.0
719,1377889200,531.0
719,1377889205,535.0
719,1377889210,544.0
719,1377889215,550.0
719,1377889220,541.0
719,1377889225,547.0
719,1377889230,539.0
719,1377889235,537.0
719,1377889240,537.0
719,1377889245,540.0
719,1377889250,540.0
719,1377889255,535.0
719,1377889260,535.0
719,1377889265,531.0
719,1377889270,544.0
719,1377889275,529.0
719,1377889280,534.0
719,1377889285,534.0
719,1377889290,537.0
719,1377889295,527.0
719,1377889300,546.0
719,1377889305,529.0
719,1377889310,531.0
719,1377889315,529.0
719,1377889320,524.0
719,1377889325,520.0
719,1377889330,511.0
719,1377889335,511.0
719,1377889340,515.0
719,1377889345,520.0
719,1377889350,528.0
719,1377889355,524.0
719,1377889360,519.0
719,1377889365,519.0
719,1377889370,519.0
719,1377889375,519.0
719,1377889380,524.0
719,1377889385,528.0
719,1377889390,518.0
719,1377889395,524.0
719,1377889400,523.0
719,1377889405,526.0
719,1377889410,525.0
719,1377889415,529.0
719,1377889420,519.0
719,1377889425,518.0
719,1377889430,518.0
719,1377889435,516.0
719,1377889440,526.0
719,1377889445,528.0
719,1377889450,526.0
719,1377889455,526.0
719,1377889460,524.0
719,1377889465,526.0
719,1377889470,528.0
719,1377889475,526.0
719,1377889480,528.0
719,1377889485,526.0
719,1377889490,523.0
719,1377889495,515.0
719,1377889500,519.0
719,1377889505,526.0
719,1377889510,521.0
719,1377889515,528.0
719,1377889520,526.0
719,1377889525,526.0
719,1377889530,515.0
719,1377889535,519.0
719,1377889540,519.0
719,1377889545,518.0
719,1377889550,524.0
719,1377889555,526.0
719,1377889560,526.0
719,1377889565,525.0
719,1377889570,526.0
719,1377889575,527.0
719,1377889580,531.0
719,1377889585,540.0
719,1377889590,534.0
719,1377889595,527.0
719,1377889600,521.0
719,1377889605,524.0
719,1377889610,525.0
719,1377889615,532.0
719,1377889620,536.0
719,1377889625,537.0
719,1377889630,531.0
719,1377889635,534.0
719,1377889640,536.0
719,1377889645,537.0
719,1377889650,537.0
719,1377889655,540.0
719,1377889660,541.0
719,1377889665,540.0
719,1377889670,526.0
719,1377889675,524.0
719,1377889680,528.0
719,1377889685,529.0
719,1377889690,540.0
719,1377889695,537.0
719,1377889700,531.0
719,1377889705,526.0
719,1377889710,528.0
719,1377889715,529.0
719,1377889720,532.0
719,1377889725,536.0
719,1377889730,537.0
719,1377889735,535.0
719,1377889740,544.0
719,1377889745,539.0
719,1377889750,535.0
719,1377889755,537.0
719,1377889760,540.0
719,1377889765,534.0
719,1377889770,532.0
719,1377889775,529.0
719,1377889780,540.0
719,1377889785,540.0
719,1377889790,539.0
719,1377889795,544.0
719,1377889800,537.0
719,1377889805,530.0
719,1377889810,526.0
719,1377889815,515.0
719,1377889820,516.0
719,1377889825,515.0
719,1377889830,518.0
719,1377889835,528.0
719,1377889840,540.0
719,1377889845,542.0
719,1377889850,534.0
719,1377889855,536.0
719,1377889860,531.0
719,1377889865,536.0
719,1377889870,534.0
719,1377889875,544.0
719,1377889880,527.0
719,1377889885,536.0
719,1377889890,532.0
719,1377889895,526.0
719,1377889900,521.0
719,1377889905,524.0
719,1377889910,526.0
719,1377889915,529.0
719,1377889920,529.0
719,1377889925,531.0
719,1377889930,534.0
719,1377889935,531.0
719,1377889940,531.0
719,1377889945,526.0
719,1377889950,518.0
719,1377889955,518.0
719,1377889960,518.0
719,1377889965,521.0
719,1377889970,519.0
719,1377889975,524.0
719,1377889980,529.0
719,1377889985,529.0
719,1377889990,526.0
719,1377889995,521.0
719,1377890000,509.0
719,1377890005,505.0
719,1377890010,518.0
719,1377890015,505.0
719,1377890020,509.0
719,1377890025,505.0
719,1377890030,518.0
719,1377890035,509.0
719,1377890040,515.0
719,1377890045,514.0
719,1377890050,515.0
719,1377890055,518.0
719,1377890060,515.0
719,1377890065,515.0
719,1377890070,509.0
719,1377890075,509.0
719,1377890080,515.0
719,1377890085,520.0
719,1377890090,524.0
719,1377890095,519.0
719,1377890100,524.0
719,1377890105,521.0
719,1377890110,509.0
719,1377890115,509.0
719,1377890120,515.0
719,1377890125,520.0
719,1377890131,520.0
719,1377890135,520.0
719,1377890140,507.0
719,1377890145,507.0
719,1377890150,512.0
719,1377890155,516.0
719,1377890160,519.0
719,1377890165,518.0
719,1377890170,509.0
719,1377890175,509.0
719,1377890180,503.0
719,1377890185,505.0
719,1377890190,514.0
719,1377890196,515.0
719,1377890200,521.0
719,1377890205,521.0
719,1377890210,524.0
719,1377890215,521.0
719,1377890220,521.0
719,1377890225,518.0
719,1377890231,511.0
719,1377890235,518.0
719,1377890240,515.0
719,1377890245,526.0
719,1377890250,523.0
719,1377890255,526.0
719,1377890260,524.0
719,1377890265,521.0
719,1377890270,509.0
719,1377890275,514.0
719,1377890280,509.0
719,1377890285,521.0
719,1377890290,521.0
719,1377890295,520.0
719,1377890300,519.0
719,1377890305,515.0
719,1377890310,518.0
719,1377890315,512.0
719,1377890320,503.0
719,1377890325,507.0
719,1377890330,513.0
719,1377890335,509.0
719,1377890340,521.0
719,1377890345,530.0
719,1377890350,531.0
719,1377890355,531.0
719,1377890360,525.0
719,1377890365,525.0
719,1377890370,524.0
719,1377890375,524.0
719,1377890380,509.0
719,1377890385,516.0
719,1377890390,512.0
719,1377890395,507.0
719,1377890400,518.0
719,1377890405,521.0
719,1377890410,518.0
719,1377890415,511.0
719,1377890420,513.0
719,1377890425,509.0
719,1377890430,514.0
719,1377890435,508.0
719,1377890440,512.0
719,1377890445,512.0
719,1377890450,503.0
719,1377890455,502.0
719,1377890460,508.0
719,1377890465,512.0
719,1377890470,508.0
719,1377890475,511.0
719,1377890480,520.0
719,1377890485,524.0
719,1377890490,529.0
719,1377890495,519.0
719,1377890500,515.0
719,1377890505,515.0
719,1377890510,518.0
719,1377890515,515.0
719,1377890520,518.0
719,1377890525,515.0
719,1377890530,509.0
719,1377890535,513.0
719,1377890540,515.0
719,1377890545,516.0
719,1377890550,515.0
719,1377890555,515.0
719,1377890560,509.0
719,1377890565,513.0
719,1377890570,514.0
719,1377890575,510.0
719,1377890580,498.0
719,1377890585,499.0
719,1377890590,508.0
719,1377890595,505.0
719,1377890600,503.0
719,1377890605,508.0
719,1377890610,503.0
719,1377890615,507.0
719,1377890620,518.0
719,1377890625,515.0
719,1377890630,516.0
719,1377890635,521.0
719,1377890640,521.0
719,1377890645,529.0
719,1377890650,520.0
719,1377890655,513.0
719,1377890660,507.0
719,1377890665,503.0
719,1377890670,502.0
719,1377890675,505.0
719,1377890680,507.0
719,1377890685,515.0
719,1377890690,507.0
719,1377890695,516.0
719,1377890700,515.0
719,1377890705,518.0
719,1377890710,514.0
719,1377890715,507.0
719,1377890720,507.0
719,1377890725,509.0
719,1377890730,515.0
719,1377890735,520.0
719,1377890740,524.0
719,1377890745,526.0
719,1377890750,526.0
719,1377890755,521.0
719,1377890760,518.0
719,1377890765,518.0
719,1377890770,521.0
719,1377890775,518.0
719,1377890780,524.0
719,1377890785,515.0
719,1377890790,516.0
719,1377890795,505.0
719,1377890800,512.0
719,1377890805,509.0
719,1377890810,516.0
719,1377890815,514.0
719,1377890820,518.0
719,1377890825,508.0
719,1377890830,514.0
719,1377890835,518.0
719,1377890840,520.0
719,1377890845,523.0
719,1377890850,529.0
719,1377890855,523.0
719,1377890860,518.0
719,1377890865,507.0
719,1377890870,512.0
719,1377890875,514.0
719,1377890880,516.0
719,1377890885,521.0
719,1377890890,520.0
719,1377890895,514.0
719,1377890900,507.0
719,1377890905,516.0
719,1377890910,503.0
719,1377890915,507.0
719,1377890920,518.0
719,1377890925,509.0
719,1377890930,511.0
719,1377890935,520.0
719,1377890940,509.0
719,1377890945,507.0
719,1377890950,503.0
719,1377890955,507.0
719,1377890960,507.0
719,1377890965,507.0
719,1377890970,507.0
719,1377890975,512.0
719,1377890980,514.0
719,1377890985,512.0
719,1377890990,514.0
719,1377890995,516.0
719,1377891000,518.0
719,1377891005,524.0
719,1377891010,518.0
719,1377891015,521.0
719,1377891020,515.0
719,1377891025,518.0
719,1377891030,520.0
719,1377891035,529.0
719,1377891040,531.0
719,1377891045,529.0
719,1377891050,526.0
719,1377891055,511.0
719,1377891060,513.0
719,1377891065,509.0
719,1377891070,507.0
719,1377891075,507.0
719,1377891080,513.0
719,1377891085,516.0
719,1377891090,518.0
719,1377891095,516.0
719,1377891100,521.0
719,1377891105,518.0
719,1377891110,520.0
719,1377891115,514.0
719,1377891120,507.0
719,1377891125,507.0
719,1377891130,509.0
719,1377891135,515.0
719,1377891140,521.0
719,1377891145,526.0
719,1377891150,519.0
719,1377891155,523.0
719,1377891160,515.0
719,1377891165,518.0
719,1377891170,509.0
719,1377891175,516.0
719,1377891180,507.0
719,1377891185,507.0
719,1377891190,507.0
719,1377891195,512.0
719,1377891200,508.0
719,1377891205,516.0
719,1377891210,512.0
719,1377891215,507.0
719,1377891220,507.0
719,1377891225,509.0
719,1377891230,524.0
719,1377891235,519.0
719,1377891240,507.0
719,1377891245,508.0
719,1377891250,508.0
719,1377891255,502.0
719,1377891260,508.0
719,1377891265,514.0
719,1377891270,513.0
719,1377891275,509.0
719,1377891280,512.0
719,1377891285,507.0
719,1377891290,503.0
719,1377891295,511.0
719,1377891300,526.0
719,1377891305,519.0
719,1377891310,519.0
719,1377891316,520.0
719,1377891320,515.0
719,1377891325,509.0
719,1377891330,507.0
719,1377891335,514.0
719,1377891340,518.0
719,1377891345,516.0
719,1377891350,515.0
719,1377891355,507.0
719,1377891360,508.0
719,1377891365,504.0
719,1377891370,504.0
719,1377891375,507.0
719,1377891380,509.0
719,1377891385,515.0
719,1377891390,519.0
719,1377891395,515.0
719,1377891400,518.0
719,1377891405,507.0
719,1377891410,505.0
719,1377891415,512.0
719,1377891420,503.0
719,1377891425,509.0
719,1377891430,507.0
719,1377891435,515.0
719,1377891440,513.0
719,1377891445,514.0
719,1377891450,508.0
719,1377891455,503.0
719,1377891460,514.0
719,1377891465,514.0
719,1377891470,518.0
719,1377891475,515.0
719,1377891480,518.0
719,1377891485,507.0
719,1377891490,502.0
719,1377891495,500.0
719,1377891500,497.0
719,1377891505,499.0
719,1377891510,500.0
719,1377891515,512.0
719,1377891520,505.0
719,1377891525,518.0
719,1377891530,509.0
719,1377891535,514.0
719,1377891540,507.0
719,1377891545,514.0
719,1377891550,509.0
719,1377891555,512.0
719,1377891560,507.0
719,1377891565,515.0
719,1377891570,518.0
719,1377891575,507.0
719,1377891580,507.0
719,1377891585,505.0
719,1377891590,502.0
719,1377891595,495.0
719,1377891600,508.0
719,1377891605,503.0
719,1377891610,507.0
719,1377891615,513.0
719,1377891620,513.0
719,1377891625,505.0
719,1377891630,507.0
719,1377891635,514.0
719,1377891640,512.0
719,1377891645,507.0
719,1377891650,518.0
719,1377891655,513.0
719,1377891660,514.0
719,1377891665,503.0
719,1377891670,505.0
719,1377891675,507.0
719,1377891680,509.0
719,1377891685,507.0
719,1377891690,509.0
719,1377891695,507.0
719,1377891700,509.0
719,1377891705,521.0
719,1377891710,507.0
719,1377891715,507.0
719,1377891720,508.0
719,1377891725,499.0
719,1377891730,504.0
719,1377891735,502.0
719,1377891740,499.0
719,1377891745,502.0
719,1377891750,504.0
719,1377891755,503.0
719,1377891760,504.0
719,1377891765,503.0
719,1377891770,515.0
719,1377891775,520.0
719,1377891780,520.0
719,1377891785,514.0
719,1377891790,508.0
719,1377891795,508.0
719,1377891800,509.0
719,1377891805,509.0
719,1377891810,520.0
719,1377891815,509.0
719,1377891820,511.0
719,1377891825,518.0
719,1377891830,518.0
719,1377891835,519.0
719,1377891840,523.0
719,1377891845,518.0
719,1377891850,516.0
719,1377891855,507.0
719,1377891860,508.0
719,1377891865,514.0
719,1377891870,505.0
719,1377891875,495.0
719,1377891880,504.0
719,1377891885,505.0
719,1377891890,505.0
719,1377891895,505.0
719,1377891900,509.0
719,1377891905,509.0
719,1377891910,520.0
719,1377891915,524.0
719,1377891920,521.0
719,1377891925,526.0
719,1377891930,518.0
719,1377891935,507.0
719,1377891940,504.0
719,1377891945,504.0
719,1377891950,495.0
719,1377891955,502.0
719,1377891960,510.0
719,1377891965,508.0
719,1377891970,508.0
719,1377891975,509.0
719,1377891980,515.0
719,1377891985,514.0
719,1377891990,503.0
719,1377891995,505.0
719,1377892000,504.0
719,1377892005,502.0
719,1377892010,504.0
719,1377892015,500.0
719,1377892020,495.0
719,1377892025,502.0
719,1377892030,508.0
719,1377892035,515.0
719,1377892040,511.0
719,1377892045,515.0
719,1377892050,526.0
719,1377892055,511.0
719,1377892060,518.0
719,1377892065,507.0
719,1377892070,505.0
719,1377892075,499.0
719,1377892080,505.0
719,1377892085,503.0
719,1377892090,504.0
719,1377892095,505.0
719,1377892100,508.0
719,1377892105,507.0
719,1377892110,509.0
719,1377892115,516.0
719,1377892120,516.0
719,1377892125,514.0
719,1377892130,514.0
719,1377892135,516.0
719,1377892140,509.0
719,1377892145,511.0
719,1377892150,518.0
719,1377892155,518.0
719,1377892160,503.0
719,1377892165,510.0
719,1377892170,504.0
719,1377892175,505.0
719,1377892180,508.0
719,1377892185,503.0
719,1377892190,507.0
719,1377892195,512.0
719,1377892200,505.0
719,1377892205,505.0
719,1377892210,512.0
719,1377892215,514.0
719,1377892220,509.0
719,1377892225,514.0
719,1377892230,503.0
719,1377892235,507.0
719,1377892240,503.0
719,1377892245,514.0
719,1377892250,503.0
719,1377892255,505.0
719,1377892260,504.0
719,1377892265,502.0
719,1377892270,503.0
719,1377892275,514.0
719,1377892280,516.0
719,1377892285,521.0
719,1377892290,524.0
719,1377892295,526.0
719,1377892300,526.0
719,1377892305,520.0
719,1377892310,519.0
719,1377892315,507.0
719,1377892320,510.0
719,1377892325,505.0
719,1377892330,505.0
719,1377892335,508.0
719,1377892340,508.0
719,1377892345,507.0
719,1377892350,503.0
719,1377892355,508.0
719,1377892360,515.0
719,1377892365,511.0
719,1377892370,518.0
719,1377892375,507.0
719,1377892380,505.0
719,1377892385,499.0
719,1377892390,499.0
719,1377892395,505.0
719,1377892400,507.0
719,1377892405,518.0
719,1377892410,503.0
719,1377892415,507.0
719,1377892420,507.0
719,1377892425,518.0
719,1377892430,503.0
719,1377892435,503.0
719,1377892440,499.0
719,1377892445,505.0
719,1377892450,503.0
719,1377892455,502.0
719,1377892460,499.0
719,1377892465,505.0
719,1377892470,503.0
719,1377892475,508.0
719,1377892480,514.0
719,1377892485,511.0
719,1377892490,509.0
719,1377892495,515.0
719,1377892500,512.0
719,1377892505,508.0
719,1377892510,508.0
719,1377892515,502.0
719,1377892520,508.0
719,1377892525,505.0
719,1377892530,502.0
719,1377892535,500.0
719,1377892540,495.0
719,1377892545,504.0
719,1377892550,505.0
719,1377892555,512.0
719,1377892560,509.0
719,1377892565,521.0
719,1377892570,528.0
719,1377892575,531.0
719,1377892580,536.0
719,1377892585,529.0
719,1377892590,521.0
719,1377892595,513.0
719,1377892600,503.0
719,1377892605,499.0
719,1377892610,492.0
719,1377892615,494.0
719,1377892620,499.0
719,1377892625,497.0
719,1377892630,502.0
719,1377892635,504.0
719,1377892640,504.0
719,1377892645,512.0
719,1377892650,508.0
719,1377892655,503.0
719,1377892660,503.0
719,1377892665,507.0
719,1377892670,509.0
719,1377892675,518.0
719,1377892680,509.0
719,1377892685,516.0
719,1377892690,510.0
719,1377892695,503.0
719,1377892700,504.0
719,1377892705,502.0
719,1377892710,504.0
719,1377892715,504.0
719,1377892720,500.0
719,1377892725,495.0
719,1377892730,502.0
719,1377892735,504.0
719,1377892740,504.0
719,1377892745,505.0
719,1377892750,514.0
719,1377892755,521.0
719,1377892760,519.0
719,1377892765,528.0
719,1377892770,526.0
719,1377892775,516.0
719,1377892780,509.0
719,1377892785,509.0
719,1377892790,513.0
719,1377892795,507.0
719,1377892800,518.0
719,1377892805,509.0
719,1377892810,521.0
719,1377892815,526.0
719,1377892820,536.0
719,1377892825,526.0
719,1377892830,523.0
719,1377892835,511.0
719,1377892840,513.0
719,1377892845,509.0
719,1377892850,509.0
719,1377892855,515.0
719,1377892860,521.0
719,1377892865,520.0
719,1377892870,511.0
719,1377892875,515.0
719,1377892880,508.0
719,1377892885,508.0
719,1377892890,503.0
719,1377892895,509.0
719,1377892900,507.0
719,1377892905,503.0
719,1377892910,503.0
719,1377892915,507.0
719,1377892920,514.0
719,1377892925,509.0
719,1377892930,508.0
719,1377892935,507.0
719,1377892940,509.0
719,1377892945,526.0
719,1377892950,507.0
719,1377892955,515.0
719,1377892960,508.0
719,1377892965,512.0
719,1377892970,508.0
719,1377892975,503.0
719,1377892980,510.0
719,1377892985,499.0
719,1377892990,500.0
719,1377892995,502.0
719,1377893000,503.0
719,1377893005,518.0
719,1377893010,515.0
719,1377893015,526.0
719,1377893020,526.0
719,1377893025,508.0
719,1377893030,514.0
719,1377893035,503.0
719,1377893040,514.0
719,1377893045,503.0
719,1377893050,512.0
719,1377893055,503.0
719,1377893060,505.0
719,1377893065,500.0
719,1377893070,503.0
719,1377893075,502.0
719,1377893080,505.0
719,1377893085,499.0
719,1377893090,502.0
719,1377893095,512.0
719,1377893100,508.0
719,1377893105,508.0
719,1377893110,505.0
719,1377893115,510.0
719,1377893120,507.0
719,1377893125,505.0
719,1377893130,505.0
719,1377893135,503.0
719,1377893140,509.0
719,1377893145,507.0
719,1377893150,509.0
719,1377893155,509.0
719,1377893160,515.0
719,1377893165,518.0
719,1377893170,519.0
719,1377893175,524.0
719,1377893180,524.0
719,1377893185,521.0
719,1377893190,515.0
719,1377893195,520.0
719,1377893200,513.0
719,1377893205,512.0
719,1377893210,512.0
719,1377893215,504.0
719,1377893220,502.0
719,1377893225,503.0
719,1377893230,508.0
719,1377893235,512.0
719,1377893240,507.0
719,1377893245,503.0
719,1377893250,504.0
719,1377893255,503.0
719,1377893260,505.0
719,1377893265,503.0
719,1377893270,503.0
719,1377893275,518.0
719,1377893280,507.0
719,1377893285,502.0
719,1377893290,508.0
719,1377893295,502.0
719,1377893300,499.0
719,1377893305,505.0
719,1377893310,505.0
719,1377893315,495.0
719,1377893320,500.0
719,1377893325,500.0
719,1377893330,502.0
719,1377893335,508.0
719,1377893340,507.0
719,1377893345,507.0
719,1377893350,507.0
719,1377893355,507.0
719,1377893360,507.0
719,1377893365,508.0
719,1377893370,508.0
719,1377893375,512.0
719,1377893380,507.0
719,1377893385,514.0
719,1377893390,503.0
719,1377893395,502.0
719,1377893400,502.0
719,1377893405,507.0
719,1377893410,508.0
719,1377893415,514.0
719,1377893420,503.0
719,1377893425,508.0
719,1377893430,515.0
719,1377893435,515.0
719,1377893440,511.0
719,1377893445,514.0
719,1377893450,505.0
719,1377893455,499.0
719,1377893460,499.0
719,1377893465,505.0
719,1377893470,503.0
719,1377893475,503.0
719,1377893480,507.0
719,1377893485,507.0
719,1377893490,518.0
719,1377893495,520.0
719,1377893500,509.0
719,1377893505,515.0
719,1377893510,509.0
719,1377893515,518.0
719,1377893520,515.0
719,1377893525,524.0
719,1377893530,521.0
719,1377893535,509.0
719,1377893540,516.0
719,1377893545,505.0
719,1377893550,514.0
719,1377893555,505.0
719,1377893560,504.0
719,1377893565,499.0
719,1377893570,504.0
719,1377893575,495.0
719,1377893580,500.0
719,1377893585,504.0
719,1377893590,494.0
719,1377893595,499.0
719,1377893600,492.0
719,1377893605,494.0
719,1377893610,498.0
719,1377893615,494.0
719,1377893620,497.0
719,1377893625,502.0
719,1377893630,500.0
719,1377893635,504.0
719,1377893640,494.0
719,1377893645,499.0
719,1377893650,507.0
719,1377893655,509.0
719,1377893660,513.0
719,1377893665,512.0
719,1377893670,503.0
719,1377893675,509.0
719,1377893680,512.0
719,1377893685,505.0
719,1377893690,503.0
719,1377893695,507.0
719,1377893700,514.0
719,1377893705,509.0
719,1377893710,516.0
719,1377893715,508.0
719,1377893720,495.0
719,1377893725,497.0
719,1377893730,494.0
719,1377893735,502.0
719,1377893740,500.0
719,1377893745,499.0
719,1377893750,500.0
719,1377893755,494.0
719,1377893760,491.0
719,1377893765,487.0
719,1377893770,489.0
719,1377893775,492.0
719,1377893780,494.0
719,1377893785,497.0
719,1377893790,500.0
719,1377893795,503.0
719,1377893800,503.0
719,1377893805,504.0
719,1377893810,502.0
719,1377893815,503.0
719,1377893820,507.0
719,1377893825,508.0
719,1377893830,503.0
719,1377893835,500.0
719,1377893840,497.0
719,1377893845,497.0
719,1377893850,494.0
719,1377893855,497.0
719,1377893860,504.0
719,1377893865,503.0
719,1377893870,507.0
719,1377893875,515.0
719,1377893880,515.0
719,1377893885,518.0
719,1377893890,509.0
719,1377893895,509.0
719,1377893900,512.0
719,1377893905,505.0
719,1377893910,504.0
719,1377893915,502.0
719,1377893920,507.0
719,1377893925,515.0
719,1377893930,521.0
719,1377893935,528.0
719,1377893940,523.0
719,1377893945,524.0
719,1377893950,518.0
719,1377893955,515.0
719,1377893960,514.0
719,1377893965,515.0
719,1377893970,516.0
719,1377893975,518.0
719,1377893980,508.0
719,1377893985,500.0
719,1377893990,499.0
719,1377893996,500.0
719,1377894000,499.0
719,1377894005,500.0
719,1377894010,499.0
719,1377894015,504.0
719,1377894020,508.0
719,1377894025,508.0
719,1377894030,503.0
719,1377894035,505.0
719,1377894040,502.0
719,1377894045,500.0
719,1377894050,497.0
719,1377894055,497.0
719,1377894060,504.0
719,1377894065,502.0
719,1377894070,508.0
719,1377894075,509.0
719,1377894080,508.0
719,1377894085,516.0
719,1377894090,514.0
719,1377894095,503.0
719,1377894100,505.0
719,1377894105,503.0
719,1377894110,505.0
719,1377894115,499.0
719,1377894120,504.0
719,1377894125,497.0
719,1377894130,497.0
719,1377894135,500.0
719,1377894140,503.0
719,1377894145,502.0
719,1377894150,505.0
719,1377894155,507.0
719,1377894160,507.0
719,1377894165,518.0
719,1377894170,518.0
719,1377894175,515.0
719,1377894180,515.0
719,1377894185,507.0
719,1377894190,503.0
719,1377894195,505.0
719,1377894200,504.0
719,1377894205,505.0
719,1377894210,505.0
719,1377894215,507.0
719,1377894220,515.0
719,1377894225,518.0
719,1377894230,507.0
719,1377894235,519.0
719,1377894240,518.0
719,1377894245,519.0
719,1377894250,518.0
719,1377894255,515.0
719,1377894260,502.0
719,1377894265,493.0
719,1377894270,494.0
719,1377894275,503.0
719,1377894280,502.0
719,1377894285,502.0
719,1377894290,502.0
719,1377894295,499.0
719,1377894300,495.0
719,1377894305,497.0
719,1377894310,502.0
719,1377894315,499.0
719,1377894320,508.0
719,1377894325,512.0
719,1377894330,505.0
719,1377894335,502.0
719,1377894340,497.0
719,1377894345,499.0
719,1377894350,497.0
719,1377894355,494.0
719,1377894360,499.0
719,1377894365,505.0
719,1377894370,502.0
719,1377894375,499.0
719,1377894380,499.0
719,1377894385,504.0
719,1377894390,499.0
719,1377894395,498.0
719,1377894400,497.0
719,1377894405,496.0
719,1377894410,492.0
719,1377894415,494.0
719,1377894420,491.0
719,1377894425,497.0
719,1377894430,503.0
719,1377894435,503.0
719,1377894440,505.0
719,1377894445,499.0
719,1377894450,492.0
719,1377894455,494.0
719,1377894460,488.0
719,1377894465,492.0
719,1377894470,494.0
719,1377894475,494.0
719,1377894480,494.0
719,1377894485,494.0
719,1377894490,502.0
719,1377894495,497.0
719,1377894500,494.0
719,1377894505,499.0
719,1377894510,494.0
719,1377894515,494.0
719,1377894520,492.0
719,1377894525,497.0
719,1377894530,499.0
719,1377894535,493.0
719,1377894540,497.0
719,1377894545,499.0
719,1377894550,504.0
719,1377894555,504.0
719,1377894560,499.0
719,1377894565,494.0
719,1377894570,497.0
719,1377894575,496.0
719,1377894580,494.0
719,1377894585,504.0
719,1377894590,504.0
719,1377894595,504.0
719,1377894600,505.0
719,1377894605,499.0
719,1377894610,503.0
719,1377894615,499.0
719,1377894620,494.0
719,1377894625,493.0
719,1377894630,497.0
719,1377894635,500.0
719,1377894640,505.0
719,1377894645,505.0
719,1377894650,505.0
719,1377894655,505.0
719,1377894660,504.0
719,1377894665,514.0
719,1377894670,505.0
719,1377894675,505.0
719,1377894680,505.0
719,1377894685,514.0
719,1377894690,508.0
719,1377894695,499.0
719,1377894700,498.0
719,1377894705,497.0
719,1377894710,494.0
719,1377894715,493.0
719,1377894720,502.0
719,1377894725,497.0
719,1377894730,499.0
719,1377894735,497.0
719,1377894740,493.0
719,1377894745,494.0
719,1377894750,499.0
719,1377894755,505.0
719,1377894760,513.0
719,1377894765,512.0
719,1377894770,508.0
719,1377894775,499.0
719,1377894780,503.0
719,1377894785,497.0
719,1377894790,499.0
719,1377894795,495.0
719,1377894800,503.0
719,1377894805,508.0
719,1377894810,503.0
719,1377894815,514.0
719,1377894820,507.0
719,1377894825,503.0
719,1377894830,502.0
719,1377894835,502.0
719,1377894840,508.0
719,1377894845,508.0
719,1377894850,505.0
719,1377894855,508.0
719,1377894860,504.0
719,1377894865,498.0
719,1377894870,496.0
719,1377894875,489.0
719,1377894880,497.0
719,1377894885,504.0
719,1377894890,499.0
719,1377894895,499.0
719,1377894900,504.0
719,1377894905,505.0
719,1377894910,503.0
719,1377894915,507.0
719,1377894920,507.0
719,1377894925,514.0
719,1377894930,504.0
719,1377894935,503.0
719,1377894940,505.0
719,1377894945,503.0
719,1377894950,502.0
719,1377894955,504.0
719,1377894960,503.0
719,1377894965,504.0
719,1377894970,505.0
719,1377894975,504.0
719,1377894980,512.0
719,1377894985,512.0
719,1377894990,507.0
719,1377894995,502.0
719,1377895000,504.0
719,1377895005,495.0
719,1377895010,500.0
719,1377895015,495.0
719,1377895020,502.0
719,1377895025,508.0
719,1377895030,508.0
719,1377895035,509.0
719,1377895040,514.0
719,1377895046,508.0
719,1377895050,505.0
719,1377895055,495.0
719,1377895060,505.0
719,1377895065,508.0
719,1377895070,512.0
719,1377895075,508.0
719,1377895080,514.0
719,1377895085,502.0
719,1377895090,505.0
719,1377895095,494.0
719,1377895100,494.0
719,1377895105,497.0
719,1377895110,497.0
719,1377895115,492.0
719,1377895120,500.0
719,1377895125,504.0
719,1377895130,504.0
719,1377895135,500.0
719,1377895140,495.0
719,1377895145,498.0
719,1377895150,503.0
719,1377895155,505.0
719,1377895160,504.0
719,1377895165,512.0
719,1377895170,505.0
719,1377895175,507.0
719,1377895180,500.0
719,1377895185,498.0
719,1377895190,489.0
719,1377895195,494.0
719,1377895200,497.0
719,1377895205,498.0
719,1377895210,494.0
719,1377895215,494.0
719,1377895220,503.0
719,1377895225,505.0
719,1377895230,503.0
719,1377895235,505.0
719,1377895240,503.0
719,1377895245,514.0
719,1377895250,508.0
719,1377895255,503.0
719,1377895260,499.0
719,1377895265,497.0
719,1377895270,500.0
719,1377895275,505.0
719,1377895280,508.0
719,1377895285,502.0
719,1377895290,502.0
719,1377895295,495.0
719,1377895300,497.0
719,1377895305,497.0
719,1377895310,500.0
719,1377895315,497.0
719,1377895320,502.0
719,1377895325,503.0
719,1377895330,518.0
719,1377895335,502.0
719,1377895340,504.0
719,1377895345,505.0
719,1377895350,502.0
719,1377895355,504.0
719,1377895360,502.0
719,1377895365,493.0
719,1377895370,494.0
719,1377895375,491.0
719,1377895380,487.0
719,1377895385,496.0
719,1377895390,500.0
719,1377895395,505.0
719,1377895400,508.0
719,1377895405,508.0
719,1377895410,503.0
719,1377895415,502.0
719,1377895420,504.0
719,1377895425,499.0
719,1377895430,492.0
719,1377895435,494.0
719,1377895440,493.0
719,1377895445,497.0
719,1377895450,486.0
719,1377895455,492.0
719,1377895460,486.0
719,1377895465,492.0
719,1377895470,497.0
719,1377895475,502.0
719,1377895480,512.0
719,1377895485,508.0
719,1377895490,507.0
719,1377895495,505.0
719,1377895500,495.0
719,1377895505,498.0
719,1377895510,497.0
719,1377895515,497.0
719,1377895520,499.0
719,1377895525,494.0
719,1377895530,497.0
719,1377895535,503.0
719,1377895540,504.0
719,1377895545,499.0
719,1377895550,508.0
719,1377895555,505.0
719,1377895560,518.0
719,1377895565,503.0
719,1377895570,508.0
719,1377895575,508.0
719,1377895580,503.0
719,1377895585,512.0
719,1377895590,508.0
719,1377895595,507.0
719,1377895600,505.0
719,1377895605,508.0
719,1377895610,503.0
719,1377895615,505.0
719,1377895620,512.0
719,1377895625,508.0
719,1377895630,504.0
719,1377895635,504.0
719,1377895640,503.0
719,1377895645,508.0
719,1377895650,503.0
719,1377895655,512.0
719,1377895660,505.0
719,1377895665,503.0
719,1377895670,504.0
719,1377895675,503.0
719,1377895680,505.0
719,1377895685,508.0
719,1377895690,512.0
719,1377895695,508.0
719,1377895700,502.0
719,1377895705,505.0
719,1377895710,500.0
719,1377895715,504.0
719,1377895720,499.0
719,1377895725,499.0
719,1377895730,502.0
719,1377895735,510.0
719,1377895740,508.0
719,1377895745,514.0
719,1377895750,514.0
719,1377895755,504.0
719,1377895760,504.0
719,1377895765,505.0
719,1377895770,508.0
719,1377895775,508.0
719,1377895780,503.0
719,1377895785,514.0
719,1377895790,505.0
719,1377895795,504.0
719,1377895800,502.0
719,1377895805,504.0
719,1377895810,499.0
719,1377895815,502.0
719,1377895820,505.0
719,1377895825,502.0
719,1377895830,503.0
719,1377895835,504.0
719,1377895840,505.0
719,1377895845,504.0
719,1377895850,494.0
719,1377895855,500.0
719,1377895860,499.0
719,1377895865,495.0
719,1377895870,502.0
719,1377895875,504.0
719,1377895880,499.0
719,1377895885,494.0
719,1377895890,495.0
719,1377895895,502.0
719,1377895900,494.0
719,1377895905,499.0
719,1377895910,493.0
719,1377895915,498.0
719,1377895920,504.0
719,1377895925,512.0
719,1377895930,508.0
719,1377895935,518.0
719,1377895940,507.0
719,1377895945,513.0
719,1377895950,505.0
719,1377895955,508.0
719,1377895960,505.0
719,1377895965,504.0
719,1377895970,504.0
719,1377895975,499.0
719,1377895980,497.0
719,1377895985,491.0
719,1377895990,497.0
719,1377895995,487.0
719,1377896000,497.0
719,1377896005,500.0
719,1377896010,499.0
719,1377896015,494.0
719,1377896020,493.0
719,1377896025,494.0
719,1377896030,491.0
719,1377896035,489.0
719,1377896040,492.0
719,1377896045,494.0
719,1377896050,497.0
719,1377896055,493.0
719,1377896060,493.0
719,1377896065,497.0
719,1377896070,514.0
719,1377896075,502.0
719,1377896080,503.0
719,1377896085,502.0
719,1377896090,499.0
719,1377896095,500.0
719,1377896100,505.0
719,1377896105,504.0
719,1377896110,502.0
719,1377896115,504.0
719,1377896120,504.0
719,1377896125,502.0
719,1377896130,500.0
719,1377896135,494.0
719,1377896140,493.0
719,1377896145,497.0
719,1377896150,502.0
719,1377896155,500.0
719,1377896160,504.0
719,1377896165,502.0
719,1377896170,494.0
719,1377896175,497.0
719,1377896180,496.0
719,1377896185,497.0
719,1377896190,504.0
719,1377896195,508.0
719,1377896200,508.0
719,1377896205,509.0
719,1377896210,509.0
719,1377896215,507.0
719,1377896220,508.0
719,1377896225,505.0
719,1377896230,505.0
719,1377896235,505.0
719,1377896241,508.0
719,1377896245,508.0
719,1377896250,508.0
719,1377896255,508.0
719,1377896260,499.0
719,1377896265,487.0
719,1377896270,487.0
719,1377896275,492.0
719,1377896280,489.0
719,1377896285,502.0
719,1377896290,502.0
719,1377896295,503.0
719,1377896300,505.0
719,1377896305,503.0
719,1377896310,508.0
719,1377896315,497.0
719,1377896320,494.0
719,1377896325,494.0
719,1377896330,502.0
719,1377896335,503.0
719,1377896340,508.0
719,1377896345,504.0
719,1377896350,497.0
719,1377896355,494.0
719,1377896360,494.0
719,1377896365,494.0
719,1377896370,494.0
719,1377896375,502.0
719,1377896380,504.0
719,1377896385,503.0
719,1377896390,514.0
719,1377896395,512.0
719,1377896400,509.0
719,1377896405,507.0
719,1377896410,503.0
719,1377896418,503.0
719,1377896420,499.0
719,1377896425,502.0
719,1377896430,499.0
719,1377896435,500.0
719,1377896440,499.0
719,1377896445,500.0
719,1377896450,504.0
719,1377896455,514.0
719,1377896460,503.0
719,1377896465,505.0
719,1377896470,504.0
719,1377896475,503.0
719,1377896480,508.0
719,1377896485,503.0
719,1377896490,502.0
719,1377896495,502.0
719,1377896500,505.0
719,1377896505,503.0
719,1377896510,504.0
719,1377896515,504.0
719,1377896520,500.0
719,1377896525,495.0
719,1377896530,504.0
719,1377896535,500.0
719,1377896540,497.0
719,1377896545,494.0
719,1377896550,504.0
719,1377896555,500.0
719,1377896560,508.0
719,1377896565,505.0
719,1377896570,502.0
719,1377896575,493.0
719,1377896580,497.0
719,1377896585,491.0
719,1377896590,492.0
719,1377896595,491.0
719,1377896600,492.0
719,1377896605,493.0
719,1377896610,497.0
719,1377896615,499.0
719,1377896620,504.0
719,1377896625,499.0
719,1377896630,512.0
719,1377896635,503.0
719,1377896640,503.0
719,1377896645,505.0
719,1377896650,503.0
719,1377896655,508.0
719,1377896660,503.0
719,1377896665,505.0
719,1377896670,503.0
719,1377896675,504.0
719,1377896680,497.0
719,1377896685,497.0
719,1377896690,497.0
719,1377896695,504.0
719,1377896700,504.0
719,1377896705,499.0
719,1377896710,494.0
719,1377896715,492.0
719,1377896720,492.0
719,1377896725,494.0
719,1377896730,497.0
719,1377896735,494.0
719,1377896740,499.0
719,1377896745,500.0
719,1377896750,502.0
719,1377896755,499.0
719,1377896760,500.0
719,1377896765,502.0
719,1377896770,502.0
719,1377896775,499.0
719,1377896780,494.0
719,1377896785,500.0
719,1377896790,505.0
719,1377896795,503.0
719,1377896800,503.0
719,1377896805,508.0
719,1377896810,504.0
719,1377896815,494.0
719,1377896820,497.0
719,1377896825,492.0
719,1377896830,496.0
719,1377896835,494.0
719,1377896840,496.0
719,1377896845,496.0
719,1377896850,498.0
719,1377896855,487.0
719,1377896860,494.0
719,1377896865,499.0
719,1377896870,493.0
719,1377896875,499.0
719,1377896880,504.0
719,1377896885,500.0
719,1377896890,497.0
719,1377896895,494.0
719,1377896900,497.0
719,1377896905,499.0
719,1377896910,495.0
719,1377896915,499.0
719,1377896920,497.0
719,1377896925,492.0
719,1377896931,486.0
719,1377896935,489.0
719,1377896940,492.0
719,1377896945,487.0
719,1377896950,492.0
719,1377896955,487.0
719,1377896960,492.0
719,1377896965,483.0
719,1377896970,489.0
719,1377896975,489.0
719,1377896980,499.0
719,1377896985,504.0
719,1377896990,505.0
719,1377896995,502.0
719,1377897000,500.0
719,1377897005,499.0
719,1377897010,494.0
719,1377897015,502.0
719,1377897020,494.0
719,1377897025,493.0
719,1377897030,493.0
719,1377897035,504.0
719,1377897040,505.0
719,1377897045,508.0
719,1377897050,507.0
719,1377897055,505.0
719,1377897060,503.0
719,1377897065,508.0
719,1377897070,514.0
719,1377897075,504.0
719,1377897080,505.0
719,1377897085,499.0
719,1377897090,500.0
719,1377897095,494.0
719,1377897100,494.0
719,1377897105,494.0
719,1377897110,494.0
719,1377897115,499.0
719,1377897120,503.0
719,1377897128,505.0
719,1377897130,502.0
719,1377897135,507.0
719,1377897140,510.0
719,1377897145,505.0
719,1377897150,505.0
719,1377897155,505.0
719,1377897160,505.0
719,1377897165,507.0
719,1377897170,512.0
719,1377897175,516.0
719,1377897180,513.0
719,1377897185,507.0
719,1377897190,504.0
719,1377897195,502.0
719,1377897200,500.0
719,1377897205,508.0
719,1377897210,504.0
719,1377897215,503.0
719,1377897220,503.0
719,1377897225,504.0
719,1377897230,494.0
719,1377897235,498.0
719,1377897240,493.0
719,1377897245,497.0
719,1377897250,504.0
719,1377897255,508.0
719,1377897260,508.0
719,1377897265,505.0
719,1377897270,505.0
719,1377897275,497.0
719,1377897280,497.0
719,1377897285,494.0
719,1377897290,504.0
719,1377897295,504.0
719,1377897300,508.0
719,1377897305,505.0
719,1377897310,502.0
719,1377897315,508.0
719,1377897320,503.0
719,1377897325,512.0
719,1377897330,507.0
719,1377897335,514.0
719,1377897340,518.0
719,1377897345,516.0
719,1377897350,503.0
719,1377897355,499.0
719,1377897360,499.0
719,1377897365,499.0
719,1377897370,494.0
719,1377897375,497.0
719,1377897380,492.0
719,1377897385,492.0
719,1377897390,487.0
719,1377897395,492.0
719,1377897400,494.0
719,1377897405,497.0
719,1377897410,499.0
719,1377897415,500.0
719,1377897420,499.0
719,1377897425,500.0
719,1377897430,502.0
719,1377897435,504.0
719,1377897440,499.0
719,1377897445,505.0
719,1377897450,502.0
719,1377897455,502.0
719,1377897460,494.0
719,1377897465,497.0
719,1377897470,492.0
719,1377897475,494.0
719,1377897480,491.0
719,1377897485,497.0
719,1377897490,497.0
719,1377897495,494.0
719,1377897500,499.0
719,1377897505,494.0
719,1377897510,497.0
719,1377897515,502.0
719,1377897520,497.0
719,1377897525,497.0
719,1377897530,498.0
719,1377897535,499.0
719,1377897540,493.0
719,1377897545,494.0
719,1377897550,499.0
719,1377897555,502.0
719,1377897560,505.0
719,1377897565,495.0
719,1377897570,499.0
719,1377897575,492.0
719,1377897580,486.0
719,1377897585,486.0
719,1377897590,488.0
719,1377897595,477.0
719,1377897600,486.0
719,1377897605,492.0
719,1377897610,493.0
719,1377897615,508.0
719,1377897620,508.0
719,1377897625,507.0
719,1377897630,505.0
719,1377897635,497.0
719,1377897640,494.0
719,1377897645,492.0
719,1377897650,496.0
719,1377897655,497.0
719,1377897660,500.0
719,1377897665,493.0
719,1377897670,493.0
719,1377897675,491.0
719,1377897680,494.0
719,1377897685,494.0
719,1377897690,499.0
719,1377897695,504.0
719,1377897700,504.0
719,1377897705,512.0
719,1377897710,503.0
719,1377897715,502.0
719,1377897720,499.0
719,1377897725,499.0
719,1377897730,499.0
719,1377897735,502.0
719,1377897740,504.0
719,1377897745,499.0
719,1377897750,502.0
719,1377897755,508.0
719,1377897760,507.0
719,1377897765,513.0
719,1377897770,507.0
719,1377897775,507.0
719,1377897780,514.0
719,1377897785,503.0
719,1377897790,507.0
719,1377897795,504.0
719,1377897800,494.0
719,1377897805,487.0
719,1377897810,487.0
719,1377897815,487.0
719,1377897820,494.0
719,1377897825,500.0
719,1377897830,494.0
719,1377897835,493.0
719,1377897840,504.0
719,1377897845,504.0
719,1377897850,510.0
719,1377897855,508.0
719,1377897860,502.0
719,1377897865,505.0
719,1377897870,504.0
719,1377897875,499.0
719,1377897880,500.0
719,1377897885,497.0
719,1377897890,504.0
719,1377897895,504.0
719,1377897900,504.0
719,1377897905,502.0
719,1377897910,505.0
719,1377897915,508.0
719,1377897921,504.0
719,1377897925,500.0
719,1377897930,500.0
719,1377897935,499.0
719,1377897940,499.0
719,1377897945,495.0
719,1377897950,497.0
719,1377897955,499.0
719,1377897960,493.0
719,1377897965,504.0
719,1377897970,504.0
719,1377897975,502.0
719,1377897980,505.0
719,1377897985,503.0
719,1377897990,499.0
719,1377897995,497.0
719,1377898000,494.0
719,1377898005,499.0
719,1377898010,499.0
719,1377898015,505.0
719,1377898020,504.0
719,1377898025,507.0
719,1377898030,505.0
719,1377898035,508.0
719,1377898040,502.0
719,1377898045,493.0
719,1377898050,493.0
719,1377898055,492.0
719,1377898060,493.0
719,1377898065,494.0
719,1377898070,500.0
719,1377898075,494.0
719,1377898080,499.0
719,1377898085,499.0
719,1377898090,499.0
719,1377898095,497.0
719,1377898100,497.0
719,1377898105,497.0
719,1377898110,502.0
719,1377898115,499.0
719,1377898120,505.0
719,1377898125,502.0
719,1377898130,503.0
719,1377898135,512.0
719,1377898140,507.0
719,1377898145,512.0
719,1377898150,503.0
719,1377898155,512.0
719,1377898160,499.0
719,1377898165,497.0
719,1377898170,497.0
719,1377898175,497.0
719,1377898180,497.0
719,1377898185,494.0
719,1377898190,500.0
719,1377898195,500.0
719,1377898200,494.0
719,1377898205,497.0
719,1377898210,496.0
719,1377898215,498.0
719,1377898220,497.0
719,1377898225,497.0
719,1377898230,493.0
719,1377898235,499.0
719,1377898240,497.0
719,1377898245,494.0
719,1377898250,491.0
719,1377898255,489.0
719,1377898260,494.0
719,1377898265,494.0
719,1377898270,497.0
719,1377898275,494.0
719,1377898280,497.0
719,1377898285,494.0
719,1377898290,497.0
719,1377898295,491.0
719,1377898300,487.0
719,1377898305,484.0
719,1377898310,492.0
719,1377898315,494.0
719,1377898320,495.0
719,1377898325,494.0
719,1377898330,514.0
719,1377898335,502.0
719,1377898340,508.0
719,1377898346,504.0
719,1377898350,505.0
719,1377898355,499.0
719,1377898360,505.0
719,1377898365,503.0
719,1377898370,494.0
719,1377898375,497.0
719,1377898380,500.0
719,1377898385,503.0
719,1377898390,505.0
719,1377898395,504.0
719,1377898400,494.0
719,1377898405,489.0
719,1377898410,479.0
719,1377898415,483.0
719,1377898420,487.0
719,1377898425,494.0
719,1377898430,494.0
719,1377898435,499.0
719,1377898440,497.0
719,1377898445,493.0
719,1377898450,494.0
719,1377898455,502.0
719,1377898460,494.0
719,1377898465,502.0
719,1377898470,493.0
719,1377898475,493.0
719,1377898480,499.0
719,1377898485,494.0
719,1377898490,505.0
719,1377898495,505.0
719,1377898500,505.0
719,1377898505,503.0
719,1377898510,510.0
719,1377898515,503.0
719,1377898520,495.0
719,1377898525,493.0
719,1377898530,489.0
719,1377898535,489.0
719,1377898540,497.0
719,1377898545,494.0
719,1377898553,505.0
719,1377898555,503.0
719,1377898560,507.0
719,1377898565,515.0
719,1377898570,514.0
719,1377898575,512.0
719,1377898580,507.0
719,1377898585,508.0
719,1377898590,512.0
719,1377898595,505.0
719,1377898600,502.0
719,1377898605,504.0
719,1377898610,504.0
719,1377898615,497.0
719,1377898620,494.0
719,1377898625,499.0
719,1377898630,499.0
719,1377898635,493.0
719,1377898640,497.0
719,1377898645,497.0
719,1377898650,492.0
719,1377898655,492.0
719,1377898660,494.0
719,1377898665,492.0
719,1377898670,487.0
719,1377898675,492.0
719,1377898680,492.0
719,1377898685,497.0
719,1377898690,497.0
719,1377898695,499.0
719,1377898700,504.0
719,1377898705,503.0
719,1377898710,513.0
719,1377898715,503.0
719,1377898720,495.0
719,1377898725,497.0
719,1377898730,498.0
719,1377898735,500.0
719,1377898740,499.0
719,1377898745,499.0
719,1377898750,500.0
719,1377898755,500.0
719,1377898760,512.0
719,1377898765,503.0
719,1377898770,505.0
719,1377898775,505.0
719,1377898780,502.0
719,1377898785,499.0
719,1377898790,502.0
719,1377898795,505.0
719,1377898800,503.0
719,1377898805,507.0
719,1377898810,521.0
719,1377898815,518.0
719,1377898820,518.0
719,1377898825,512.0
719,1377898830,503.0
719,1377898835,504.0
719,1377898840,502.0
719,1377898845,494.0
719,1377898850,492.0
719,1377898855,492.0
719,1377898860,498.0
719,1377898865,497.0
719,1377898870,497.0
719,1377898875,493.0
719,1377898880,493.0
719,1377898885,494.0
719,1377898890,497.0
719,1377898895,504.0
719,1377898900,502.0
719,1377898905,499.0
719,1377898910,494.0
719,1377898915,497.0
719,1377898920,492.0
719,1377898925,493.0
719,1377898930,494.0
719,1377898935,489.0
719,1377898940,487.0
719,1377898945,494.0
719,1377898950,503.0
719,1377898955,507.0
719,1377898960,514.0
719,1377898965,514.0
719,1377898970,500.0
719,1377898975,494.0
719,1377898980,492.0
719,1377898985,497.0
719,1377898990,498.0
719,1377898995,502.0
719,1377899000,502.0
719,1377899005,508.0
719,1377899010,503.0
719,1377899015,508.0
719,1377899020,514.0
719,1377899025,514.0
719,1377899030,507.0
719,1377899035,503.0
719,1377899040,505.0
719,1377899045,505.0
719,1377899050,504.0
719,1377899055,497.0
719,1377899060,500.0
719,1377899065,499.0
719,1377899070,499.0
719,1377899075,499.0
719,1377899080,494.0
719,1377899085,500.0
719,1377899090,504.0
719,1377899095,496.0
719,1377899100,494.0
719,1377899105,499.0
719,1377899110,499.0
719,1377899115,504.0
719,1377899120,499.0
719,1377899125,492.0
719,1377899130,487.0
719,1377899135,487.0
719,1377899140,494.0
719,1377899145,491.0
719,1377899150,492.0
719,1377899155,489.0
719,1377899160,491.0
719,1377899165,486.0
719,1377899170,486.0
719,1377899175,489.0
719,1377899180,494.0
719,1377899185,497.0
719,1377899190,497.0
719,1377899195,499.0
719,1377899200,500.0
719,1377899205,504.0
719,1377899210,502.0
719,1377899215,502.0
719,1377899220,494.0
719,1377899225,492.0
719,1377899230,492.0
719,1377899235,489.0
719,1377899240,499.0
719,1377899245,502.0
719,1377899250,497.0
719,1377899258,493.0
719,1377899260,500.0
719,1377899265,494.0
719,1377899270,497.0
719,1377899275,493.0
719,1377899280,494.0
719,1377899285,497.0
719,1377899290,492.0
719,1377899295,497.0
719,1377899300,497.0
719,1377899305,489.0
719,1377899310,494.0
719,1377899315,496.0
719,1377899320,497.0
719,1377899325,494.0
719,1377899330,499.0
719,1377899335,503.0
719,1377899340,508.0
719,1377899345,502.0
719,1377899350,494.0
719,1377899355,494.0
719,1377899360,499.0
719,1377899365,500.0
719,1377899370,500.0
719,1377899375,498.0
719,1377899380,496.0
719,1377899385,494.0
719,1377899390,493.0
719,1377899395,494.0
719,1377899400,495.0
719,1377899405,504.0
719,1377899410,505.0
719,1377899415,504.0
719,1377899420,493.0
719,1377899425,497.0
719,1377899430,497.0
719,1377899435,497.0
719,1377899440,497.0
719,1377899446,499.0
719,1377899450,508.0
719,1377899455,508.0
719,1377899460,499.0
719,1377899465,503.0
719,1377899470,493.0
719,1377899475,505.0
719,1377899480,496.0
719,1377899485,492.0
719,1377899490,493.0
719,1377899495,497.0
719,1377899500,494.0
719,1377899505,499.0
719,1377899510,494.0
719,1377899515,494.0
719,1377899520,493.0
719,1377899525,494.0
719,1377899530,495.0
719,1377899535,493.0
719,1377899540,497.0
719,1377899545,502.0
719,1377899550,499.0
719,1377899555,499.0
719,1377899560,494.0
719,1377899565,497.0
719,1377899570,494.0
719,1377899575,494.0
719,1377899580,494.0
719,1377899585,496.0
719,1377899590,497.0
719,1377899595,494.0
719,1377899600,497.0
719,1377899605,494.0
719,1377899610,493.0
719,1377899615,500.0
719,1377899620,497.0
719,1377899625,494.0
719,1377899630,504.0
719,1377899635,504.0
719,1377899640,499.0
719,1377899645,499.0
719,1377899650,497.0
719,1377899655,497.0
719,1377899660,500.0
719,1377899665,498.0
719,1377899670,497.0
719,1377899675,500.0
719,1377899680,493.0
719,1377899685,493.0
719,1377899690,497.0
719,1377899695,499.0
719,1377899700,500.0
719,1377899705,508.0
719,1377899710,507.0
719,1377899715,504.0
719,1377899720,492.0
719,1377899725,494.0
719,1377899730,487.0
719,1377899735,492.0
719,1377899740,494.0
719,1377899745,505.0
719,1377899750,508.0
719,1377899755,503.0
719,1377899760,499.0
719,1377899765,498.0
719,1377899770,494.0
719,1377899775,500.0
719,1377899780,495.0
719,1377899785,502.0
719,1377899790,502.0
719,1377899795,518.0
719,1377899800,508.0
719,1377899805,507.0
719,1377899810,509.0
719,1377899815,507.0
719,1377899820,512.0
719,1377899825,508.0
719,1377899830,509.0
719,1377899835,507.0
719,1377899840,514.0
719,1377899845,515.0
719,1377899850,509.0
719,1377899855,503.0
719,1377899860,505.0
719,1377899865,507.0
719,1377899870,508.0
719,1377899875,508.0
719,1377899880,508.0
719,1377899885,499.0
719,1377899890,499.0
719,1377899895,500.0
719,1377899900,504.0
719,1377899905,502.0
719,1377899910,500.0
719,1377899915,497.0
719,1377899920,499.0
719,1377899925,494.0
719,1377899930,508.0
719,1377899935,503.0
719,1377899940,508.0
719,1377899945,518.0
719,1377899950,500.0
719,1377899955,499.0
719,1377899960,492.0
719,1377899965,487.0
719,1377899974,489.0
719,1377899975,487.0
719,1377899980,487.0
719,1377899985,489.0
719,1377899990,489.0
719,1377899995,494.0
719,1377900000,488.0
719,1377900005,492.0
719,1377900010,497.0
719,1377900015,495.0
719,1377900020,503.0
719,1377900025,508.0
719,1377900030,512.0
719,1377900035,507.0
719,1377900040,505.0
719,1377900045,505.0
719,1377900050,504.0
719,1377900055,494.0
719,1377900060,496.0
719,1377900065,489.0
719,1377900070,492.0
719,1377900075,492.0
719,1377900080,493.0
719,1377900085,492.0
719,1377900090,497.0
719,1377900095,499.0
719,1377900100,508.0
719,1377900105,508.0
719,1377900110,503.0
719,1377900115,505.0
719,1377900120,512.0
719,1377900125,514.0
719,1377900130,508.0
719,1377900135,500.0
719,1377900140,494.0
719,1377900145,496.0
719,1377900150,492.0
719,1377900155,497.0
719,1377900160,494.0
719,1377900165,493.0
719,1377900170,499.0
719,1377900175,496.0
719,1377900180,487.0
719,1377900185,486.0
719,1377900190,492.0
719,1377900195,489.0
719,1377900200,492.0
719,1377900205,487.0
719,1377900210,493.0
719,1377900215,497.0
719,1377900220,494.0
719,1377900225,489.0
719,1377900230,484.0
719,1377900235,482.0
719,1377900240,471.0
719,1377900245,482.0
719,1377900250,486.0
719,1377900255,489.0
719,1377900260,492.0
719,1377900265,497.0
719,1377900270,493.0
719,1377900275,495.0
719,1377900280,505.0
719,1377900285,507.0
719,1377900290,514.0
719,1377900295,508.0
719,1377900300,512.0
719,1377900305,503.0
719,1377900310,502.0
719,1377900315,504.0
719,1377900320,494.0
719,1377900325,489.0
719,1377900330,492.0
719,1377900335,483.0
719,1377900340,487.0
719,1377900345,489.0
719,1377900350,494.0
719,1377900355,493.0
719,1377900360,487.0
719,1377900365,486.0
719,1377900370,483.0
719,1377900375,494.0
719,1377900380,489.0
719,1377900385,498.0
719,1377900390,498.0
719,1377900395,493.0
719,1377900400,494.0
719,1377900405,489.0
719,1377900410,486.0
719,1377900415,483.0
719,1377900420,484.0
719,1377900425,486.0
719,1377900430,487.0
719,1377900435,489.0
719,1377900440,491.0
719,1377900445,497.0
719,1377900450,496.0
719,1377900455,489.0
719,1377900460,487.0
719,1377900465,492.0
719,1377900470,491.0
719,1377900475,497.0
719,1377900480,494.0
719,1377900485,499.0
719,1377900490,494.0
719,1377900495,504.0
719,1377900500,505.0
719,1377900505,505.0
719,1377900510,502.0
719,1377900515,497.0
719,1377900520,493.0
719,1377900525,492.0
719,1377900530,494.0
719,1377900535,496.0
719,1377900540,497.0
719,1377900545,504.0
719,1377900550,502.0
719,1377900555,499.0
719,1377900560,497.0
719,1377900565,502.0
719,1377900570,505.0
719,1377900575,504.0
719,1377900580,505.0
719,1377900585,504.0
719,1377900590,505.0
719,1377900595,498.0
719,1377900600,499.0
719,1377900605,487.0
719,1377900610,489.0
719,1377900615,486.0
719,1377900620,484.0
719,1377900625,483.0
719,1377900630,487.0
719,1377900635,492.0
719,1377900640,487.0
719,1377900645,492.0
719,1377900650,488.0
719,1377900655,486.0
719,1377900660,484.0
719,1377900665,477.0
719,1377900670,488.0
719,1377900675,489.0
719,1377900680,492.0
719,1377900685,489.0
719,1377900690,494.0
719,1377900695,486.0
719,1377900700,479.0
719,1377900705,483.0
719,1377900710,477.0
719,1377900715,483.0
719,1377900720,483.0
719,1377900725,491.0
719,1377900730,487.0
719,1377900735,492.0
719,1377900740,497.0
719,1377900745,497.0
719,1377900750,493.0
719,1377900755,486.0
719,1377900760,487.0
719,1377900765,492.0
719,1377900770,487.0
719,1377900775,489.0
719,1377900780,492.0
719,1377900785,486.0
719,1377900790,492.0
719,1377900795,492.0
719,1377900800,497.0
719,1377900805,499.0
719,1377900810,502.0
719,1377900815,499.0
719,1377900820,502.0
719,1377900825,493.0
719,1377900830,494.0
719,1377900835,492.0
719,1377900840,493.0
719,1377900845,496.0
719,1377900850,494.0
719,1377900855,486.0
719,1377900860,483.0
719,1377900865,486.0
719,1377900870,483.0
719,1377900875,489.0
719,1377900880,494.0
719,1377900885,493.0
719,1377900890,499.0
719,1377900895,499.0
719,1377900900,502.0
719,1377900905,498.0
719,1377900910,489.0
719,1377900915,489.0
719,1377900920,484.0
719,1377900925,477.0
719,1377900930,488.0
719,1377900935,488.0
719,1377900940,488.0
719,1377900945,492.0
719,1377900950,492.0
719,1377900955,496.0
719,1377900960,493.0
719,1377900965,492.0
719,1377900970,492.0
719,1377900975,489.0
719,1377900980,484.0
719,1377900985,483.0
719,1377900990,486.0
719,1377900995,489.0
719,1377901000,494.0
719,1377901005,500.0
719,1377901010,503.0
719,1377901015,499.0
719,1377901020,494.0
719,1377901025,494.0
719,1377901030,486.0
719,1377901035,488.0
719,1377901040,479.0
719,1377901045,488.0
719,1377901050,487.0
719,1377901055,491.0
719,1377901060,492.0
719,1377901065,492.0
719,1377901070,494.0
719,1377901075,497.0
719,1377901080,494.0
719,1377901085,499.0
719,1377901090,499.0
719,1377901095,493.0
719,1377901100,499.0
719,1377901105,494.0
719,1377901110,489.0
719,1377901115,487.0
719,1377901120,486.0
719,1377901125,486.0
719,1377901130,489.0
719,1377901135,489.0
719,1377901140,486.0
719,1377901145,483.0
719,1377901150,486.0
719,1377901155,484.0
719,1377901160,486.0
719,1377901165,492.0
719,1377901170,492.0
719,1377901175,492.0
719,1377901180,494.0
719,1377901185,491.0
719,1377901190,479.0
719,1377901195,486.0
719,1377901200,483.0
719,1377901205,487.0
719,1377901210,492.0
719,1377901215,497.0
719,1377901220,499.0
719,1377901225,499.0
719,1377901230,492.0
719,1377901235,487.0
719,1377901240,487.0
719,1377901245,487.0
719,1377901250,489.0
719,1377901255,487.0
719,1377901260,487.0
719,1377901265,497.0
719,1377901270,497.0
719,1377901275,493.0
719,1377901280,494.0
719,1377901285,489.0
719,1377901290,489.0
719,1377901295,492.0
719,1377901300,492.0
719,1377901305,489.0
719,1377901310,492.0
719,1377901315,489.0
719,1377901320,492.0
719,1377901325,492.0
719,1377901330,489.0
719,1377901335,494.0
719,1377901340,500.0
719,1377901345,495.0
719,1377901350,494.0
719,1377901355,489.0
719,1377901360,486.0
719,1377901365,488.0
719,1377901370,487.0
719,1377901375,492.0
719,1377901380,492.0
719,1377901385,496.0
719,1377901391,493.0
719,1377901395,499.0
719,1377901400,494.0
719,1377901405,492.0
719,1377901410,492.0
719,1377901415,497.0
719,1377901420,494.0
719,1377901425,492.0
719,1377901430,494.0
719,1377901435,491.0
719,1377901440,492.0
719,1377901445,494.0
719,1377901450,494.0
719,1377901455,491.0
719,1377901460,487.0
719,1377901465,494.0
719,1377901470,489.0
719,1377901475,494.0
719,1377901480,499.0
719,1377901485,494.0
719,1377901490,502.0
719,1377901495,500.0
719,1377901500,492.0
719,1377901505,479.0
719,1377901510,486.0
719,1377901515,486.0
719,1377901520,475.0
719,1377901525,479.0
719,1377901530,484.0
719,1377901535,492.0
719,1377901540,494.0
719,1377901545,498.0
719,1377901550,492.0
719,1377901555,496.0
719,1377901560,497.0
719,1377901565,497.0
719,1377901570,493.0
719,1377901575,487.0
719,1377901580,494.0
719,1377901585,483.0
719,1377901590,486.0
719,1377901595,489.0
719,1377901600,494.0
719,1377901605,492.0
719,1377901610,494.0
719,1377901615,489.0
719,1377901620,487.0
719,1377901625,489.0
719,1377901630,492.0
719,1377901635,492.0
719,1377901640,492.0
719,1377901645,489.0
719,1377901650,492.0
719,1377901655,488.0
719,1377901660,486.0
719,1377901665,488.0
719,1377901670,488.0
719,1377901675,483.0
719,1377901680,483.0
719,1377901685,488.0
719,1377901690,483.0
719,1377901695,486.0
719,1377901700,483.0
719,1377901705,487.0
719,1377901710,486.0
719,1377901715,492.0
719,1377901720,487.0
719,1377901725,488.0
719,1377901730,486.0
719,1377901735,492.0
719,1377901740,479.0
719,1377901745,477.0
719,1377901750,482.0
719,1377901755,473.0
719,1377901760,473.0
719,1377901765,475.0
719,1377901770,479.0
719,1377901775,484.0
719,1377901780,487.0
719,1377901785,484.0
719,1377901790,481.0
719,1377901795,486.0
719,1377901800,482.0
719,1377901805,484.0
719,1377901810,479.0
719,1377901815,483.0
719,1377901820,477.0
719,1377901825,482.0
719,1377901830,480.0
719,1377901835,482.0
719,1377901840,486.0
719,1377901845,486.0
719,1377901850,496.0
719,1377901855,497.0
719,1377901860,494.0
719,1377901865,492.0
719,1377901870,494.0
719,1377901875,494.0
719,1377901880,494.0
719,1377901885,487.0
719,1377901890,486.0
719,1377901895,492.0
719,1377901900,486.0
719,1377901905,486.0
719,1377901910,486.0
719,1377901915,483.0
719,1377901920,477.0
719,1377901925,483.0
719,1377901930,487.0
719,1377901935,496.0
719,1377901940,487.0
719,1377901945,492.0
719,1377901950,488.0
719,1377901955,487.0
719,1377901960,494.0
719,1377901965,496.0
719,1377901970,496.0
719,1377901975,496.0
719,1377901980,492.0
719,1377901985,493.0
719,1377901990,489.0
719,1377901995,489.0
719,1377902000,483.0
719,1377902005,480.0
719,1377902010,473.0
719,1377902015,475.0
719,1377902020,486.0
719,1377902025,483.0
719,1377902030,483.0
719,1377902035,483.0
719,1377902040,486.0
719,1377902045,487.0
719,1377902050,487.0
719,1377902055,496.0
719,1377902060,496.0
719,1377902065,494.0
719,1377902070,489.0
719,1377902075,491.0
719,1377902080,492.0
719,1377902085,487.0
719,1377902090,489.0
719,1377902095,489.0
719,1377902100,484.0
719,1377902105,482.0
719,1377902110,486.0
719,1377902115,492.0
719,1377902120,492.0
719,1377902125,502.0
719,1377902130,499.0
719,1377902135,497.0
719,1377902140,489.0
719,1377902145,488.0
719,1377902150,477.0
719,1377902155,484.0
719,1377902160,484.0
719,1377902165,475.0
719,1377902170,479.0
719,1377902175,487.0
719,1377902180,489.0
719,1377902185,496.0
719,1377902190,487.0
719,1377902195,492.0
719,1377902200,489.0
719,1377902205,486.0
719,1377902210,483.0
719,1377902215,486.0
719,1377902220,484.0
719,1377902225,477.0
719,1377902230,477.0
719,1377902235,488.0
719,1377902240,489.0
719,1377902245,494.0
719,1377902250,494.0
719,1377902255,492.0
719,1377902260,487.0
719,1377902265,489.0
719,1377902270,489.0
719,1377902275,484.0
719,1377902280,488.0
719,1377902285,483.0
719,1377902290,487.0
719,1377902295,487.0
719,1377902300,488.0
719,1377902305,483.0
719,1377902310,479.0
719,1377902315,477.0
719,1377902320,486.0
719,1377902325,492.0
719,1377902330,499.0
719,1377902335,494.0
719,1377902340,499.0
719,1377902345,497.0
719,1377902350,502.0
719,1377902355,493.0
719,1377902360,504.0
719,1377902365,493.0
719,1377902370,494.0
719,1377902375,487.0
719,1377902380,487.0
719,1377902385,492.0
719,1377902390,492.0
719,1377902395,496.0
719,1377902400,492.0
719,1377902405,492.0
719,1377902410,492.0
719,1377902415,488.0
719,1377902420,494.0
719,1377902425,477.0
719,1377902430,486.0
719,1377902435,483.0
719,1377902440,484.0
719,1377902445,486.0
719,1377902450,483.0
719,1377902455,486.0
719,1377902460,484.0
719,1377902465,486.0
719,1377902470,479.0
719,1377902475,489.0
719,1377902480,493.0
719,1377902485,499.0
719,1377902490,499.0
719,1377902495,494.0
719,1377902500,492.0
719,1377902505,488.0
719,1377902510,487.0
719,1377902515,489.0
719,1377902520,489.0
719,1377902525,487.0
719,1377902530,486.0
719,1377902535,492.0
719,1377902540,493.0
719,1377902545,494.0
719,1377902550,499.0
719,1377902555,489.0
719,1377902560,479.0
719,1377902565,477.0
719,1377902570,482.0
719,1377902575,479.0
719,1377902580,489.0
719,1377902585,489.0
719,1377902590,489.0
719,1377902595,489.0
719,1377902600,483.0
719,1377902605,487.0
719,1377902610,487.0
719,1377902615,493.0
719,1377902620,505.0
719,1377902625,508.0
719,1377902630,502.0
719,1377902635,498.0
719,1377902640,492.0
719,1377902645,479.0
719,1377902650,475.0
719,1377902655,486.0
719,1377902660,486.0
719,1377902665,483.0
719,1377902670,494.0
719,1377902675,479.0
719,1377902680,476.0
719,1377902685,471.0
719,1377902690,475.0
719,1377902695,482.0
719,1377902700,483.0
719,1377902705,483.0
719,1377902710,483.0
719,1377902715,484.0
719,1377902720,481.0
719,1377902725,483.0
719,1377902730,483.0
719,1377902735,486.0
719,1377902740,483.0
719,1377902745,483.0
719,1377902750,487.0
719,1377902755,487.0
719,1377902760,489.0
719,1377902765,489.0
719,1377902770,492.0
719,1377902775,492.0
719,1377902780,492.0
719,1377902785,494.0
719,1377902790,483.0
719,1377902795,476.0
719,1377902800,480.0
719,1377902805,476.0
719,1377902810,473.0
719,1377902815,475.0
719,1377902820,476.0
719,1377902825,471.0
719,1377902830,482.0
719,1377902835,475.0
719,1377902840,483.0
719,1377902845,488.0
719,1377902850,488.0
719,1377902855,488.0
719,1377902860,489.0
719,1377902865,486.0
719,1377902870,482.0
719,1377902875,471.0
719,1377902880,475.0
719,1377902885,475.0
719,1377902890,477.0
719,1377902895,484.0
719,1377902900,484.0
719,1377902905,483.0
719,1377902910,470.0
719,1377902915,476.0
719,1377902920,471.0
719,1377902925,471.0
719,1377902930,473.0
719,1377902935,480.0
719,1377902940,477.0
719,1377902945,492.0
719,1377902950,487.0
719,1377902955,491.0
719,1377902960,489.0
719,1377902965,492.0
719,1377902970,484.0
719,1377902975,477.0
719,1377902980,482.0
719,1377902985,476.0
719,1377902990,470.0
719,1377902995,470.0
719,1377903000,476.0
719,1377903005,475.0
719,1377903010,475.0
719,1377903015,471.0
719,1377903020,476.0
719,1377903025,471.0
719,1377903030,475.0
719,1377903035,483.0
719,1377903040,483.0
719,1377903045,482.0
719,1377903050,482.0
719,1377903055,475.0
719,1377903060,477.0
719,1377903065,475.0
719,1377903070,473.0
719,1377903075,467.0
719,1377903080,472.0
719,1377903085,471.0
719,1377903090,476.0
719,1377903095,480.0
719,1377903100,483.0
719,1377903105,482.0
719,1377903110,475.0
719,1377903115,475.0
719,1377903120,483.0
719,1377903125,486.0
719,1377903130,486.0
719,1377903135,477.0
719,1377903140,475.0
719,1377903145,482.0
719,1377903150,480.0
719,1377903155,482.0
719,1377903160,483.0
719,1377903165,475.0
719,1377903170,480.0
719,1377903175,475.0
719,1377903180,471.0
719,1377903185,475.0
719,1377903190,473.0
719,1377903195,476.0
719,1377903200,472.0
719,1377903205,471.0
719,1377903210,473.0
719,1377903215,476.0
719,1377903220,472.0
719,1377903225,472.0
719,1377903230,467.0
719,1377903235,475.0
719,1377903240,483.0
719,1377903245,487.0
719,1377903250,483.0
719,1377903255,488.0
719,1377903260,475.0
719,1377903265,473.0
719,1377903270,476.0
719,1377903275,475.0
719,1377903280,484.0
719,1377903285,484.0
719,1377903290,488.0
719,1377903295,483.0
719,1377903300,483.0
719,1377903305,483.0
719,1377903310,476.0
719,1377903315,475.0
719,1377903320,476.0
719,1377903325,475.0
719,1377903330,483.0
719,1377903335,483.0
719,1377903340,483.0
719,1377903345,486.0
719,1377903350,475.0
719,1377903355,486.0
719,1377903360,486.0
719,1377903365,484.0
719,1377903370,483.0
719,1377903375,492.0
719,1377903380,486.0
719,1377903385,489.0
719,1377903390,486.0
719,1377903395,479.0
719,1377903400,479.0
719,1377903405,486.0
719,1377903410,477.0
719,1377903415,481.0
719,1377903420,488.0
719,1377903425,484.0
719,1377903430,486.0
719,1377903435,486.0
719,1377903440,482.0
719,1377903445,480.0
719,1377903450,476.0
719,1377903455,475.0
719,1377903460,481.0
719,1377903465,486.0
719,1377903470,488.0
719,1377903475,489.0
719,1377903480,487.0
719,1377903485,488.0
719,1377903490,481.0
719,1377903495,475.0
719,1377903500,475.0
719,1377903505,471.0
719,1377903510,480.0
719,1377903515,470.0
719,1377903520,475.0
719,1377903525,486.0
719,1377903530,479.0
719,1377903535,492.0
719,1377903540,496.0
719,1377903545,496.0
719,1377903550,494.0
719,1377903555,492.0
719,1377903560,489.0
719,1377903565,486.0
719,1377903570,488.0
719,1377903575,487.0
719,1377903580,489.0
719,1377903585,497.0
719,1377903590,499.0
719,1377903595,487.0
719,1377903600,492.0
719,1377903605,481.0
719,1377903610,477.0
719,1377903615,476.0
719,1377903620,476.0
719,1377903625,476.0
719,1377903630,471.0
719,1377903635,476.0
719,1377903640,476.0
719,1377903645,486.0
719,1377903650,483.0
719,1377903656,487.0
719,1377903660,487.0
719,1377903665,483.0
719,1377903670,486.0
719,1377903675,483.0
719,1377903680,481.0
719,1377903685,477.0
719,1377903690,484.0
719,1377903695,488.0
719,1377903700,481.0
719,1377903705,477.0
719,1377903710,483.0
719,1377903715,488.0
719,1377903720,486.0
719,1377903725,487.0
719,1377903730,486.0
719,1377903735,477.0
719,1377903740,471.0
719,1377903745,472.0
719,1377903750,465.0
719,1377903755,459.0
719,1377903760,464.0
719,1377903765,461.0
719,1377903770,465.0
719,1377903775,467.0
719,1377903780,472.0
719,1377903785,476.0
719,1377903790,482.0
719,1377903795,484.0
719,1377903800,477.0
719,1377903805,483.0
719,1377903810,494.0
719,1377903815,494.0
719,1377903820,488.0
719,1377903825,486.0
719,1377903830,483.0
719,1377903835,479.0
719,1377903840,486.0
719,1377903845,489.0
719,1377903850,487.0
719,1377903855,479.0
719,1377903860,486.0
719,1377903865,477.0
719,1377903870,484.0
719,1377903875,486.0
719,1377903880,483.0
719,1377903885,477.0
719,1377903890,475.0
719,1377903895,477.0
719,1377903900,477.0
719,1377903905,477.0
719,1377903910,479.0
719,1377903915,486.0
719,1377903920,477.0
719,1377903925,481.0
719,1377903930,473.0
719,1377903935,471.0
719,1377903940,472.0
719,1377903945,476.0
719,1377903950,471.0
719,1377903955,482.0
719,1377903960,476.0
719,1377903965,486.0
719,1377903970,486.0
719,1377903975,486.0
719,1377903980,481.0
719,1377903985,471.0
719,1377903990,471.0
719,1377903995,473.0
719,1377904000,471.0
719,1377904005,483.0
719,1377904010,486.0
719,1377904015,486.0
719,1377904020,479.0
719,1377904025,486.0
719,1377904030,476.0
719,1377904035,473.0
719,1377904040,472.0
719,1377904045,470.0
719,1377904050,468.0
719,1377904055,473.0
719,1377904060,486.0
719,1377904065,479.0
719,1377904070,488.0
719,1377904075,488.0
719,1377904080,479.0
719,1377904085,483.0
719,1377904090,488.0
719,1377904095,487.0
719,1377904100,496.0
719,1377904105,491.0
719,1377904110,487.0
719,1377904115,479.0
719,1377904120,479.0
719,1377904125,472.0
719,1377904130,465.0
719,1377904135,465.0
719,1377904140,467.0
719,1377904145,470.0
719,1377904150,468.0
719,1377904155,467.0
719,1377904160,470.0
719,1377904165,470.0
719,1377904170,470.0
719,1377904175,473.0
719,1377904180,473.0
719,1377904185,475.0
719,1377904190,480.0
719,1377904195,480.0
719,1377904200,488.0
719,1377904205,488.0
719,1377904210,483.0
719,1377904215,477.0
719,1377904220,477.0
719,1377904225,486.0
719,1377904230,477.0
719,1377904235,488.0
719,1377904240,487.0
719,1377904245,497.0
719,1377904250,491.0
719,1377904255,489.0
719,1377904260,487.0
719,1377904265,477.0
719,1377904270,477.0
719,1377904275,473.0
719,1377904280,472.0
719,1377904285,472.0
719,1377904290,470.0
719,1377904295,472.0
719,1377904300,473.0
719,1377904305,482.0
719,1377904310,486.0
719,1377904315,488.0
719,1377904320,479.0
719,1377904325,477.0
719,1377904330,483.0
719,1377904335,486.0
719,1377904340,486.0
719,1377904345,484.0
719,1377904350,486.0
719,1377904355,477.0
719,1377904360,480.0
719,1377904365,473.0
719,1377904370,476.0
719,1377904375,473.0
719,1377904380,473.0
719,1377904385,480.0
719,1377904390,477.0
719,1377904395,477.0
719,1377904400,471.0
719,1377904405,473.0
719,1377904410,467.0
719,1377904415,476.0
719,1377904420,471.0
719,1377904425,475.0
719,1377904430,479.0
719,1377904435,483.0
719,1377904440,482.0
719,1377904445,483.0
719,1377904450,482.0
719,1377904455,484.0
719,1377904460,473.0
719,1377904465,476.0
719,1377904470,471.0
719,1377904475,475.0
719,1377904480,475.0
719,1377904485,488.0
719,1377904490,483.0
719,1377904495,492.0
719,1377904500,486.0
719,1377904505,483.0
719,1377904510,475.0
719,1377904515,473.0
719,1377904520,473.0
719,1377904525,468.0
719,1377904530,468.0
719,1377904535,465.0
719,1377904540,470.0
719,1377904545,473.0
719,1377904550,480.0
719,1377904555,489.0
719,1377904560,489.0
719,1377904565,486.0
719,1377904570,479.0
719,1377904575,483.0
719,1377904580,479.0
719,1377904585,486.0
719,1377904590,484.0
719,1377904595,479.0
719,1377904600,488.0
719,1377904605,481.0
719,1377904610,475.0
719,1377904615,475.0
719,1377904620,475.0
719,1377904625,473.0
719,1377904630,471.0
719,1377904635,476.0
719,1377904640,471.0
719,1377904645,483.0
719,1377904650,475.0
719,1377904655,484.0
719,1377904660,479.0
719,1377904665,479.0
719,1377904670,486.0
719,1377904675,482.0
719,1377904680,476.0
719,1377904685,473.0
719,1377904690,472.0
719,1377904695,472.0
719,1377904700,473.0
719,1377904705,478.0
719,1377904710,471.0
719,1377904715,476.0
719,1377904720,476.0
719,1377904725,482.0
719,1377904730,483.0
719,1377904735,475.0
719,1377904740,486.0
719,1377904745,483.0
719,1377904750,475.0
719,1377904755,471.0
719,1377904760,475.0
719,1377904765,482.0
719,1377904770,475.0
719,1377904775,471.0
719,1377904780,473.0
719,1377904785,480.0
719,1377904790,473.0
719,1377904795,463.0
719,1377904800,462.0
719,1377904805,468.0
719,1377904810,472.0
719,1377904815,476.0
719,1377904820,476.0
719,1377904825,481.0
719,1377904830,482.0
719,1377904835,483.0
719,1377904840,480.0
719,1377904845,473.0
719,1377904850,473.0
719,1377904855,468.0
719,1377904860,472.0
719,1377904865,470.0
719,1377904870,476.0
719,1377904875,476.0
719,1377904880,476.0
719,1377904885,484.0
719,1377904890,488.0
719,1377904895,492.0
719,1377904900,484.0
719,1377904905,482.0
719,1377904910,475.0
719,1377904915,471.0
719,1377904920,473.0
719,1377904925,472.0
719,1377904930,472.0
719,1377904935,472.0
719,1377904940,467.0
719,1377904945,475.0
719,1377904950,471.0
719,1377904955,475.0
719,1377904960,475.0
719,1377904965,477.0
719,1377904970,477.0
719,1377904975,483.0
719,1377904980,483.0
719,1377904985,481.0
719,1377904990,477.0
719,1377904995,482.0
719,1377905000,483.0
719,1377905005,477.0
719,1377905010,477.0
719,1377905015,475.0
719,1377905020,473.0
719,1377905025,472.0
719,1377905030,472.0
719,1377905035,471.0
719,1377905040,470.0
719,1377905045,472.0
719,1377905050,467.0
719,1377905055,466.0
719,1377905060,462.0
719,1377905065,462.0
719,1377905070,465.0
719,1377905075,467.0
719,1377905080,473.0
719,1377905085,462.0
719,1377905090,463.0
719,1377905095,468.0
719,1377905102,470.0
719,1377905105,475.0
719,1377905110,475.0
719,1377905115,475.0
719,1377905120,477.0
719,1377905125,473.0
719,1377905130,470.0
719,1377905135,470.0
719,1377905140,471.0
719,1377905145,475.0
719,1377905150,471.0
719,1377905155,475.0
719,1377905160,475.0
719,1377905165,476.0
719,1377905170,475.0
719,1377905175,481.0
719,1377905180,475.0
719,1377905185,471.0
719,1377905190,470.0
719,1377905195,466.0
719,1377905200,468.0
719,1377905205,472.0
719,1377905210,470.0
719,1377905214,471.0
719,1377905220,471.0
719,1377905225,473.0
719,1377905230,473.0
719,1377905235,476.0
719,1377905240,474.0
719,1377905245,471.0
719,1377905250,465.0
719,1377905255,465.0
719,1377905260,462.0
719,1377905265,465.0
719,1377905270,468.0
719,1377905275,470.0
719,1377905280,476.0
719,1377905285,475.0
719,1377905290,475.0
719,1377905295,486.0
719,1377905300,480.0
719,1377905305,471.0
719,1377905310,472.0
719,1377905315,466.0
719,1377905320,466.0
719,1377905325,470.0
719,1377905330,475.0
719,1377905335,477.0
719,1377905340,483.0
719,1377905345,470.0
719,1377905350,470.0
719,1377905355,462.0
719,1377905360,462.0
719,1377905365,462.0
719,1377905370,472.0
719,1377905375,467.0
719,1377905380,476.0
719,1377905385,483.0
719,1377905390,477.0
719,1377905395,482.0
719,1377905400,486.0
719,1377905405,478.0
719,1377905410,472.0
719,1377905415,468.0
719,1377905420,462.0
719,1377905425,465.0
719,1377905430,465.0
719,1377905435,463.0
719,1377905440,476.0
719,1377905445,471.0
719,1377905450,476.0
719,1377905455,480.0
719,1377905460,475.0
719,1377905465,482.0
719,1377905470,482.0
719,1377905475,477.0
719,1377905480,480.0
719,1377905485,470.0
719,1377905490,480.0
719,1377905495,477.0
719,1377905500,471.0
719,1377905505,471.0
719,1377905510,477.0
719,1377905514,483.0
719,1377905520,484.0
719,1377905525,480.0
719,1377905530,471.0
719,1377905535,473.0
719,1377905540,472.0
719,1377905545,473.0
719,1377905550,472.0
719,1377905555,465.0
719,1377905560,461.0
719,1377905565,467.0
719,1377905570,472.0
719,1377905575,470.0
719,1377905580,473.0
719,1377905585,476.0
719,1377905590,477.0
719,1377905595,475.0
719,1377905600,475.0
719,1377905605,475.0
719,1377905610,471.0
719,1377905615,467.0
719,1377905620,468.0
719,1377905625,465.0
719,1377905630,468.0
719,1377905635,463.0
719,1377905640,462.0
719,1377905645,465.0
719,1377905650,465.0
719,1377905655,462.0
719,1377905660,462.0
719,1377905665,465.0
719,1377905670,470.0
719,1377905675,467.0
719,1377905680,467.0
719,1377905685,472.0
719,1377905689,472.0
719,1377905695,470.0
719,1377905700,477.0
719,1377905705,475.0
719,1377905710,486.0
719,1377905715,479.0
719,1377905720,476.0
719,1377905725,471.0
719,1377905730,470.0
719,1377905735,470.0
719,1377905739,462.0
719,1377905745,472.0
719,1377905750,472.0
719,1377905755,471.0
719,1377905760,472.0
719,1377905765,472.0
719,1377905770,478.0
719,1377905775,471.0
719,1377905780,463.0
719,1377905785,467.0
719,1377905790,470.0
719,1377905795,471.0
719,1377905800,475.0
719,1377905805,473.0
719,1377905810,476.0
719,1377905815,473.0
719,1377905820,471.0
719,1377905825,470.0
719,1377905830,467.0
719,1377905835,472.0
719,1377905840,471.0
719,1377905845,470.0
719,1377905850,482.0
719,1377905855,480.0
719,1377905860,486.0
719,1377905865,486.0
719,1377905870,489.0
719,1377905875,488.0
719,1377905880,484.0
719,1377905885,483.0
719,1377905890,480.0
719,1377905895,476.0
719,1377905900,480.0
719,1377905905,476.0
719,1377905910,468.0
719,1377905915,465.0
719,1377905920,461.0
719,1377905925,472.0
719,1377905930,476.0
719,1377905935,476.0
719,1377905940,477.0
719,1377905945,479.0
719,1377905950,483.0
719,1377905955,477.0
719,1377905960,471.0
719,1377905965,480.0
719,1377905969,476.0
719,1377905975,473.0
719,1377905980,476.0
719,1377905985,482.0
719,1377905990,470.0
719,1377905995,476.0
719,1377906000,467.0
719,1377906005,467.0
719,1377906010,465.0
719,1377906015,465.0
719,1377906020,473.0
719,1377906024,473.0
719,1377906030,481.0
719,1377906035,477.0
719,1377906040,477.0
719,1377906045,471.0
719,1377906050,470.0
719,1377906054,473.0
719,1377906060,472.0
719,1377906065,467.0
719,1377906070,467.0
719,1377906075,467.0
719,1377906080,461.0
719,1377906085,459.0
719,1377906090,457.0
719,1377906094,451.0
719,1377906100,460.0
719,1377906105,457.0
719,1377906110,465.0
719,1377906114,462.0
719,1377906120,467.0
719,1377906124,463.0
719,1377906130,473.0
719,1377906135,473.0
719,1377906140,472.0
719,1377906145,472.0
719,1377906149,475.0
719,1377906155,483.0
719,1377906159,494.0
719,1377906165,484.0
719,1377906170,477.0
719,1377906175,475.0
719,1377906180,476.0
719,1377906185,463.0
719,1377906190,460.0
719,1377906195,462.0
719,1377906200,460.0
719,1377906205,455.0
719,1377906210,462.0
719,1377906215,466.0
719,1377906220,467.0
719,1377906225,472.0
719,1377906230,463.0
719,1377906234,472.0
719,1377906240,470.0
719,1377906245,476.0
719,1377906250,476.0
719,1377906255,486.0
719,1377906260,477.0
719,1377906265,484.0
719,1377906270,477.0
719,1377906275,483.0
719,1377906280,483.0
719,1377906285,475.0
719,1377906290,481.0
719,1377906295,480.0
719,1377906300,470.0
719,1377906305,463.0
719,1377906310,465.0
719,1377906315,467.0
719,1377906320,462.0
719,1377906325,467.0
719,1377906329,465.0
719,1377906335,463.0
719,1377906340,472.0
719,1377906345,473.0
719,1377906350,480.0
719,1377906355,482.0
719,1377906360,477.0
719,1377906365,476.0
719,1377906370,477.0
719,1377906374,475.0
719,1377906380,471.0
719,1377906385,467.0
719,1377906390,461.0
719,1377906394,462.0
719,1377906400,464.0
719,1377906405,470.0
719,1377906410,472.0
719,1377906415,471.0
719,1377906420,470.0
719,1377906424,472.0
719,1377906430,468.0
719,1377906435,463.0
719,1377906440,465.0
719,1377906445,460.0
719,1377906450,462.0
719,1377906455,464.0
719,1377906460,462.0
719,1377906465,465.0
719,1377906469,460.0
719,1377906474,462.0
719,1377906479,456.0
719,1377906485,457.0
719,1377906490,457.0
719,1377906494,465.0
719,1377906500,466.0
719,1377906504,470.0
719,1377906510,472.0
719,1377906515,480.0
719,1377906520,475.0
719,1377906525,477.0
719,1377906530,476.0
719,1377906535,475.0
719,1377906540,476.0
719,1377906545,475.0
719,1377906550,471.0
719,1377906554,473.0
719,1377906563,476.0
719,1377906565,471.0
719,1377906570,472.0
719,1377906575,468.0
719,1377906580,463.0
719,1377906584,467.0
719,1377906589,470.0
719,1377906594,465.0
719,1377906600,470.0
719,1377906605,463.0
719,1377906610,467.0
719,1377906615,470.0
719,1377906619,472.0
719,1377906625,470.0
719,1377906630,472.0
719,1377906635,471.0
719,1377906639,470.0
719,1377906645,467.0
719,1377906650,470.0
719,1377906655,472.0
719,1377906659,470.0
719,1377906664,476.0
719,1377906669,473.0
719,1377906675,475.0
719,1377906680,471.0
719,1377906685,472.0
719,1377906690,471.0
719,1377906695,476.0
719,1377906699,477.0
719,1377906705,481.0
719,1377906710,483.0
719,1377906715,486.0
719,1377906720,476.0
719,1377906725,473.0
719,1377906730,467.0
719,1377906734,473.0
719,1377906739,468.0
719,1377906744,461.0
719,1377906750,462.0
719,1377906755,457.0
719,1377906760,454.0
719,1377906764,457.0
719,1377906770,464.0
719,1377906775,462.0
719,1377906780,465.0
719,1377906785,468.0
719,1377906789,462.0
719,1377906795,468.0
719,1377906800,462.0
719,1377906805,466.0
719,1377906809,462.0
719,1377906814,470.0
719,1377906819,473.0
719,1377906825,476.0
719,1377906829,482.0
719,1377906835,473.0
719,1377906840,467.0
719,1377906844,464.0
719,1377906849,467.0
719,1377906855,470.0
719,1377906859,478.0
719,1377906864,471.0
719,1377906869,476.0
719,1377906874,471.0
719,1377906880,472.0
719,1377906884,466.0
719,1377906890,459.0
719,1377906894,462.0
719,1377906899,460.0
719,1377906905,462.0
719,1377906910,460.0
719,1377906915,461.0
719,1377906919,465.0
719,1377906924,465.0
719,1377906930,478.0
719,1377906935,472.0
719,1377906940,467.0
719,1377906944,468.0
719,1377906950,467.0
719,1377906955,467.0
719,1377906960,461.0
719,1377906965,465.0
719,1377906969,462.0
719,1377906974,465.0
719,1377906980,467.0
719,1377906985,470.0
719,1377906989,470.0
719,1377906995,482.0
719,1377906999,468.0
719,1377907004,472.0
719,1377907009,459.0
719,1377907015,455.0
719,1377907020,454.0
719,1377907024,456.0
719,1377907029,456.0
719,1377907035,456.0
719,1377907040,457.0
719,1377907044,467.0
719,1377907049,471.0
719,1377907054,472.0
719,1377907060,470.0
719,1377907064,467.0
719,1377907069,468.0
719,1377907074,473.0
719,1377907080,476.0
719,1377907085,472.0
719,1377907090,465.0
719,1377907094,462.0
719,1377907099,460.0
719,1377907104,456.0
719,1377907110,465.0
719,1377907115,468.0
719,1377907119,470.0
719,1377907124,468.0
719,1377907129,472.0
719,1377907135,461.0
719,1377907139,465.0
719,1377907144,457.0
719,1377907149,455.0
719,1377907154,460.0
719,1377907160,457.0
719,1377907165,467.0
719,1377907169,468.0
719,1377907174,470.0
719,1377907179,473.0
719,1377907184,472.0
719,1377907189,476.0
719,1377907194,476.0
719,1377907199,477.0
719,1377907204,486.0
719,1377907209,481.0
719,1377907214,476.0
719,1377907219,476.0
719,1377907224,472.0
719,1377907229,467.0
719,1377907235,465.0
719,1377907239,460.0
719,1377907244,464.0
719,1377907249,464.0
719,1377907255,467.0
719,1377907259,467.0
719,1377907265,471.0
719,1377907269,473.0
719,1377907274,467.0
719,1377907279,468.0
719,1377907285,463.0
719,1377907289,466.0
719,1377907298,462.0
719,1377907299,464.0
719,1377907304,460.0
719,1377907309,455.0
719,1377907315,457.0
719,1377907319,454.0
719,1377907324,454.0
719,1377907329,460.0
719,1377907335,462.0
719,1377907339,462.0
719,1377907345,467.0
719,1377907349,472.0
719,1377907354,472.0
719,1377907359,470.0
719,1377907365,472.0
719,1377907369,472.0
719,1377907374,467.0
719,1377907379,470.0
719,1377907384,460.0
719,1377907390,455.0
719,1377907395,455.0
719,1377907399,462.0
719,1377907404,467.0
719,1377907410,468.0
719,1377907414,465.0
719,1377907419,470.0
719,1377907424,460.0
719,1377907429,466.0
719,1377907435,465.0
719,1377907439,467.0
719,1377907444,465.0
719,1377907449,465.0
719,1377907454,467.0
719,1377907459,461.0
719,1377907464,466.0
719,1377907469,460.0
719,1377907474,460.0
719,1377907479,455.0
719,1377907485,455.0
719,1377907489,465.0
719,1377907494,470.0
719,1377907499,467.0
719,1377907504,471.0
719,1377907509,466.0
719,1377907514,465.0
719,1377907519,465.0
719,1377907524,464.0
719,1377907529,460.0
719,1377907534,456.0
719,1377907539,451.0
719,1377907544,456.0
719,1377907549,452.0
719,1377907554,447.0
719,1377907559,456.0
719,1377907564,457.0
719,1377907569,455.0
719,1377907574,460.0
719,1377907579,464.0
719,1377907584,460.0
719,1377907589,464.0
719,1377907594,462.0
719,1377907599,467.0
719,1377907604,468.0
719,1377907609,467.0
719,1377907614,459.0
719,1377907619,468.0
719,1377907624,461.0
719,1377907629,465.0
719,1377907634,464.0
719,1377907639,465.0
719,1377907644,457.0
719,1377907649,462.0
719,1377907654,456.0
719,1377907659,455.0
719,1377907664,452.0
719,1377907669,456.0
719,1377907674,454.0
719,1377907679,457.0
719,1377907684,462.0
719,1377907689,465.0
719,1377907694,465.0
719,1377907699,462.0
719,1377907705,461.0
719,1377907709,464.0
719,1377907714,462.0
719,1377907719,462.0
719,1377907724,462.0
719,1377907729,464.0
719,1377907734,455.0
719,1377907739,462.0
719,1377907744,455.0
719,1377907749,454.0
719,1377907754,460.0
719,1377907759,460.0
719,1377907764,462.0
719,1377907769,462.0
719,1377907774,456.0
719,1377907779,451.0
719,1377907784,451.0
719,1377907789,452.0
719,1377907794,454.0
719,1377907799,454.0
719,1377907804,460.0
719,1377907809,465.0
719,1377907814,465.0
719,1377907819,470.0
719,1377907824,465.0
719,1377907829,462.0
719,1377907834,466.0
719,1377907839,460.0
719,1377907844,456.0
719,1377907849,456.0
719,1377907854,456.0
719,1377907859,455.0
719,1377907864,465.0
719,1377907869,462.0
719,1377907874,461.0
719,1377907879,467.0
719,1377907884,462.0
719,1377907889,464.0
719,1377907894,460.0
719,1377907899,457.0
719,1377907904,454.0
719,1377907909,454.0
719,1377907914,460.0
719,1377907919,455.0
719,1377907924,460.0
719,1377907929,459.0
719,1377907934,460.0
719,1377907939,456.0
719,1377907944,451.0
719,1377907949,455.0
719,1377907954,460.0
719,1377907959,454.0
719,1377907964,462.0
719,1377907969,457.0
719,1377907974,455.0
719,1377907979,464.0
719,1377907984,465.0
719,1377907989,462.0
719,1377907994,472.0
719,1377907999,467.0
719,1377908004,468.0
719,1377908009,461.0
719,1377908014,465.0
719,1377908023,462.0
719,1377908024,464.0
719,1377908029,455.0
719,1377908034,462.0
719,1377908039,462.0
719,1377908044,465.0
719,1377908049,467.0
719,1377908054,467.0
719,1377908059,467.0
719,1377908064,460.0
719,1377908069,461.0
719,1377908074,452.0
719,1377908079,446.0
719,1377908084,443.0
719,1377908089,443.0
719,1377908094,449.0
719,1377908099,456.0
719,1377908104,460.0
719,1377908109,462.0
719,1377908114,467.0
719,1377908119,472.0
719,1377908124,471.0
719,1377908129,473.0
719,1377908134,470.0
719,1377908139,473.0
719,1377908144,470.0
719,1377908150,468.0
719,1377908154,465.0
719,1377908159,460.0
719,1377908164,454.0
719,1377908169,457.0
719,1377908174,454.0
719,1377908179,460.0
719,1377908184,462.0
719,1377908189,468.0
719,1377908194,473.0
719,1377908199,471.0
719,1377908204,471.0
719,1377908209,476.0
719,1377908214,478.0
719,1377908219,472.0
719,1377908224,467.0
719,1377908229,462.0
719,1377908234,460.0
719,1377908239,456.0
719,1377908244,457.0
719,1377908249,459.0
719,1377908254,465.0
719,1377908259,462.0
719,1377908264,472.0
719,1377908269,464.0
719,1377908274,460.0
719,1377908279,462.0
719,1377908284,465.0
719,1377908289,470.0
719,1377908294,460.0
719,1377908299,457.0
719,1377908304,457.0
719,1377908309,456.0
719,1377908314,460.0
719,1377908319,465.0
719,1377908324,470.0
719,1377908329,472.0
719,1377908334,472.0
719,1377908339,472.0
719,1377908344,467.0
719,1377908349,470.0
719,1377908354,472.0
719,1377908359,472.0
719,1377908364,465.0
719,1377908369,466.0
719,1377908374,465.0
719,1377908379,464.0
719,1377908384,464.0
719,1377908389,461.0
719,1377908394,460.0
719,1377908399,462.0
719,1377908404,461.0
719,1377908409,467.0
719,1377908414,468.0
719,1377908419,465.0
719,1377908424,457.0
719,1377908429,455.0
719,1377908434,457.0
719,1377908439,460.0
719,1377908444,462.0
719,1377908449,465.0
719,1377908454,462.0
719,1377908459,460.0
719,1377908464,460.0
719,1377908469,455.0
719,1377908474,462.0
719,1377908479,462.0
719,1377908484,460.0
719,1377908489,457.0
719,1377908494,460.0
719,1377908499,457.0
719,1377908504,462.0
719,1377908509,460.0
719,1377908514,465.0
719,1377908519,462.0
719,1377908524,457.0
719,1377908529,460.0
719,1377908534,454.0
719,1377908539,457.0
719,1377908544,460.0
719,1377908549,457.0
719,1377908554,462.0
719,1377908559,454.0
719,1377908564,452.0
719,1377908569,450.0
719,1377908574,447.0
719,1377908579,447.0
719,1377908584,451.0
719,1377908589,452.0
719,1377908594,439.0
719,1377908599,439.0
719,1377908604,439.0
719,1377908609,443.0
719,1377908614,451.0
719,1377908619,460.0
719,1377908624,465.0
719,1377908629,465.0
719,1377908634,461.0
719,1377908639,465.0
719,1377908644,457.0
719,1377908649,455.0
719,1377908654,454.0
719,1377908659,452.0
719,1377908664,447.0
719,1377908669,456.0
719,1377908674,455.0
719,1377908679,460.0
719,1377908684,460.0
719,1377908689,459.0
719,1377908694,462.0
719,1377908699,457.0
719,1377908704,451.0
719,1377908709,454.0
719,1377908714,450.0
719,1377908719,449.0
719,1377908724,452.0
719,1377908729,450.0
719,1377908734,452.0
719,1377908739,454.0
719,1377908744,456.0
719,1377908749,454.0
719,1377908754,447.0
719,1377908759,449.0
719,1377908764,452.0
719,1377908769,447.0
719,1377908778,451.0
719,1377908779,462.0
719,1377908784,462.0
719,1377908789,462.0
719,1377908794,465.0
719,1377908799,462.0
719,1377908804,462.0
719,1377908809,459.0
719,1377908814,459.0
719,1377908819,455.0
719,1377908824,456.0
719,1377908829,452.0
719,1377908834,452.0
719,1377908839,443.0
719,1377908844,452.0
719,1377908849,452.0
719,1377908854,457.0
719,1377908859,460.0
719,1377908864,455.0
719,1377908869,460.0
719,1377908874,451.0
719,1377908879,447.0
719,1377908884,446.0
719,1377908889,443.0
719,1377908895,441.0
719,1377908899,439.0
719,1377908904,448.0
719,1377908909,450.0
719,1377908914,443.0
719,1377908919,447.0
719,1377908924,443.0
719,1377908929,447.0
719,1377908934,457.0
719,1377908939,468.0
719,1377908944,472.0
719,1377908949,470.0
719,1377908954,461.0
719,1377908959,462.0
719,1377908964,455.0
719,1377908969,459.0
719,1377908974,460.0
719,1377908979,457.0
719,1377908984,457.0
719,1377908989,462.0
719,1377908994,455.0
719,1377908999,461.0
719,1377909004,467.0
719,1377909009,467.0
719,1377909014,462.0
719,1377909019,462.0
719,1377909024,455.0
719,1377909029,452.0
719,1377909034,452.0
719,1377909039,454.0
719,1377909044,452.0
719,1377909049,452.0
719,1377909054,452.0
719,1377909059,443.0
719,1377909064,448.0
719,1377909069,446.0
719,1377909074,446.0
719,1377909079,448.0
719,1377909084,452.0
719,1377909089,451.0
719,1377909094,457.0
719,1377909099,460.0
719,1377909104,462.0
719,1377909109,462.0
719,1377909114,465.0
719,1377909119,462.0
719,1377909124,457.0
719,1377909129,457.0
719,1377909134,452.0
719,1377909139,457.0
719,1377909144,455.0
719,1377909149,457.0
719,1377909154,457.0
719,1377909159,460.0
719,1377909164,456.0
719,1377909169,451.0
719,1377909174,447.0
719,1377909179,447.0
719,1377909184,454.0
719,1377909189,454.0
719,1377909194,447.0
719,1377909199,452.0
719,1377909204,443.0
719,1377909209,452.0
719,1377909214,449.0
719,1377909219,452.0
719,1377909224,454.0
719,1377909229,459.0
719,1377909234,461.0
719,1377909239,464.0
719,1377909244,460.0
719,1377909249,454.0
719,1377909254,462.0
719,1377909259,450.0
719,1377909264,454.0
719,1377909269,452.0
719,1377909274,451.0
719,1377909279,456.0
719,1377909284,462.0
719,1377909289,459.0
719,1377909294,465.0
719,1377909299,461.0
719,1377909304,460.0
719,1377909309,455.0
719,1377909314,456.0
719,1377909319,447.0
719,1377909324,443.0
719,1377909329,448.0
719,1377909334,443.0
719,1377909339,450.0
719,1377909344,454.0
719,1377909349,460.0
719,1377909354,455.0
719,1377909359,462.0
719,1377909364,455.0
719,1377909369,460.0
719,1377909374,456.0
719,1377909379,457.0
719,1377909384,452.0
719,1377909389,462.0
719,1377909394,462.0
719,1377909399,464.0
719,1377909404,465.0
719,1377909409,462.0
719,1377909414,464.0
719,1377909419,452.0
719,1377909424,454.0
719,1377909429,447.0
719,1377909434,454.0
719,1377909439,457.0
719,1377909444,465.0
719,1377909449,465.0
719,1377909454,466.0
719,1377909459,467.0
719,1377909464,462.0
719,1377909469,462.0
719,1377909474,465.0
719,1377909479,455.0
719,1377909484,461.0
719,1377909489,465.0
719,1377909494,462.0
719,1377909499,457.0
719,1377909504,460.0
719,1377909509,447.0
719,1377909514,448.0
719,1377909519,439.0
719,1377909525,443.0
719,1377909529,445.0
719,1377909534,454.0
719,1377909539,456.0
719,1377909544,457.0
719,1377909549,465.0
719,1377909554,461.0
719,1377909559,461.0
719,1377909564,460.0
719,1377909569,465.0
719,1377909574,457.0
719,1377909579,455.0
719,1377909584,460.0
719,1377909589,455.0
719,1377909594,460.0
719,1377909599,457.0
719,1377909604,454.0
719,1377909609,460.0
719,1377909614,456.0
719,1377909619,454.0
719,1377909624,452.0
719,1377909629,452.0
719,1377909634,443.0
719,1377909640,452.0
719,1377909644,447.0
719,1377909649,452.0
719,1377909654,447.0
719,1377909659,452.0
719,1377909664,451.0
719,1377909669,454.0
719,1377909674,457.0
719,1377909679,457.0
719,1377909684,460.0
719,1377909689,460.0
719,1377909694,454.0
719,1377909699,451.0
719,1377909704,451.0
719,1377909709,454.0
719,1377909714,447.0
719,1377909719,454.0
719,1377909724,454.0
719,1377909729,452.0
719,1377909734,451.0
719,1377909739,456.0
719,1377909744,454.0
719,1377909749,447.0
719,1377909754,451.0
719,1377909759,447.0
719,1377909764,454.0
719,1377909769,455.0
719,1377909774,455.0
719,1377909779,452.0
719,1377909785,450.0
719,1377909789,446.0
719,1377909794,441.0
719,1377909799,444.0
719,1377909804,443.0
719,1377909809,447.0
719,1377909814,456.0
719,1377909819,452.0
719,1377909824,452.0
719,1377909829,444.0
719,1377909834,439.0
719,1377909839,439.0
719,1377909844,448.0
719,1377909849,452.0
719,1377909854,448.0
719,1377909859,443.0
719,1377909864,450.0
719,1377909869,443.0
719,1377909874,448.0
719,1377909879,443.0
719,1377909884,450.0
719,1377909889,452.0
719,1377909894,447.0
719,1377909899,451.0
719,1377909904,462.0
719,1377909909,464.0
719,1377909914,462.0
719,1377909919,455.0
719,1377909924,451.0
719,1377909929,452.0
719,1377909934,448.0
719,1377909939,449.0
719,1377909944,449.0
719,1377909949,447.0
719,1377909954,454.0
719,1377909959,460.0
719,1377909964,455.0
719,1377909969,454.0
719,1377909974,457.0
719,1377909979,462.0
719,1377909984,455.0
719,1377909989,461.0
719,1377909994,467.0
719,1377909999,460.0
719,1377910004,455.0
719,1377910009,447.0
719,1377910014,452.0
719,1377910019,441.0
719,1377910024,443.0
719,1377910029,441.0
719,1377910034,450.0
719,1377910039,441.0
719,1377910044,448.0
719,1377910049,448.0
719,1377910054,451.0
719,1377910059,460.0
719,1377910064,461.0
719,1377910069,464.0
719,1377910074,460.0
719,1377910079,454.0
719,1377910084,452.0
719,1377910089,452.0
719,1377910094,448.0
719,1377910099,451.0
719,1377910104,447.0
719,1377910109,449.0
719,1377910114,441.0
719,1377910119,441.0
719,1377910124,439.0
719,1377910129,448.0
719,1377910134,439.0
719,1377910139,448.0
719,1377910144,446.0
719,1377910149,452.0
719,1377910154,454.0
719,1377910159,456.0
719,1377910164,457.0
719,1377910169,457.0
719,1377910174,457.0
719,1377910179,457.0
719,1377910184,452.0
719,1377910189,452.0
719,1377910194,441.0
719,1377910199,441.0
719,1377910204,438.0
719,1377910209,441.0
719,1377910214,443.0
719,1377910219,444.0
719,1377910224,447.0
719,1377910229,447.0
719,1377910234,456.0
719,1377910239,454.0
719,1377910244,462.0
719,1377910249,462.0
719,1377910254,462.0
719,1377910263,454.0
719,1377910264,455.0
719,1377910269,460.0
719,1377910274,455.0
719,1377910279,452.0
719,1377910284,447.0
719,1377910289,454.0
719,1377910294,456.0
719,1377910299,451.0
719,1377910304,443.0
719,1377910309,448.0
719,1377910314,448.0
719,1377910319,443.0
719,1377910324,447.0
719,1377910329,443.0
719,1377910334,448.0
719,1377910339,444.0
719,1377910344,438.0
719,1377910349,440.0
719,1377910354,438.0
719,1377910359,439.0
719,1377910364,440.0
719,1377910369,441.0
719,1377910374,439.0
719,1377910380,454.0
719,1377910384,446.0
719,1377910389,441.0
719,1377910394,440.0
719,1377910399,448.0
719,1377910404,439.0
719,1377910409,446.0
719,1377910414,444.0
719,1377910419,446.0
719,1377910424,443.0
719,1377910429,452.0
719,1377910434,447.0
719,1377910439,454.0
719,1377910444,456.0
719,1377910449,450.0
719,1377910454,448.0
719,1377910459,439.0
719,1377910464,439.0
719,1377910469,441.0
719,1377910474,443.0
719,1377910479,448.0
719,1377910484,449.0
719,1377910489,452.0
719,1377910494,462.0
719,1377910499,447.0
719,1377910504,454.0
719,1377910509,451.0
719,1377910514,460.0
719,1377910519,462.0
719,1377910524,473.0
719,1377910529,470.0
719,1377910534,467.0
719,1377910539,460.0
719,1377910544,447.0
719,1377910549,443.0
719,1377910554,448.0
719,1377910559,454.0
719,1377910564,454.0
719,1377910569,456.0
719,1377910574,456.0
719,1377910579,447.0
719,1377910584,449.0
719,1377910589,452.0
719,1377910594,449.0
719,1377910599,457.0
719,1377910604,460.0
719,1377910609,465.0
719,1377910614,462.0
719,1377910619,457.0
719,1377910624,447.0
719,1377910629,454.0
719,1377910634,452.0
719,1377910639,447.0
719,1377910644,447.0
719,1377910649,462.0
719,1377910654,456.0
719,1377910659,451.0
719,1377910664,454.0
719,1377910669,455.0
719,1377910674,461.0
719,1377910679,462.0
719,1377910684,456.0
719,1377910689,452.0
719,1377910694,443.0
719,1377910699,447.0
719,1377910704,451.0
719,1377910709,447.0
719,1377910714,443.0
719,1377910719,447.0
719,1377910724,452.0
719,1377910729,448.0
719,1377910734,448.0
719,1377910739,441.0
719,1377910744,448.0
719,1377910749,452.0
719,1377910754,452.0
719,1377910759,447.0
719,1377910764,452.0
719,1377910769,443.0
719,1377910774,443.0
719,1377910779,450.0
719,1377910784,441.0
719,1377910789,446.0
719,1377910794,452.0
719,1377910799,456.0
719,1377910804,456.0
719,1377910809,451.0
719,1377910814,452.0
719,1377910819,447.0
719,1377910824,451.0
719,1377910829,454.0
719,1377910834,452.0
719,1377910839,454.0
719,1377910844,444.0
719,1377910849,439.0
719,1377910854,446.0
719,1377910859,448.0
719,1377910864,441.0
719,1377910869,439.0
719,1377910874,448.0
719,1377910879,443.0
719,1377910884,448.0
719,1377910889,439.0
719,1377910894,439.0
719,1377910899,448.0
719,1377910904,446.0
719,1377910909,452.0
719,1377910914,452.0
719,1377910919,454.0
719,1377910924,454.0
719,1377910929,446.0
719,1377910934,443.0
719,1377910939,438.0
719,1377910944,444.0
719,1377910949,438.0
719,1377910954,435.0
719,1377910959,436.0
719,1377910964,435.0
719,1377910969,446.0
719,1377910974,448.0
719,1377910980,456.0
719,1377910985,457.0
719,1377910989,451.0
719,1377910994,454.0
719,1377910999,456.0
719,1377911004,447.0
719,1377911009,456.0
719,1377911014,454.0
719,1377911019,452.0
719,1377911024,443.0
719,1377911029,441.0
719,1377911034,438.0
719,1377911039,439.0
719,1377911044,444.0
719,1377911049,446.0
719,1377911054,443.0
719,1377911059,444.0
719,1377911064,450.0
719,1377911069,444.0
719,1377911074,441.0
719,1377911079,444.0
719,1377911084,441.0
719,1377911089,448.0
719,1377911094,448.0
719,1377911099,441.0
719,1377911104,446.0
719,1377911109,454.0
719,1377911114,443.0
719,1377911119,439.0
719,1377911124,443.0
719,1377911129,446.0
719,1377911134,443.0
719,1377911139,445.0
719,1377911144,448.0
719,1377911149,443.0
719,1377911154,439.0
719,1377911159,441.0
719,1377911164,446.0
719,1377911169,452.0
719,1377911174,454.0
719,1377911179,448.0
719,1377911184,444.0
719,1377911189,439.0
719,1377911194,446.0
719,1377911199,448.0
719,1377911204,448.0
719,1377911209,439.0
719,1377911214,454.0
719,1377911219,448.0
719,1377911224,439.0
719,1377911229,448.0
719,1377911234,450.0
719,1377911239,448.0
719,1377911244,443.0
719,1377911249,450.0
719,1377911254,443.0
719,1377911259,448.0
719,1377911264,443.0
719,1377911269,443.0
719,1377911274,450.0
719,1377911279,443.0
719,1377911284,448.0
719,1377911289,443.0
719,1377911294,448.0
719,1377911299,443.0
719,1377911304,448.0
719,1377911309,452.0
719,1377911314,447.0
719,1377911319,451.0
719,1377911324,448.0
719,1377911329,443.0
719,1377911334,438.0
719,1377911339,441.0
719,1377911344,439.0
719,1377911349,439.0
719,1377911354,443.0
719,1377911359,443.0
719,1377911364,444.0
719,1377911369,454.0
719,1377911374,443.0
719,1377911379,443.0
719,1377911384,446.0
719,1377911389,441.0
719,1377911394,438.0
719,1377911399,440.0
719,1377911404,444.0
719,1377911409,454.0
719,1377911414,443.0
719,1377911419,448.0
719,1377911424,441.0
719,1377911429,439.0
719,1377911434,439.0
719,1377911439,448.0
719,1377911444,448.0
719,1377911449,447.0
719,1377911454,452.0
719,1377911459,448.0
719,1377911464,448.0
719,1377911469,447.0
719,1377911474,456.0
719,1377911479,459.0
719,1377911484,459.0
719,1377911489,460.0
719,1377911494,459.0
719,1377911499,464.0
719,1377911504,457.0
719,1377911509,447.0
719,1377911514,450.0
719,1377911519,444.0
719,1377911524,454.0
719,1377911529,448.0
719,1377911534,454.0
719,1377911539,451.0
719,1377911544,447.0
719,1377911549,443.0
719,1377911554,450.0
719,1377911559,443.0
719,1377911564,443.0
719,1377911569,444.0
719,1377911574,448.0
719,1377911579,446.0
719,1377911584,443.0
719,1377911589,441.0
719,1377911594,443.0
719,1377911599,439.0
719,1377911604,443.0
719,1377911609,454.0
719,1377911614,443.0
719,1377911619,441.0
719,1377911624,436.0
719,1377911629,433.0
719,1377911634,428.0
719,1377911639,428.0
719,1377911644,431.0
719,1377911649,441.0
719,1377911654,444.0
719,1377911659,448.0
719,1377911664,451.0
719,1377911669,452.0
719,1377911674,452.0
719,1377911679,439.0
719,1377911684,446.0
719,1377911689,441.0
719,1377911694,441.0
719,1377911699,439.0
719,1377911704,439.0
719,1377911709,443.0
719,1377911714,441.0
719,1377911719,441.0
719,1377911724,439.0
719,1377911729,440.0
719,1377911734,439.0
719,1377911741,438.0
719,1377911744,443.0
719,1377911749,450.0
719,1377911754,454.0
719,1377911759,450.0
719,1377911764,447.0
719,1377911769,441.0
719,1377911774,443.0
719,1377911779,440.0
719,1377911784,440.0
719,1377911789,439.0
719,1377911794,448.0
719,1377911799,448.0
719,1377911804,454.0
719,1377911809,452.0
719,1377911814,443.0
719,1377911819,448.0
719,1377911824,439.0
719,1377911829,439.0
719,1377911834,446.0
719,1377911839,444.0
719,1377911844,441.0
719,1377911849,444.0
719,1377911854,448.0
719,1377911859,456.0
719,1377911864,460.0
719,1377911869,457.0
719,1377911874,452.0
719,1377911879,450.0
719,1377911884,441.0
719,1377911889,450.0
719,1377911894,446.0
719,1377911899,443.0
719,1377911904,439.0
719,1377911909,439.0
719,1377911914,450.0
719,1377911919,444.0
719,1377911924,443.0
719,1377911929,448.0
719,1377911934,447.0
719,1377911939,448.0
719,1377911944,448.0
719,1377911949,448.0
719,1377911954,446.0
719,1377911959,444.0
719,1377911964,440.0
719,1377911969,444.0
719,1377911974,443.0
719,1377911979,441.0
719,1377911984,443.0
719,1377911989,452.0
719,1377911994,456.0
719,1377911999,454.0
719,1377912004,462.0
719,1377912009,445.0
719,1377912014,447.0
719,1377912019,443.0
719,1377912024,439.0
719,1377912030,448.0
719,1377912034,448.0
719,1377912039,448.0
719,1377912044,452.0
719,1377912049,443.0
719,1377912054,439.0
719,1377912059,438.0
719,1377912064,435.0
719,1377912069,433.0
719,1377912074,433.0
719,1377912079,438.0
719,1377912084,448.0
719,1377912089,443.0
719,1377912094,451.0
719,1377912099,448.0
719,1377912104,444.0
719,1377912109,444.0
719,1377912114,440.0
719,1377912119,448.0
719,1377912124,441.0
719,1377912129,443.0
719,1377912134,438.0
719,1377912139,439.0
719,1377912144,433.0
719,1377912149,440.0
719,1377912154,430.0
719,1377912159,435.0
719,1377912164,435.0
719,1377912169,430.0
719,1377912174,435.0
719,1377912179,429.0
719,1377912184,436.0
719,1377912189,444.0
719,1377912194,446.0
719,1377912199,441.0
719,1377912204,444.0
719,1377912209,443.0
719,1377912214,439.0
719,1377912219,440.0
719,1377912224,429.0
719,1377912229,430.0
719,1377912234,428.0
719,1377912239,433.0
719,1377912244,440.0
719,1377912249,439.0
719,1377912254,447.0
719,1377912259,446.0
719,1377912264,452.0
719,1377912269,452.0
719,1377912274,451.0
719,1377912279,447.0
719,1377912284,454.0
719,1377912289,439.0
719,1377912294,441.0
719,1377912299,440.0
719,1377912304,440.0
719,1377912309,450.0
719,1377912314,448.0
719,1377912319,450.0
719,1377912324,443.0
719,1377912329,452.0
719,1377912334,452.0
719,1377912339,451.0
719,1377912344,443.0
719,1377912349,448.0
719,1377912354,443.0
719,1377912359,450.0
719,1377912364,444.0
719,1377912369,444.0
719,1377912374,444.0
719,1377912379,444.0
719,1377912384,439.0
719,1377912389,441.0
719,1377912394,433.0
719,1377912399,440.0
719,1377912404,438.0
719,1377912409,436.0
719,1377912414,440.0
719,1377912419,438.0
719,1377912424,438.0
719,1377912429,440.0
719,1377912434,435.0
719,1377912439,440.0
719,1377912444,440.0
719,1377912449,439.0
719,1377912454,441.0
719,1377912459,444.0
719,1377912464,441.0
719,1377912469,439.0
719,1377912474,440.0
719,1377912482,436.0
719,1377912484,433.0
719,1377912489,433.0
719,1377912494,435.0
719,1377912499,435.0
719,1377912504,443.0
719,1377912509,439.0
719,1377912514,452.0
719,1377912519,443.0
719,1377912524,448.0
719,1377912529,439.0
719,1377912534,449.0
719,1377912539,441.0
719,1377912544,443.0
719,1377912549,444.0
719,1377912554,439.0
719,1377912559,435.0
719,1377912564,429.0
719,1377912569,433.0
719,1377912574,434.0
719,1377912579,430.0
719,1377912584,438.0
719,1377912589,440.0
719,1377912594,443.0
719,1377912599,448.0
719,1377912604,446.0
719,1377912609,446.0
719,1377912614,444.0
719,1377912619,448.0
719,1377912624,444.0
719,1377912629,448.0
719,1377912634,446.0
719,1377912639,448.0
719,1377912644,444.0
719,1377912649,439.0
719,1377912654,439.0
719,1377912659,452.0
719,1377912664,441.0
719,1377912669,435.0
719,1377912674,440.0
719,1377912679,440.0
719,1377912684,441.0
719,1377912689,441.0
719,1377912694,439.0
719,1377912699,446.0
719,1377912704,448.0
719,1377912709,439.0
719,1377912714,444.0
719,1377912719,446.0
719,1377912724,439.0
719,1377912729,441.0
719,1377912734,435.0
719,1377912739,439.0
719,1377912744,441.0
719,1377912749,440.0
719,1377912754,441.0
719,1377912759,440.0
719,1377912764,443.0
719,1377912769,439.0
719,1377912774,439.0
719,1377912779,439.0
719,1377912784,443.0
719,1377912789,444.0
719,1377912794,441.0
719,1377912799,441.0
719,1377912804,440.0
719,1377912809,440.0
719,1377912814,438.0
719,1377912819,440.0
719,1377912824,440.0
719,1377912829,435.0
719,1377912834,438.0
719,1377912839,438.0
719,1377912844,438.0
719,1377912849,444.0
719,1377912854,443.0
719,1377912859,439.0
719,1377912864,439.0
719,1377912869,454.0
719,1377912874,444.0
719,1377912879,441.0
719,1377912884,441.0
719,1377912889,448.0
719,1377912894,450.0
719,1377912899,448.0
719,1377912904,444.0
719,1377912909,446.0
719,1377912914,444.0
719,1377912919,448.0
719,1377912925,443.0
719,1377912929,452.0
719,1377912934,443.0
719,1377912939,448.0
719,1377912944,443.0
719,1377912949,444.0
719,1377912954,444.0
719,1377912959,438.0
719,1377912964,441.0
719,1377912969,434.0
719,1377912974,438.0
719,1377912979,435.0
719,1377912984,435.0
719,1377912989,446.0
719,1377912994,441.0
719,1377912999,435.0
719,1377913004,441.0
719,1377913009,440.0
719,1377913014,440.0
719,1377913019,439.0
719,1377913024,446.0
719,1377913029,439.0
719,1377913034,441.0
719,1377913039,431.0
719,1377913044,436.0
719,1377913049,438.0
719,1377913054,450.0
719,1377913059,446.0
719,1377913064,448.0
719,1377913069,444.0
719,1377913074,446.0
719,1377913079,446.0
719,1377913084,443.0
719,1377913089,444.0
719,1377913094,441.0
719,1377913099,439.0
719,1377913104,446.0
719,1377913109,439.0
719,1377913114,441.0
719,1377913119,443.0
719,1377913124,439.0
719,1377913129,444.0
719,1377913134,446.0
719,1377913139,441.0
719,1377913144,440.0
719,1377913149,435.0
719,1377913154,429.0
719,1377913159,433.0
719,1377913164,428.0
719,1377913169,423.0
719,1377913174,428.0
719,1377913179,436.0
719,1377913184,438.0
719,1377913194,438.0
719,1377913199,439.0
719,1377913204,444.0
719,1377913209,444.0
719,1377913214,439.0
719,1377913219,434.0
719,1377913224,438.0
719,1377913229,435.0
719,1377913234,440.0
719,1377913239,446.0
719,1377913244,441.0
719,1377913249,439.0
719,1377913254,440.0
719,1377913259,440.0
719,1377913264,439.0
719,1377913269,447.0
719,1377913274,454.0
719,1377913279,457.0
719,1377913284,457.0
719,1377913289,454.0
719,1377913294,443.0
719,1377913299,444.0
719,1377913304,439.0
719,1377913309,440.0
719,1377913314,435.0
719,1377913319,436.0
719,1377913324,435.0
719,1377913329,435.0
719,1377913334,429.0
719,1377913339,423.0
719,1377913344,430.0
719,1377913349,430.0
719,1377913354,432.0
719,1377913359,428.0
719,1377913364,433.0
719,1377913369,435.0
719,1377913374,428.0
719,1377913379,436.0
719,1377913384,435.0
719,1377913389,440.0
719,1377913394,438.0
719,1377913399,440.0
719,1377913404,436.0
719,1377913409,429.0
719,1377913414,428.0
719,1377913419,425.0
719,1377913424,424.0
719,1377913429,415.0
719,1377913434,423.0
719,1377913439,425.0
719,1377913444,422.0
719,1377913449,422.0
719,1377913454,424.0
719,1377913459,422.0
719,1377913464,425.0
719,1377913469,433.0
719,1377913474,432.0
719,1377913479,438.0
719,1377913484,439.0
719,1377913489,438.0
719,1377913494,436.0
719,1377913499,429.0
719,1377913504,430.0
719,1377913509,433.0
719,1377913514,430.0
719,1377913519,436.0
719,1377913525,438.0
719,1377913529,435.0
719,1377913534,433.0
719,1377913539,430.0
719,1377913544,432.0
719,1377913549,433.0
719,1377913554,430.0
719,1377913559,425.0
719,1377913564,425.0
719,1377913569,425.0
719,1377913574,432.0
719,1377913579,430.0
719,1377913584,440.0
719,1377913589,436.0
719,1377913594,435.0
719,1377913599,433.0
719,1377913604,430.0
719,1377913609,430.0
719,1377913614,433.0
719,1377913619,440.0
719,1377913624,443.0
719,1377913629,447.0
719,1377913634,439.0
719,1377913639,450.0
719,1377913644,436.0
719,1377913649,434.0
719,1377913654,430.0
719,1377913659,435.0
719,1377913664,444.0
719,1377913669,441.0
719,1377913674,444.0
719,1377913679,441.0
719,1377913684,430.0
719,1377913689,436.0
719,1377913694,433.0
719,1377913699,430.0
719,1377913704,433.0
719,1377913709,433.0
719,1377913714,427.0
719,1377913719,428.0
719,1377913724,433.0
719,1377913729,431.0
719,1377913734,429.0
719,1377913739,428.0
719,1377913744,430.0
719,1377913749,423.0
719,1377913754,438.0
719,1377913759,430.0
719,1377913764,428.0
719,1377913769,423.0
719,1377913774,425.0
719,1377913779,425.0
719,1377913784,429.0
719,1377913789,434.0
719,1377913794,430.0
719,1377913799,440.0
719,1377913804,436.0
719,1377913809,435.0
719,1377913814,430.0
719,1377913819,438.0
719,1377913824,433.0
719,1377913829,438.0
719,1377913834,440.0
719,1377913839,438.0
719,1377913844,428.0
719,1377913849,430.0
719,1377913854,433.0
719,1377913859,430.0
719,1377913864,435.0
719,1377913869,433.0
719,1377913874,429.0
719,1377913879,431.0
719,1377913884,430.0
719,1377913889,433.0
719,1377913894,436.0
719,1377913899,438.0
719,1377913904,431.0
719,1377913909,436.0
719,1377913916,428.0
719,1377913919,427.0
719,1377913924,428.0
719,1377913929,430.0
719,1377913934,423.0
719,1377913939,427.0
719,1377913944,432.0
719,1377913949,432.0
719,1377913954,432.0
719,1377913959,429.0
719,1377913964,433.0
719,1377913969,430.0
719,1377913974,428.0
719,1377913979,425.0
719,1377913984,430.0
719,1377913989,431.0
719,1377913994,438.0
719,1377913999,440.0
719,1377914004,440.0
719,1377914009,431.0
719,1377914014,446.0
719,1377914019,434.0
719,1377914024,430.0
719,1377914029,430.0
719,1377914034,433.0
719,1377914039,425.0
719,1377914044,425.0
719,1377914049,425.0
719,1377914054,422.0
719,1377914059,425.0
719,1377914064,423.0
719,1377914069,433.0
719,1377914074,431.0
719,1377914079,438.0
719,1377914084,433.0
719,1377914089,433.0
719,1377914094,428.0
719,1377914099,430.0
719,1377914104,430.0
719,1377914109,435.0
719,1377914114,438.0
719,1377914119,431.0
719,1377914124,428.0
719,1377914129,425.0
719,1377914134,422.0
719,1377914139,428.0
719,1377914144,425.0
719,1377914149,424.0
719,1377914154,413.0
719,1377914159,419.0
719,1377914164,425.0
719,1377914169,433.0
719,1377914174,444.0
719,1377914179,443.0
719,1377914184,441.0
719,1377914189,441.0
719,1377914194,438.0
719,1377914199,440.0
719,1377914204,431.0
719,1377914209,429.0
719,1377914214,423.0
719,1377914219,418.0
719,1377914224,416.0
719,1377914229,422.0
719,1377914234,424.0
719,1377914239,425.0
719,1377914244,425.0
719,1377914249,432.0
719,1377914254,438.0
719,1377914259,430.0
719,1377914264,430.0
719,1377914269,430.0
719,1377914274,429.0
719,1377914279,433.0
719,1377914284,433.0
719,1377914289,428.0
719,1377914294,423.0
719,1377914299,422.0
719,1377914304,425.0
719,1377914309,422.0
719,1377914314,419.0
719,1377914319,424.0
719,1377914324,425.0
719,1377914329,425.0
719,1377914334,433.0
719,1377914339,436.0
719,1377914344,435.0
719,1377914349,441.0
719,1377914354,444.0
719,1377914359,439.0
719,1377914364,431.0
719,1377914369,436.0
719,1377914374,433.0
719,1377914379,433.0
719,1377914384,430.0
719,1377914389,430.0
719,1377914394,438.0
719,1377914399,441.0
719,1377914404,444.0
719,1377914409,450.0
719,1377914414,435.0
719,1377914419,434.0
719,1377914424,433.0
719,1377914429,432.0
719,1377914434,430.0
719,1377914439,427.0
719,1377914444,429.0
719,1377914449,433.0
719,1377914454,429.0
719,1377914459,433.0
719,1377914464,432.0
719,1377914469,433.0
719,1377914474,428.0
719,1377914479,428.0
719,1377914484,430.0
719,1377914489,432.0
719,1377914494,429.0
719,1377914499,434.0
719,1377914504,433.0
719,1377914509,433.0
719,1377914514,435.0
719,1377914519,430.0
719,1377914524,438.0
719,1377914529,433.0
719,1377914534,435.0
719,1377914539,438.0
719,1377914544,433.0
719,1377914549,433.0
719,1377914554,428.0
719,1377914559,428.0
719,1377914564,427.0
719,1377914569,430.0
719,1377914574,430.0
719,1377914579,428.0
719,1377914584,424.0
719,1377914589,420.0
719,1377914594,422.0
719,1377914599,430.0
719,1377914604,429.0
719,1377914609,429.0
719,1377914614,427.0
719,1377914619,429.0
719,1377914624,430.0
719,1377914629,435.0
719,1377914634,428.0
719,1377914639,428.0
719,1377914644,422.0
719,1377914649,424.0
719,1377914654,428.0
719,1377914659,432.0
719,1377914664,430.0
719,1377914669,439.0
719,1377914674,433.0
719,1377914679,433.0
719,1377914684,434.0
719,1377914689,430.0
719,1377914694,433.0
719,1377914699,432.0
719,1377914707,432.0
719,1377914709,438.0
719,1377914714,438.0
719,1377914719,435.0
719,1377914724,434.0
719,1377914729,430.0
719,1377914734,423.0
719,1377914739,428.0
719,1377914744,424.0
719,1377914749,425.0
719,1377914754,423.0
719,1377914759,429.0
719,1377914764,435.0
719,1377914769,436.0
719,1377914774,438.0
719,1377914779,435.0
719,1377914784,440.0
719,1377914789,429.0
719,1377914794,434.0
719,1377914799,428.0
719,1377914804,424.0
719,1377914809,415.0
719,1377914814,422.0
719,1377914819,413.0
719,1377914824,413.0
719,1377914829,413.0
719,1377914834,411.0
719,1377914839,413.0
719,1377914844,425.0
719,1377914849,427.0
719,1377914854,433.0
719,1377914859,433.0
719,1377914864,446.0
719,1377914869,439.0
719,1377914874,444.0
719,1377914879,438.0
719,1377914884,438.0
719,1377914889,430.0
719,1377914894,425.0
719,1377914899,425.0
719,1377914904,419.0
719,1377914909,428.0
719,1377914914,429.0
719,1377914919,440.0
719,1377914924,430.0
719,1377914929,434.0
719,1377914934,430.0
719,1377914939,424.0
719,1377914944,422.0
719,1377914949,424.0
719,1377914954,428.0
719,1377914959,432.0
719,1377914964,432.0
719,1377914969,432.0
719,1377914974,428.0
719,1377914979,423.0
719,1377914984,432.0
719,1377914989,429.0
719,1377914994,430.0
719,1377914999,430.0
719,1377915004,423.0
719,1377915009,429.0
719,1377915014,430.0
719,1377915019,429.0
719,1377915024,438.0
719,1377915029,433.0
719,1377915034,429.0
719,1377915039,419.0
719,1377915044,423.0
719,1377915049,419.0
719,1377915054,422.0
719,1377915059,422.0
719,1377915064,422.0
719,1377915069,423.0
719,1377915074,430.0
719,1377915079,428.0
719,1377915084,423.0
719,1377915089,422.0
719,1377915094,423.0
719,1377915099,425.0
719,1377915104,428.0
719,1377915109,430.0
719,1377915114,432.0
719,1377915119,428.0
719,1377915124,424.0
719,1377915129,427.0
719,1377915134,428.0
719,1377915139,433.0
719,1377915144,425.0
719,1377915149,423.0
719,1377915154,424.0
719,1377915159,420.0
719,1377915164,430.0
719,1377915169,423.0
719,1377915174,428.0
719,1377915179,423.0
719,1377915184,428.0
719,1377915189,423.0
719,1377915194,419.0
719,1377915199,422.0
719,1377915204,420.0
719,1377915209,415.0
719,1377915214,417.0
719,1377915219,424.0
719,1377915224,428.0
719,1377915229,432.0
719,1377915234,433.0
719,1377915239,438.0
719,1377915244,433.0
719,1377915249,429.0
719,1377915254,428.0
719,1377915259,424.0
719,1377915264,422.0
719,1377915269,430.0
719,1377915274,430.0
719,1377915279,435.0
719,1377915284,433.0
719,1377915289,433.0
719,1377915294,433.0
719,1377915299,423.0
719,1377915304,425.0
719,1377915309,428.0
719,1377915314,430.0
719,1377915319,433.0
719,1377915324,432.0
719,1377915329,428.0
719,1377915334,425.0
719,1377915339,427.0
719,1377915344,430.0
719,1377915349,433.0
719,1377915354,433.0
719,1377915359,432.0
719,1377915364,425.0
719,1377915369,419.0
719,1377915374,424.0
719,1377915379,430.0
719,1377915384,430.0
719,1377915389,436.0
719,1377915394,438.0
719,1377915399,440.0
719,1377915404,436.0
719,1377915409,440.0
719,1377915414,438.0
719,1377915419,438.0
719,1377915426,435.0
719,1377915429,441.0
719,1377915434,441.0
719,1377915439,435.0
719,1377915444,433.0
719,1377915449,428.0
719,1377915454,424.0
719,1377915459,425.0
719,1377915464,423.0
719,1377915469,419.0
719,1377915474,422.0
719,1377915479,419.0
719,1377915484,413.0
719,1377915489,411.0
719,1377915494,418.0
719,1377915499,412.0
719,1377915504,412.0
719,1377915509,407.0
719,1377915514,407.0
719,1377915519,413.0
719,1377915524,413.0
719,1377915529,419.0
719,1377915534,422.0
719,1377915539,422.0
719,1377915544,425.0
719,1377915549,425.0
719,1377915554,425.0
719,1377915559,427.0
719,1377915564,430.0
719,1377915569,423.0
719,1377915574,432.0
719,1377915579,432.0
719,1377915584,429.0
719,1377915589,428.0
719,1377915594,428.0
719,1377915599,430.0
719,1377915604,430.0
719,1377915609,429.0
719,1377915614,430.0
719,1377915619,428.0
719,1377915624,425.0
719,1377915629,423.0
719,1377915634,424.0
719,1377915639,425.0
719,1377915644,422.0
719,1377915649,428.0
719,1377915654,425.0
719,1377915659,428.0
719,1377915664,425.0
719,1377915669,428.0
719,1377915674,428.0
719,1377915679,432.0
719,1377915684,430.0
719,1377915689,436.0
719,1377915694,431.0
719,1377915699,428.0
719,1377915704,428.0
719,1377915709,425.0
719,1377915714,428.0
719,1377915719,434.0
719,1377915724,438.0
719,1377915729,429.0
719,1377915734,429.0
719,1377915739,428.0
719,1377915744,428.0
719,1377915749,425.0
719,1377915754,423.0
719,1377915759,415.0
719,1377915764,419.0
719,1377915769,420.0
719,1377915774,419.0
719,1377915780,425.0
719,1377915784,425.0
719,1377915789,433.0
719,1377915794,433.0
719,1377915799,438.0
719,1377915804,430.0
719,1377915809,433.0
719,1377915814,427.0
719,1377915819,432.0
719,1377915824,429.0
719,1377915829,433.0
719,1377915834,433.0
719,1377915839,430.0
719,1377915844,424.0
719,1377915849,423.0
719,1377915854,424.0
719,1377915859,425.0
719,1377915864,423.0
719,1377915869,423.0
719,1377915874,422.0
719,1377915879,424.0
719,1377915884,420.0
719,1377915889,419.0
719,1377915894,430.0
719,1377915899,425.0
719,1377915904,422.0
719,1377915909,430.0
719,1377915914,418.0
719,1377915919,419.0
719,1377915924,418.0
719,1377915929,418.0
719,1377915934,424.0
719,1377915939,423.0
719,1377915944,424.0
719,1377915949,424.0
719,1377915954,420.0
719,1377915959,419.0
719,1377915964,419.0
719,1377915969,423.0
719,1377915974,428.0
719,1377915979,427.0
719,1377915984,428.0
719,1377915989,428.0
719,1377915994,423.0
719,1377915999,423.0
719,1377916004,430.0
719,1377916009,431.0
719,1377916014,440.0
719,1377916019,430.0
719,1377916024,433.0
719,1377916029,425.0
719,1377916034,428.0
719,1377916039,415.0
719,1377916044,415.0
719,1377916049,424.0
719,1377916054,430.0
719,1377916059,428.0
719,1377916064,433.0
719,1377916069,428.0
719,1377916074,430.0
719,1377916079,425.0
719,1377916084,420.0
719,1377916089,418.0
719,1377916094,407.0
719,1377916099,418.0
719,1377916104,419.0
719,1377916109,419.0
719,1377916116,425.0
719,1377916119,427.0
719,1377916124,430.0
719,1377916129,430.0
719,1377916134,430.0
719,1377916139,425.0
719,1377916144,424.0
719,1377916149,423.0
719,1377916154,425.0
719,1377916159,430.0
719,1377916164,430.0
719,1377916169,430.0
719,1377916174,422.0
719,1377916179,419.0
719,1377916184,424.0
719,1377916189,424.0
719,1377916194,425.0
719,1377916199,425.0
719,1377916204,429.0
719,1377916209,432.0
719,1377916214,425.0
719,1377916219,419.0
719,1377916224,424.0
719,1377916229,425.0
719,1377916234,430.0
719,1377916239,434.0
719,1377916244,433.0
719,1377916249,428.0
719,1377916254,428.0
719,1377916259,415.0
719,1377916264,418.0
719,1377916269,407.0
719,1377916274,407.0
719,1377916279,418.0
719,1377916284,417.0
719,1377916289,413.0
719,1377916294,418.0
719,1377916299,417.0
719,1377916304,411.0
719,1377916309,424.0
719,1377916314,428.0
719,1377916319,428.0
719,1377916324,433.0
719,1377916329,430.0
719,1377916334,427.0
719,1377916339,430.0
719,1377916344,415.0
719,1377916349,413.0
719,1377916354,413.0
719,1377916359,418.0
719,1377916364,425.0
719,1377916369,430.0
719,1377916375,424.0
719,1377916379,424.0
719,1377916384,417.0
719,1377916389,418.0
719,1377916394,420.0
719,1377916399,411.0
719,1377916404,418.0
719,1377916409,417.0
719,1377916414,419.0
719,1377916419,422.0
719,1377916424,413.0
719,1377916429,419.0
719,1377916434,420.0
719,1377916439,415.0
719,1377916444,411.0
719,1377916449,422.0
719,1377916454,419.0
719,1377916459,422.0
719,1377916464,419.0
719,1377916469,423.0
719,1377916474,419.0
719,1377916479,420.0
719,1377916484,419.0
719,1377916489,422.0
719,1377916494,423.0
719,1377916499,434.0
719,1377916504,433.0
719,1377916509,423.0
719,1377916514,425.0
719,1377916519,413.0
719,1377916524,419.0
719,1377916529,411.0
719,1377916534,411.0
719,1377916539,407.0
719,1377916544,411.0
719,1377916549,419.0
719,1377916554,417.0
719,1377916559,424.0
719,1377916564,419.0
719,1377916569,419.0
719,1377916574,424.0
719,1377916579,430.0
719,1377916584,429.0
719,1377916589,430.0
719,1377916594,430.0
719,1377916599,430.0
719,1377916604,433.0
719,1377916609,429.0
719,1377916614,428.0
719,1377916619,428.0
719,1377916624,423.0
719,1377916629,425.0
719,1377916634,419.0
719,1377916639,425.0
719,1377916644,424.0
719,1377916649,419.0
719,1377916654,424.0
719,1377916659,419.0
719,1377916664,424.0
719,1377916669,423.0
719,1377916674,430.0
719,1377916679,424.0
719,1377916684,422.0
719,1377916689,419.0
719,1377916694,422.0
719,1377916699,424.0
719,1377916704,423.0
719,1377916709,422.0
719,1377916714,422.0
719,1377916719,419.0
719,1377916724,415.0
719,1377916729,420.0
719,1377916734,424.0
719,1377916739,424.0
719,1377916744,425.0
719,1377916749,426.0
719,1377916754,423.0
719,1377916759,430.0
719,1377916764,424.0
719,1377916769,413.0
719,1377916774,413.0
719,1377916779,420.0
719,1377916784,422.0
719,1377916789,424.0
719,1377916794,427.0
719,1377916799,425.0
719,1377916804,425.0
719,1377916809,419.0
719,1377916814,418.0
719,1377916819,418.0
719,1377916825,411.0
719,1377916829,415.0
719,1377916834,425.0
719,1377916839,430.0
719,1377916844,427.0
719,1377916854,419.0
719,1377916859,420.0
719,1377916864,424.0
719,1377916869,424.0
719,1377916874,422.0
719,1377916879,415.0
719,1377916884,422.0
719,1377916889,422.0
719,1377916894,418.0
719,1377916899,419.0
719,1377916904,423.0
719,1377916909,425.0
719,1377916914,423.0
719,1377916919,429.0
719,1377916924,423.0
719,1377916929,430.0
719,1377916934,427.0
719,1377916939,433.0
719,1377916944,427.0
719,1377916949,428.0
719,1377916954,422.0
719,1377916959,419.0
719,1377916964,419.0
719,1377916969,413.0
719,1377916974,419.0
719,1377916979,417.0
719,1377916984,416.0
719,1377916989,412.0
719,1377916994,409.0
719,1377916999,412.0
719,1377917004,416.0
719,1377917009,417.0
719,1377917014,417.0
719,1377917019,411.0
719,1377917024,419.0
719,1377917029,419.0
719,1377917034,422.0
719,1377917039,422.0
719,1377917044,422.0
719,1377917049,422.0
719,1377917054,432.0
719,1377917059,433.0
719,1377917064,429.0
719,1377917069,430.0
719,1377917074,433.0
719,1377917079,428.0
719,1377917084,427.0
719,1377917089,428.0
719,1377917094,424.0
719,1377917099,417.0
719,1377917104,424.0
719,1377917109,428.0
719,1377917114,427.0
719,1377917119,427.0
719,1377917124,422.0
719,1377917129,425.0
719,1377917134,430.0
719,1377917139,427.0
719,1377917144,423.0
719,1377917149,425.0
719,1377917154,422.0
719,1377917159,419.0
719,1377917164,422.0
719,1377917169,428.0
719,1377917174,419.0
719,1377917179,428.0
719,1377917184,422.0
719,1377917189,425.0
719,1377917194,425.0
719,1377917199,428.0
719,1377917204,425.0
719,1377917209,423.0
719,1377917214,422.0
719,1377917219,424.0
719,1377917224,415.0
719,1377917229,416.0
719,1377917234,416.0
719,1377917239,418.0
719,1377917244,415.0
719,1377917249,417.0
719,1377917254,415.0
719,1377917259,412.0
719,1377917264,412.0
719,1377917269,403.0
719,1377917274,418.0
719,1377917279,407.0
719,1377917284,418.0
719,1377917289,424.0
719,1377917294,423.0
719,1377917299,422.0
719,1377917304,428.0
719,1377917309,419.0
719,1377917314,413.0
719,1377917319,419.0
719,1377917324,425.0
719,1377917329,433.0
719,1377917334,429.0
719,1377917339,423.0
719,1377917344,422.0
719,1377917349,411.0
719,1377917354,418.0
719,1377917359,411.0
719,1377917364,415.0
719,1377917369,425.0
719,1377917374,425.0
719,1377917379,423.0
719,1377917384,422.0
719,1377917389,422.0
719,1377917394,423.0
719,1377917399,425.0
719,1377917404,433.0
719,1377917409,433.0
719,1377917414,432.0
719,1377917419,434.0
719,1377917424,430.0
719,1377917429,433.0
719,1377917434,428.0
719,1377917439,425.0
719,1377917444,422.0
719,1377917449,419.0
719,1377917454,423.0
719,1377917459,433.0
719,1377917464,435.0
719,1377917469,429.0
719,1377917474,430.0
719,1377917479,427.0
719,1377917484,427.0
719,1377917489,428.0
719,1377917494,425.0
719,1377917499,422.0
719,1377917504,423.0
719,1377917509,430.0
719,1377917514,423.0
719,1377917519,427.0
719,1377917524,427.0
719,1377917529,433.0
719,1377917534,428.0
719,1377917539,428.0
719,1377917544,430.0
719,1377917549,428.0
719,1377917554,427.0
719,1377917559,415.0
719,1377917564,424.0
719,1377917569,422.0
719,1377917574,425.0
719,1377917579,427.0
719,1377917584,419.0
719,1377917589,422.0
719,1377917594,425.0
719,1377917599,423.0
719,1377917609,424.0
719,1377917614,423.0
719,1377917619,419.0
719,1377917624,413.0
719,1377917629,413.0
719,1377917634,419.0
719,1377917639,420.0
719,1377917644,413.0
719,1377917649,411.0
719,1377917654,425.0
719,1377917659,428.0
719,1377917664,433.0
719,1377917669,430.0
719,1377917674,427.0
719,1377917679,423.0
719,1377917684,411.0
719,1377917689,416.0
719,1377917694,407.0
719,1377917699,412.0
719,1377917704,412.0
719,1377917709,412.0
719,1377917714,412.0
719,1377917719,416.0
719,1377917724,415.0
719,1377917729,424.0
719,1377917734,428.0
719,1377917739,428.0
719,1377917744,425.0
719,1377917749,424.0
719,1377917754,413.0
719,1377917759,422.0
719,1377917764,418.0
719,1377917769,413.0
719,1377917774,418.0
719,1377917779,411.0
719,1377917784,418.0
719,1377917789,415.0
719,1377917794,422.0
719,1377917799,424.0
719,1377917804,425.0
719,1377917809,424.0
719,1377917814,423.0
719,1377917819,424.0
719,1377917824,422.0
719,1377917829,411.0
719,1377917834,412.0
719,1377917839,412.0
719,1377917844,412.0
719,1377917849,407.0
719,1377917854,407.0
719,1377917859,411.0
719,1377917864,409.0
719,1377917869,407.0
719,1377917874,413.0
719,1377917879,407.0
719,1377917885,413.0
719,1377917889,411.0
719,1377917894,419.0
719,1377917899,422.0
719,1377917904,417.0
719,1377917909,416.0
719,1377917914,417.0
719,1377917919,418.0
719,1377917924,417.0
719,1377917929,407.0
719,1377917934,412.0
719,1377917939,407.0
719,1377917944,420.0
719,1377917949,422.0
719,1377917954,425.0
719,1377917959,425.0
719,1377917964,422.0
719,1377917969,424.0
719,1377917974,419.0
719,1377917979,422.0
719,1377917984,411.0
719,1377917989,417.0
719,1377917994,419.0
719,1377917999,425.0
719,1377918004,430.0
719,1377918009,422.0
719,1377918014,420.0
719,1377918019,407.0
719,1377918024,413.0
719,1377918029,419.0
719,1377918034,424.0
719,1377918040,427.0
719,1377918044,428.0
719,1377918049,422.0
719,1377918054,425.0
719,1377918059,420.0
719,1377918064,430.0
719,1377918069,419.0
719,1377918074,423.0
719,1377918079,424.0
719,1377918084,419.0
719,1377918089,422.0
719,1377918094,411.0
719,1377918099,416.0
719,1377918104,417.0
719,1377918109,419.0
719,1377918114,422.0
719,1377918119,423.0
719,1377918124,419.0
719,1377918129,419.0
719,1377918134,413.0
719,1377918139,407.0
719,1377918144,409.0
719,1377918149,409.0
719,1377918154,409.0
719,1377918159,411.0
719,1377918164,411.0
719,1377918169,417.0
719,1377918174,420.0
719,1377918179,424.0
719,1377918184,420.0
719,1377918189,418.0
719,1377918194,411.0
719,1377918199,413.0
719,1377918204,424.0
719,1377918209,420.0
719,1377918214,419.0
719,1377918219,411.0
719,1377918224,416.0
719,1377918229,407.0
719,1377918234,418.0
719,1377918239,422.0
719,1377918244,418.0
719,1377918249,413.0
719,1377918254,407.0
719,1377918259,409.0
719,1377918264,411.0
719,1377918269,411.0
719,1377918274,416.0
719,1377918279,413.0
719,1377918284,420.0
719,1377918289,424.0
719,1377918294,425.0
719,1377918299,424.0
719,1377918304,424.0
719,1377918309,411.0
719,1377918314,411.0
719,1377918319,407.0
719,1377918324,407.0
719,1377918329,409.0
719,1377918334,412.0
719,1377918339,412.0
719,1377918344,412.0
719,1377918349,413.0
719,1377918354,419.0
719,1377918359,422.0
719,1377918364,422.0
719,1377918369,424.0
719,1377918374,420.0
719,1377918379,411.0
719,1377918384,416.0
719,1377918389,415.0
719,1377918396,421.0
719,1377918399,422.0
719,1377918404,422.0
719,1377918409,424.0
719,1377918414,423.0
719,1377918419,425.0
719,1377918424,429.0
719,1377918429,422.0
719,1377918434,413.0
719,1377918439,407.0
719,1377918444,406.0
719,1377918449,408.0
719,1377918454,409.0
719,1377918459,419.0
719,1377918464,419.0
719,1377918469,428.0
719,1377918474,433.0
719,1377918479,433.0
719,1377918484,423.0
719,1377918489,422.0
719,1377918494,424.0
719,1377918499,422.0
719,1377918504,424.0
719,1377918509,424.0
719,1377918514,425.0
719,1377918519,419.0
719,1377918524,428.0
719,1377918529,416.0
719,1377918534,422.0
719,1377918539,411.0
719,1377918544,419.0
719,1377918549,424.0
719,1377918554,423.0
719,1377918559,424.0
719,1377918564,422.0
719,1377918569,422.0
719,1377918574,411.0
719,1377918579,419.0
719,1377918584,422.0
719,1377918589,422.0
719,1377918594,424.0
719,1377918599,425.0
719,1377918604,422.0
719,1377918609,425.0
719,1377918614,425.0
719,1377918619,432.0
719,1377918624,427.0
719,1377918629,419.0
719,1377918634,418.0
719,1377918639,411.0
719,1377918644,412.0
719,1377918649,413.0
719,1377918654,412.0
719,1377918659,417.0
719,1377918664,411.0
719,1377918669,411.0
719,1377918674,416.0
719,1377918679,406.0
719,1377918684,407.0
719,1377918689,411.0
719,1377918694,419.0
719,1377918699,422.0
719,1377918704,420.0
719,1377918709,418.0
719,1377918714,414.0
719,1377918719,407.0
719,1377918724,411.0
719,1377918729,411.0
719,1377918734,419.0
719,1377918739,412.0
719,1377918744,411.0
719,1377918749,409.0
719,1377918754,412.0
719,1377918759,411.0
719,1377918764,411.0
719,1377918769,419.0
719,1377918774,424.0
719,1377918779,428.0
719,1377918784,427.0
719,1377918789,425.0
719,1377918794,432.0
719,1377918799,419.0
719,1377918804,415.0
719,1377918809,416.0
719,1377918814,412.0
719,1377918819,406.0
719,1377918824,403.0
719,1377918829,403.0
719,1377918834,406.0
719,1377918839,409.0
719,1377918844,413.0
719,1377918849,417.0
719,1377918854,422.0
719,1377918859,419.0
719,1377918864,416.0
719,1377918869,407.0
719,1377918874,403.0
719,1377918879,406.0
719,1377918884,408.0
719,1377918889,409.0
719,1377918894,409.0
719,1377918899,407.0
719,1377918904,413.0
719,1377918909,418.0
719,1377918914,422.0
719,1377918919,418.0
719,1377918924,420.0
719,1377918929,418.0
719,1377918934,411.0
719,1377918939,407.0
719,1377918944,403.0
719,1377918949,408.0
719,1377918954,414.0
719,1377918959,407.0
719,1377918964,413.0
719,1377918969,417.0
719,1377918974,422.0
719,1377918979,413.0
719,1377918984,420.0
719,1377918989,419.0
719,1377918994,419.0
719,1377918999,419.0
719,1377919004,417.0
719,1377919009,412.0
719,1377919014,412.0
719,1377919019,415.0
719,1377919024,423.0
719,1377919029,430.0
719,1377919034,429.0
719,1377919039,422.0
719,1377919044,419.0
719,1377919049,411.0
719,1377919054,420.0
719,1377919059,412.0
719,1377919064,419.0
719,1377919069,419.0
719,1377919074,415.0
719,1377919079,423.0
719,1377919084,428.0
719,1377919089,428.0
719,1377919094,424.0
719,1377919099,424.0
719,1377919104,419.0
719,1377919109,422.0
719,1377919114,411.0
719,1377919119,413.0
719,1377919124,424.0
719,1377919129,425.0
719,1377919134,432.0
719,1377919139,427.0
719,1377919144,415.0
719,1377919149,413.0
719,1377919154,403.0
719,1377919159,408.0
719,1377919164,408.0
719,1377919169,407.0
719,1377919174,416.0
719,1377919179,420.0
719,1377919184,413.0
719,1377919189,418.0
719,1377919194,409.0
719,1377919202,412.0
719,1377919204,407.0
719,1377919209,407.0
719,1377919214,411.0
719,1377919219,413.0
719,1377919224,411.0
719,1377919229,413.0
719,1377919234,419.0
719,1377919239,411.0
719,1377919244,416.0
719,1377919249,411.0
719,1377919254,411.0
719,1377919259,419.0
719,1377919264,420.0
719,1377919269,417.0
719,1377919275,420.0
719,1377919279,419.0
719,1377919284,423.0
719,1377919289,422.0
719,1377919294,422.0
719,1377919299,422.0
719,1377919304,430.0
719,1377919309,419.0
719,1377919314,415.0
719,1377919319,413.0
719,1377919324,417.0
719,1377919329,411.0
719,1377919334,411.0
719,1377919339,412.0
719,1377919344,407.0
719,1377919349,414.0
719,1377919354,418.0
719,1377919359,409.0
719,1377919364,412.0
719,1377919369,412.0
719,1377919374,412.0
719,1377919379,418.0
719,1377919384,417.0
719,1377919389,418.0
719,1377919394,413.0
719,1377919399,419.0
719,1377919404,424.0
719,1377919409,415.0
719,1377919414,411.0
719,1377919419,412.0
719,1377919424,408.0
719,1377919429,409.0
719,1377919434,414.0
719,1377919439,407.0
719,1377919444,416.0
719,1377919449,411.0
719,1377919454,411.0
719,1377919459,412.0
719,1377919464,407.0
719,1377919469,409.0
719,1377919474,409.0
719,1377919479,407.0
719,1377919484,414.0
719,1377919489,418.0
719,1377919494,416.0
719,1377919499,408.0
719,1377919504,403.0
719,1377919509,403.0
719,1377919514,403.0
719,1377919519,407.0
719,1377919524,411.0
719,1377919529,417.0
719,1377919534,415.0
719,1377919539,417.0
719,1377919544,411.0
719,1377919549,416.0
719,1377919554,412.0
719,1377919559,407.0
719,1377919564,406.0
719,1377919569,418.0
719,1377919574,412.0
719,1377919579,409.0
719,1377919584,416.0
719,1377919589,417.0
719,1377919594,420.0
719,1377919599,413.0
719,1377919604,418.0
719,1377919609,412.0
719,1377919614,406.0
719,1377919619,411.0
719,1377919624,411.0
719,1377919629,407.0
719,1377919634,409.0
719,1377919639,409.0
719,1377919644,412.0
719,1377919649,417.0
719,1377919654,411.0
719,1377919659,418.0
719,1377919664,420.0
719,1377919669,422.0
719,1377919674,423.0
719,1377919679,428.0
719,1377919684,425.0
719,1377919689,425.0
719,1377919694,420.0
719,1377919699,411.0
719,1377919704,409.0
719,1377919709,418.0
719,1377919714,412.0
719,1377919719,413.0
719,1377919724,424.0
719,1377919729,428.0
719,1377919734,423.0
719,1377919739,422.0
719,1377919744,419.0
719,1377919749,419.0
719,1377919754,419.0
719,1377919759,422.0
719,1377919764,416.0
719,1377919769,406.0
719,1377919774,407.0
719,1377919779,408.0
719,1377919784,408.0
719,1377919789,404.0
719,1377919794,403.0
719,1377919799,403.0
719,1377919804,403.0
719,1377919809,407.0
719,1377919814,411.0
719,1377919819,411.0
719,1377919824,412.0
719,1377919829,412.0
719,1377919834,412.0
719,1377919839,413.0
719,1377919844,413.0
719,1377919849,418.0
719,1377919854,418.0
719,1377919859,412.0
719,1377919864,414.0
719,1377919869,411.0
719,1377919874,416.0
719,1377919879,419.0
719,1377919884,418.0
719,1377919889,422.0
719,1377919894,411.0
719,1377919899,413.0
719,1377919904,411.0
719,1377919909,412.0
719,1377919914,409.0
719,1377919919,414.0
719,1377919924,408.0
719,1377919929,407.0
719,1377919934,407.0
719,1377919939,417.0
719,1377919944,412.0
719,1377919949,420.0
719,1377919954,413.0
719,1377919959,422.0
719,1377919964,419.0
719,1377919969,420.0
719,1377919974,418.0
719,1377919979,416.0
719,1377919984,418.0
719,1377919989,411.0
719,1377919994,411.0
719,1377920005,417.0
719,1377920009,419.0
719,1377920014,430.0
719,1377920019,420.0
719,1377920024,419.0
719,1377920029,407.0
719,1377920034,412.0
719,1377920039,408.0
719,1377920044,407.0
719,1377920049,408.0
719,1377920054,407.0
719,1377920059,412.0
719,1377920064,420.0
719,1377920069,403.0
719,1377920074,406.0
719,1377920079,412.0
719,1377920084,412.0
719,1377920089,413.0
719,1377920094,424.0
719,1377920099,428.0
719,1377920104,428.0
719,1377920109,425.0
719,1377920114,428.0
719,1377920119,423.0
719,1377920124,419.0
719,1377920129,411.0
719,1377920134,407.0
719,1377920139,404.0
719,1377920144,404.0
719,1377920149,408.0
719,1377920154,406.0
719,1377920159,409.0
719,1377920164,407.0
719,1377920169,407.0
719,1377920174,404.0
719,1377920179,403.0
719,1377920184,396.0
719,1377920189,404.0
719,1377920194,403.0
719,1377920200,409.0
719,1377920204,409.0
719,1377920209,409.0
719,1377920214,406.0
719,1377920219,407.0
719,1377920224,409.0
719,1377920229,411.0
719,1377920234,413.0
719,1377920239,411.0
719,1377920244,408.0
719,1377920249,398.0
719,1377920254,401.0
719,1377920259,401.0
719,1377920264,403.0
719,1377920269,412.0
719,1377920274,413.0
719,1377920279,416.0
719,1377920284,409.0
719,1377920289,409.0
719,1377920294,412.0
719,1377920299,407.0
719,1377920304,412.0
719,1377920309,409.0
719,1377920314,419.0
719,1377920319,422.0
719,1377920324,418.0
719,1377920329,422.0
719,1377920334,422.0
719,1377920339,417.0
719,1377920344,420.0
719,1377920349,418.0
719,1377920354,419.0
719,1377920359,418.0
719,1377920364,409.0
719,1377920369,407.0
719,1377920374,412.0
719,1377920379,418.0
719,1377920384,418.0
719,1377920389,418.0
719,1377920394,422.0
719,1377920399,430.0
719,1377920404,430.0
719,1377920409,431.0
719,1377920414,433.0
719,1377920419,433.0
719,1377920424,429.0
719,1377920429,427.0
719,1377920434,425.0
719,1377920439,430.0
719,1377920444,411.0
719,1377920449,418.0
719,1377920454,413.0
719,1377920459,407.0
719,1377920464,412.0
719,1377920469,407.0
719,1377920474,407.0
719,1377920479,412.0
719,1377920484,408.0
719,1377920489,399.0
719,1377920494,403.0
719,1377920499,400.0
719,1377920504,393.0
719,1377920510,397.0
719,1377920514,398.0
719,1377920519,397.0
719,1377920524,401.0
719,1377920529,402.0
719,1377920534,407.0
719,1377920539,411.0
719,1377920544,424.0
719,1377920549,422.0
719,1377920554,418.0
719,1377920559,412.0
719,1377920564,407.0
719,1377920569,408.0
719,1377920574,404.0
719,1377920579,407.0
719,1377920584,412.0
719,1377920589,415.0
719,1377920594,422.0
719,1377920599,424.0
719,1377920604,419.0
719,1377920609,430.0
719,1377920614,425.0
719,1377920619,424.0
719,1377920624,415.0
719,1377920629,413.0
719,1377920634,419.0
719,1377920639,419.0
719,1377920644,409.0
719,1377920649,418.0
719,1377920654,407.0
719,1377920659,418.0
719,1377920664,407.0
719,1377920669,409.0
719,1377920674,409.0
719,1377920679,412.0
719,1377920684,412.0
719,1377920689,413.0
719,1377920694,409.0
719,1377920699,412.0
719,1377920704,406.0
719,1377920709,406.0
719,1377920714,416.0
719,1377920719,417.0
719,1377920724,417.0
719,1377920729,415.0
719,1377920734,418.0
719,1377920739,419.0
719,1377920744,417.0
719,1377920749,412.0
719,1377920754,418.0
719,1377920759,411.0
719,1377920764,417.0
719,1377920769,413.0
719,1377920774,419.0
719,1377920779,424.0
719,1377920784,422.0
719,1377920789,428.0
719,1377920794,423.0
719,1377920805,422.0
719,1377920809,411.0
719,1377920814,413.0
719,1377920819,414.0
719,1377920824,410.0
719,1377920829,416.0
719,1377920834,411.0
719,1377920839,419.0
719,1377920844,419.0
719,1377920849,413.0
719,1377920854,419.0
719,1377920859,413.0
719,1377920864,425.0
719,1377920869,423.0
719,1377920874,425.0
719,1377920879,423.0
719,1377920884,422.0
719,1377920889,422.0
719,1377920894,420.0
719,1377920899,415.0
719,1377920904,420.0
719,1377920909,416.0
719,1377920914,418.0
719,1377920919,418.0
719,1377920924,419.0
719,1377920929,424.0
719,1377920934,419.0
719,1377920939,419.0
719,1377920944,411.0
719,1377920949,409.0
719,1377920954,406.0
719,1377920959,408.0
719,1377920964,407.0
719,1377920969,409.0
719,1377920974,408.0
719,1377920979,408.0
719,1377920984,416.0
719,1377920989,407.0
719,1377920994,418.0
719,1377920999,418.0
719,1377921004,411.0
719,1377921009,409.0
719,1377921014,409.0
719,1377921019,403.0
719,1377921024,404.0
719,1377921029,398.0
719,1377921034,401.0
719,1377921039,407.0
719,1377921044,412.0
719,1377921049,403.0
719,1377921054,403.0
719,1377921059,403.0
719,1377921064,404.0
719,1377921069,404.0
719,1377921074,407.0
719,1377921079,409.0
719,1377921084,416.0
719,1377921089,411.0
719,1377921094,407.0
719,1377921099,407.0
719,1377921104,404.0
719,1377921109,409.0
719,1377921114,410.0
719,1377921119,414.0
719,1377921124,416.0
719,1377921129,412.0
719,1377921134,407.0
719,1377921139,420.0
719,1377921144,416.0
719,1377921149,412.0
719,1377921154,412.0
719,1377921159,407.0
719,1377921164,411.0
719,1377921169,416.0
719,1377921174,422.0
719,1377921179,425.0
719,1377921184,427.0
719,1377921189,428.0
719,1377921194,430.0
719,1377921199,427.0
719,1377921204,420.0
719,1377921209,412.0
719,1377921214,416.0
719,1377921219,412.0
719,1377921224,407.0
719,1377921229,412.0
719,1377921234,412.0
719,1377921239,408.0
719,1377921244,409.0
719,1377921249,407.0
719,1377921254,408.0
719,1377921259,409.0
719,1377921264,414.0
719,1377921269,398.0
719,1377921274,401.0
719,1377921279,397.0
719,1377921284,406.0
719,1377921289,409.0
719,1377921294,409.0
719,1377921299,416.0
719,1377921304,418.0
719,1377921309,416.0
719,1377921314,409.0
719,1377921319,403.0
719,1377921324,414.0
719,1377921329,408.0
719,1377921334,418.0
719,1377921339,413.0
719,1377921344,411.0
719,1377921349,413.0
719,1377921354,407.0
719,1377921359,406.0
719,1377921364,403.0
719,1377921369,403.0
719,1377921374,404.0
719,1377921379,408.0
719,1377921384,407.0
719,1377921389,407.0
719,1377921394,411.0
719,1377921399,416.0
719,1377921404,411.0
719,1377921409,407.0
719,1377921414,409.0
719,1377921419,409.0
719,1377921424,403.0
719,1377921429,406.0
719,1377921434,403.0
719,1377921439,404.0
719,1377921444,401.0
719,1377921449,412.0
719,1377921454,407.0
719,1377921459,411.0
719,1377921464,422.0
719,1377921469,422.0
719,1377921474,418.0
719,1377921479,412.0
719,1377921484,412.0
719,1377921489,412.0
719,1377921494,413.0
719,1377921499,411.0
719,1377921510,420.0
719,1377921514,418.0
719,1377921519,420.0
719,1377921524,418.0
719,1377921529,411.0
719,1377921534,418.0
719,1377921539,413.0
719,1377921544,424.0
719,1377921549,424.0
719,1377921554,423.0
719,1377921559,424.0
719,1377921564,424.0
719,1377921569,420.0
719,1377921574,418.0
719,1377921579,416.0
719,1377921584,411.0
719,1377921589,417.0
719,1377921594,413.0
719,1377921599,411.0
719,1377921604,409.0
719,1377921609,411.0
719,1377921614,407.0
719,1377921619,404.0
719,1377921624,404.0
719,1377921629,412.0
719,1377921634,417.0
719,1377921639,419.0
719,1377921644,420.0
719,1377921649,416.0
719,1377921654,407.0
719,1377921659,406.0
719,1377921664,399.0
719,1377921669,408.0
719,1377921674,403.0
719,1377921679,403.0
719,1377921684,412.0
719,1377921689,420.0
719,1377921694,409.0
719,1377921699,412.0
719,1377921704,414.0
719,1377921709,418.0
719,1377921714,412.0
719,1377921719,412.0
719,1377921724,419.0
719,1377921729,424.0
719,1377921734,422.0
719,1377921739,422.0
719,1377921744,418.0
719,1377921749,417.0
719,1377921754,419.0
719,1377921759,425.0
719,1377921764,425.0
719,1377921769,422.0
719,1377921774,419.0
719,1377921779,419.0
719,1377921784,417.0
719,1377921789,419.0
719,1377921794,422.0
719,1377921799,412.0
719,1377921804,414.0
719,1377921809,406.0
719,1377921814,408.0
719,1377921819,411.0
719,1377921824,417.0
719,1377921829,425.0
719,1377921834,423.0
719,1377921839,423.0
719,1377921844,413.0
719,1377921849,409.0
719,1377921854,408.0
719,1377921859,414.0
719,1377921864,412.0
719,1377921869,412.0
719,1377921874,407.0
719,1377921879,412.0
719,1377921884,411.0
719,1377921889,418.0
719,1377921894,407.0
719,1377921899,412.0
719,1377921904,411.0
719,1377921909,413.0
719,1377921914,416.0
719,1377921919,409.0
719,1377921924,407.0
719,1377921929,412.0
719,1377921934,411.0
719,1377921939,413.0
719,1377921944,407.0
719,1377921949,411.0
719,1377921954,412.0
719,1377921959,407.0
719,1377921964,407.0
719,1377921969,420.0
719,1377921974,419.0
719,1377921979,422.0
719,1377921984,419.0
719,1377921989,419.0
719,1377921994,418.0
719,1377921999,417.0
719,1377922004,417.0
719,1377922009,412.0
719,1377922014,411.0
719,1377922019,408.0
719,1377922024,408.0
719,1377922029,409.0
719,1377922034,413.0
719,1377922039,422.0
719,1377922044,423.0
719,1377922049,425.0
719,1377922054,424.0
719,1377922059,418.0
719,1377922064,407.0
719,1377922069,400.0
719,1377922074,398.0
719,1377922079,403.0
719,1377922084,398.0
719,1377922089,404.0
719,1377922094,403.0
719,1377922099,407.0
719,1377922104,409.0
719,1377922109,416.0
719,1377922114,412.0
719,1377922119,409.0
719,1377922124,416.0
719,1377922129,416.0
719,1377922134,415.0
719,1377922139,423.0
719,1377922144,424.0
719,1377922149,415.0
719,1377922154,418.0
719,1377922159,411.0
719,1377922164,413.0
719,1377922169,411.0
719,1377922174,418.0
719,1377922179,411.0
719,1377922184,407.0
719,1377922189,407.0
719,1377922194,407.0
719,1377922199,412.0
719,1377922204,408.0
719,1377922211,408.0
719,1377922214,409.0
719,1377922219,411.0
719,1377922224,418.0
719,1377922229,411.0
719,1377922234,418.0
719,1377922239,419.0
719,1377922244,411.0
719,1377922249,416.0
719,1377922254,420.0
719,1377922259,415.0
719,1377922264,413.0
719,1377922269,407.0
719,1377922274,409.0
719,1377922279,408.0
719,1377922284,409.0
719,1377922289,409.0
719,1377922294,420.0
719,1377922299,413.0
719,1377922304,422.0
719,1377922309,419.0
719,1377922314,412.0
719,1377922319,408.0
719,1377922324,412.0
719,1377922329,407.0
719,1377922334,409.0
719,1377922339,412.0
719,1377922344,418.0
719,1377922349,418.0
719,1377922354,413.0
719,1377922359,418.0
719,1377922364,420.0
719,1377922369,411.0
719,1377922374,408.0
719,1377922379,412.0
719,1377922384,407.0
719,1377922389,411.0
719,1377922394,414.0
719,1377922399,407.0
719,1377922404,412.0
719,1377922409,412.0
719,1377922414,408.0
719,1377922419,407.0
719,1377922424,406.0
719,1377922429,403.0
719,1377922434,409.0
719,1377922439,409.0
719,1377922444,411.0
719,1377922450,419.0
719,1377922454,409.0
719,1377922459,406.0
719,1377922464,401.0
719,1377922469,404.0
719,1377922474,404.0
719,1377922479,403.0
719,1377922484,409.0
719,1377922489,412.0
719,1377922494,407.0
719,1377922499,413.0
719,1377922504,416.0
719,1377922509,411.0
719,1377922514,416.0
719,1377922519,407.0
719,1377922524,416.0
719,1377922529,407.0
719,1377922534,408.0
719,1377922539,399.0
719,1377922544,401.0
719,1377922549,404.0
719,1377922554,409.0
719,1377922559,407.0
719,1377922564,411.0
719,1377922569,412.0
719,1377922574,416.0
719,1377922579,411.0
719,1377922584,412.0
719,1377922589,412.0
719,1377922594,411.0
719,1377922599,416.0
719,1377922604,411.0
719,1377922609,406.0
719,1377922614,404.0
719,1377922619,404.0
719,1377922624,412.0
719,1377922629,416.0
719,1377922634,411.0
719,1377922639,409.0
719,1377922644,418.0
719,1377922649,407.0
719,1377922654,409.0
719,1377922659,411.0
719,1377922664,416.0
719,1377922669,411.0
719,1377922674,418.0
719,1377922679,418.0
719,1377922684,409.0
719,1377922689,411.0
719,1377922694,407.0
719,1377922699,412.0
719,1377922704,411.0
719,1377922709,413.0
719,1377922714,411.0
719,1377922719,416.0
719,1377922724,407.0
719,1377922729,412.0
719,1377922734,409.0
719,1377922739,406.0
719,1377922744,409.0
719,1377922749,407.0
719,1377922754,418.0
719,1377922759,409.0
719,1377922764,406.0
719,1377922769,409.0
719,1377922774,407.0
719,1377922779,413.0
719,1377922784,424.0
719,1377922789,424.0
719,1377922794,423.0
719,1377922799,422.0
719,1377922804,424.0
719,1377922809,422.0
719,1377922814,420.0
719,1377922819,422.0
719,1377922824,417.0
719,1377922829,407.0
719,1377922834,409.0
719,1377922839,408.0
719,1377922844,412.0
719,1377922849,407.0
719,1377922854,414.0
719,1377922859,416.0
719,1377922864,420.0
719,1377922869,413.0
719,1377922874,419.0
719,1377922879,422.0
719,1377922884,420.0
719,1377922889,413.0
719,1377922894,420.0
719,1377922899,411.0
719,1377922910,403.0
719,1377922914,398.0
719,1377922919,398.0
719,1377922924,404.0
719,1377922929,414.0
719,1377922934,412.0
719,1377922939,415.0
719,1377922944,419.0
719,1377922949,413.0
719,1377922954,409.0
719,1377922959,407.0
719,1377922964,407.0
719,1377922969,409.0
719,1377922974,409.0
719,1377922979,407.0
719,1377922984,412.0
719,1377922989,412.0
719,1377922994,412.0
719,1377922999,407.0
719,1377923004,411.0
719,1377923009,418.0
719,1377923014,417.0
719,1377923019,414.0
719,1377923024,406.0
719,1377923029,397.0
719,1377923034,403.0
719,1377923039,401.0
719,1377923044,403.0
719,1377923049,404.0
719,1377923054,403.0
719,1377923059,409.0
719,1377923064,409.0
719,1377923069,407.0
719,1377923074,411.0
719,1377923079,409.0
719,1377923084,409.0
719,1377923089,406.0
719,1377923094,403.0
719,1377923099,397.0
719,1377923104,396.0
719,1377923109,391.0
719,1377923114,400.0
719,1377923119,403.0
719,1377923124,411.0
719,1377923129,415.0
719,1377923134,425.0
719,1377923139,419.0
719,1377923144,411.0
719,1377923149,416.0
719,1377923154,412.0
719,1377923159,422.0
719,1377923164,411.0
719,1377923169,416.0
719,1377923174,412.0
719,1377923179,416.0
719,1377923184,411.0
719,1377923190,407.0
719,1377923194,412.0
719,1377923199,411.0
719,1377923204,424.0
719,1377923209,424.0
719,1377923214,419.0
719,1377923219,415.0
719,1377923224,411.0
719,1377923229,416.0
719,1377923234,402.0
719,1377923239,404.0
719,1377923244,398.0
719,1377923249,397.0
719,1377923254,401.0
719,1377923259,403.0
719,1377923264,397.0
719,1377923269,404.0
719,1377923274,410.0
719,1377923279,416.0
719,1377923284,418.0
719,1377923289,419.0
719,1377923294,418.0
719,1377923299,411.0
719,1377923304,418.0
719,1377923309,416.0
719,1377923314,416.0
719,1377923319,412.0
719,1377923324,420.0
719,1377923329,411.0
719,1377923334,416.0
719,1377923339,414.0
719,1377923344,406.0
719,1377923349,404.0
719,1377923354,405.0
719,1377923359,414.0
719,1377923364,412.0
719,1377923369,412.0
719,1377923374,418.0
719,1377923379,413.0
719,1377923384,413.0
719,1377923389,417.0
719,1377923394,414.0
719,1377923399,412.0
719,1377923404,408.0
719,1377923409,407.0
719,1377923414,411.0
719,1377923419,413.0
719,1377923424,413.0
719,1377923429,413.0
719,1377923434,411.0
719,1377923439,417.0
719,1377923444,419.0
719,1377923449,424.0
719,1377923454,413.0
719,1377923459,419.0
719,1377923464,418.0
719,1377923469,408.0
719,1377923474,409.0
719,1377923479,407.0
719,1377923484,416.0
719,1377923489,413.0
719,1377923494,420.0
719,1377923499,422.0
719,1377923504,422.0
719,1377923509,416.0
719,1377923514,412.0
719,1377923519,406.0
719,1377923524,407.0
719,1377923529,406.0
719,1377923534,412.0
719,1377923539,412.0
719,1377923544,419.0
719,1377923549,419.0
719,1377923554,425.0
719,1377923559,422.0
719,1377923564,419.0
719,1377923569,409.0
719,1377923574,418.0
719,1377923579,407.0
719,1377923584,420.0
719,1377923589,412.0
719,1377923594,408.0
719,1377923599,404.0
719,1377923604,403.0
719,1377923609,409.0
719,1377923614,409.0
719,1377923619,418.0
719,1377923624,415.0
719,1377923629,419.0
719,1377923634,420.0
719,1377923643,418.0
719,1377923644,406.0
719,1377923649,407.0
719,1377923654,403.0
719,1377923659,406.0
719,1377923664,407.0
719,1377923669,411.0
719,1377923674,418.0
719,1377923679,419.0
719,1377923684,422.0
719,1377923689,424.0
719,1377923694,419.0
719,1377923699,424.0
719,1377923704,422.0
719,1377923709,422.0
719,1377923714,419.0
719,1377923719,413.0
719,1377923724,412.0
719,1377923729,409.0
719,1377923734,407.0
719,1377923739,407.0
719,1377923744,408.0
719,1377923749,409.0
719,1377923754,407.0
719,1377923759,411.0
719,1377923764,422.0
719,1377923769,420.0
719,1377923774,422.0
719,1377923779,411.0
719,1377923784,407.0
719,1377923789,414.0
719,1377923794,409.0
719,1377923799,407.0
719,1377923804,418.0
719,1377923809,417.0
719,1377923814,411.0
719,1377923819,409.0
719,1377923824,412.0
719,1377923829,409.0
719,1377923834,407.0
719,1377923839,411.0
719,1377923844,411.0
719,1377923849,420.0
719,1377923854,422.0
719,1377923859,425.0
719,1377923864,424.0
719,1377923869,419.0
719,1377923874,412.0
719,1377923879,408.0
719,1377923884,407.0
719,1377923889,411.0
719,1377923894,425.0
719,1377923899,427.0
719,1377923904,427.0
719,1377923909,425.0
719,1377923914,411.0
719,1377923919,420.0
719,1377923924,411.0
719,1377923929,415.0
719,1377923934,417.0
719,1377923939,419.0
719,1377923944,420.0
719,1377923949,418.0
719,1377923954,418.0
719,1377923959,422.0
719,1377923964,419.0
719,1377923969,422.0
719,1377923974,425.0
719,1377923979,422.0
719,1377923984,423.0
719,1377923989,424.0
719,1377923994,423.0
719,1377923999,423.0
719,1377924004,423.0
719,1377924009,413.0
719,1377924014,412.0
719,1377924019,408.0
719,1377924024,403.0
719,1377924029,408.0
719,1377924034,409.0
719,1377924039,411.0
719,1377924044,411.0
719,1377924049,416.0
719,1377924054,411.0
719,1377924059,407.0
719,1377924064,407.0
719,1377924069,408.0
719,1377924074,399.0
719,1377924079,401.0
719,1377924084,406.0
719,1377924089,404.0
719,1377924094,407.0
719,1377924099,411.0
719,1377924104,422.0
719,1377924109,424.0
719,1377924114,415.0
719,1377924119,419.0
719,1377924124,413.0
719,1377924129,414.0
719,1377924134,408.0
719,1377924139,406.0
719,1377924144,404.0
719,1377924149,403.0
719,1377924154,404.0
719,1377924159,403.0
719,1377924164,407.0
719,1377924169,412.0
719,1377924174,418.0
719,1377924179,407.0
719,1377924184,407.0
719,1377924189,415.0
719,1377924194,419.0
719,1377924199,419.0
719,1377924204,411.0
719,1377924209,412.0
719,1377924214,398.0
719,1377924219,399.0
719,1377924224,404.0
719,1377924229,409.0
719,1377924234,409.0
719,1377924239,413.0
719,1377924244,417.0
719,1377924249,418.0
719,1377924254,411.0
719,1377924259,417.0
719,1377924264,419.0
719,1377924269,424.0
719,1377924274,423.0
719,1377924279,423.0
719,1377924284,419.0
719,1377924289,422.0
719,1377924294,427.0
719,1377924299,424.0
719,1377924304,424.0
719,1377924309,419.0
719,1377924314,419.0
719,1377924319,416.0
719,1377924324,415.0
719,1377924329,411.0
719,1377924334,414.0
719,1377924339,412.0
719,1377924344,407.0
719,1377924355,418.0
719,1377924359,411.0
719,1377924364,417.0
719,1377924369,407.0
719,1377924374,412.0
719,1377924379,411.0
719,1377924384,411.0
719,1377924389,419.0
719,1377924394,422.0
719,1377924399,424.0
719,1377924404,428.0
719,1377924409,423.0
719,1377924414,425.0
719,1377924419,415.0
719,1377924424,411.0
719,1377924429,409.0
719,1377924434,403.0
719,1377924439,408.0
719,1377924444,411.0
719,1377924449,415.0
719,1377924454,422.0
719,1377924459,425.0
719,1377924464,415.0
719,1377924469,413.0
719,1377924474,407.0
719,1377924479,416.0
719,1377924484,403.0
719,1377924489,412.0
719,1377924494,413.0
719,1377924499,424.0
719,1377924504,424.0
719,1377924509,424.0
719,1377924514,419.0
719,1377924519,419.0
719,1377924524,420.0
719,1377924529,419.0
719,1377924535,419.0
719,1377924539,425.0
719,1377924544,425.0
719,1377924549,430.0
719,1377924554,427.0
719,1377924559,425.0
719,1377924564,428.0
719,1377924569,411.0
719,1377924574,418.0
719,1377924579,413.0
719,1377924584,419.0
719,1377924589,413.0
719,1377924594,411.0
719,1377924599,411.0
719,1377924604,418.0
719,1377924609,422.0
719,1377924614,420.0
719,1377924619,415.0
719,1377924624,413.0
719,1377924629,417.0
719,1377924634,417.0
719,1377924639,424.0
719,1377924644,424.0
719,1377924649,423.0
719,1377924654,422.0
719,1377924659,417.0
719,1377924664,413.0
719,1377924669,416.0
719,1377924674,411.0
719,1377924679,415.0
719,1377924684,417.0
719,1377924689,419.0
719,1377924694,419.0
719,1377924699,417.0
719,1377924704,409.0
719,1377924709,412.0
719,1377924714,408.0
719,1377924719,416.0
719,1377924724,412.0
719,1377924729,411.0
719,1377924734,422.0
719,1377924739,422.0
719,1377924744,419.0
719,1377924749,424.0
719,1377924754,419.0
719,1377924759,424.0
719,1377924764,423.0
719,1377924769,422.0
719,1377924774,411.0
719,1377924779,411.0
719,1377924784,416.0
719,1377924789,418.0
719,1377924794,412.0
719,1377924799,416.0
719,1377924804,411.0
719,1377924809,411.0
719,1377924814,419.0
719,1377924819,413.0
719,1377924824,415.0
719,1377924829,422.0
719,1377924834,419.0
719,1377924839,428.0
719,1377924844,430.0
719,1377924849,428.0
719,1377924854,430.0
719,1377924859,430.0
719,1377924864,422.0
719,1377924869,420.0
719,1377924874,422.0
719,1377924879,419.0
719,1377924884,413.0
719,1377924889,419.0
719,1377924894,415.0
719,1377924899,422.0
719,1377924904,424.0
719,1377924909,424.0
719,1377924914,424.0
719,1377924919,424.0
719,1377924924,415.0
719,1377924929,419.0
719,1377924934,415.0
719,1377924939,422.0
719,1377924944,419.0
719,1377924949,425.0
719,1377924954,411.0
719,1377924959,419.0
719,1377924964,415.0
719,1377924969,413.0
719,1377924974,411.0
719,1377924979,413.0
719,1377924984,414.0
719,1377924989,417.0
719,1377924994,417.0
719,1377924999,416.0
719,1377925004,416.0
719,1377925009,413.0
719,1377925014,422.0
719,1377925019,420.0
719,1377925024,424.0
719,1377925029,424.0
719,1377925034,422.0
719,1377925039,413.0
719,1377925044,413.0
719,1377925049,407.0
719,1377925054,407.0
719,1377925059,410.0
719,1377925064,409.0
719,1377925069,407.0
719,1377925074,411.0
719,1377925082,418.0
719,1377925084,419.0
719,1377925089,417.0
719,1377925094,424.0
719,1377925099,423.0
719,1377925104,422.0
719,1377925109,419.0
719,1377925114,413.0
719,1377925119,416.0
719,1377925124,412.0
719,1377925129,409.0
719,1377925134,411.0
719,1377925139,416.0
719,1377925144,408.0
719,1377925149,407.0
719,1377925154,404.0
719,1377925159,403.0
719,1377925165,404.0
719,1377925169,408.0
719,1377925174,408.0
719,1377925179,412.0
719,1377925184,413.0
719,1377925189,422.0
719,1377925194,419.0
719,1377925199,420.0
719,1377925204,422.0
719,1377925209,418.0
719,1377925214,406.0
719,1377925219,412.0
719,1377925224,409.0
719,1377925229,412.0
719,1377925234,412.0
719,1377925239,422.0
719,1377925244,424.0
719,1377925249,425.0
719,1377925254,427.0
719,1377925259,427.0
719,1377925264,430.0
719,1377925269,424.0
719,1377925274,422.0
719,1377925279,412.0
719,1377925284,412.0
719,1377925289,412.0
719,1377925294,412.0
719,1377925299,418.0
719,1377925304,422.0
719,1377925309,419.0
719,1377925314,425.0
719,1377925319,422.0
719,1377925324,423.0
719,1377925329,419.0
719,1377925334,428.0
719,1377925339,428.0
719,1377925344,428.0
719,1377925349,425.0
719,1377925354,419.0
719,1377925359,422.0
719,1377925364,415.0
719,1377925369,422.0
719,1377925374,423.0
719,1377925379,422.0
719,1377925384,422.0
719,1377925389,419.0
719,1377925394,422.0
719,1377925399,419.0
719,1377925404,418.0
719,1377925409,418.0
719,1377925414,412.0
719,1377925419,422.0
719,1377925424,409.0
719,1377925429,411.0
719,1377925434,413.0
719,1377925439,415.0
719,1377925444,422.0
719,1377925449,425.0
719,1377925454,428.0
719,1377925459,423.0
719,1377925464,420.0
719,1377925469,418.0
719,1377925474,418.0
719,1377925479,420.0
719,1377925484,424.0
719,1377925489,428.0
719,1377925494,429.0
719,1377925499,428.0
719,1377925504,428.0
719,1377925509,422.0
719,1377925514,415.0
719,1377925519,411.0
719,1377925524,419.0
719,1377925529,424.0
719,1377925534,425.0
719,1377925539,425.0
719,1377925544,428.0
719,1377925549,419.0
719,1377925554,419.0
719,1377925559,422.0
719,1377925564,425.0
719,1377925569,423.0
719,1377925574,428.0
719,1377925580,419.0
719,1377925584,413.0
719,1377925589,420.0
719,1377925594,428.0
719,1377925599,422.0
719,1377925604,411.0
719,1377925609,406.0
719,1377925614,404.0
719,1377925619,403.0
719,1377925624,403.0
719,1377925629,408.0
719,1377925634,414.0
719,1377925639,411.0
719,1377925644,418.0
719,1377925649,424.0
719,1377925654,411.0
719,1377925659,413.0
719,1377925664,407.0
719,1377925669,422.0
719,1377925674,424.0
719,1377925679,425.0
719,1377925684,424.0
719,1377925689,422.0
719,1377925694,420.0
719,1377925699,430.0
719,1377925704,427.0
719,1377925709,425.0
719,1377925714,424.0
719,1377925719,423.0
719,1377925724,424.0
719,1377925729,423.0
719,1377925734,430.0
719,1377925739,428.0
719,1377925744,428.0
719,1377925749,424.0
719,1377925754,419.0
719,1377925759,413.0
719,1377925764,420.0
719,1377925769,419.0
719,1377925774,419.0
719,1377925779,424.0
719,1377925784,417.0
719,1377925789,420.0
719,1377925794,422.0
719,1377925802,422.0
719,1377925804,430.0
719,1377925809,415.0
719,1377925814,415.0
719,1377925819,411.0
719,1377925824,417.0
719,1377925829,416.0
719,1377925834,415.0
719,1377925839,424.0
719,1377925844,423.0
719,1377925849,430.0
719,1377925854,424.0
719,1377925859,420.0
719,1377925864,422.0
719,1377925869,422.0
719,1377925874,419.0
719,1377925880,415.0
719,1377925884,423.0
719,1377925889,428.0
719,1377925894,423.0
719,1377925899,427.0
719,1377925904,428.0
719,1377925909,422.0
719,1377925914,419.0
719,1377925919,415.0
719,1377925924,412.0
719,1377925929,422.0
719,1377925934,412.0
719,1377925939,418.0
719,1377925944,407.0
719,1377925949,417.0
719,1377925954,417.0
719,1377925959,418.0
719,1377925964,423.0
719,1377925969,430.0
719,1377925974,423.0
719,1377925979,422.0
719,1377925984,418.0
719,1377925989,412.0
719,1377925994,409.0
719,1377925999,413.0
719,1377926004,422.0
719,1377926009,421.0
719,1377926014,425.0
719,1377926019,422.0
719,1377926024,424.0
719,1377926030,422.0
719,1377926034,416.0
719,1377926039,419.0
719,1377926044,415.0
719,1377926049,423.0
719,1377926054,430.0
719,1377926059,428.0
719,1377926064,422.0
719,1377926069,419.0
719,1377926074,420.0
719,1377926079,419.0
719,1377926084,419.0
719,1377926089,414.0
719,1377926094,418.0
719,1377926099,416.0
719,1377926104,408.0
719,1377926109,411.0
719,1377926114,419.0
719,1377926119,423.0
719,1377926124,428.0
719,1377926129,423.0
719,1377926134,423.0
719,1377926139,422.0
719,1377926144,424.0
719,1377926149,417.0
719,1377926154,419.0
719,1377926159,428.0
719,1377926164,430.0
719,1377926169,428.0
719,1377926174,420.0
719,1377926180,420.0
719,1377926184,411.0
719,1377926189,416.0
719,1377926194,412.0
719,1377926199,412.0
719,1377926204,412.0
719,1377926209,409.0
719,1377926214,414.0
719,1377926219,411.0
719,1377926224,412.0
719,1377926229,407.0
719,1377926234,409.0
719,1377926239,409.0
719,1377926244,411.0
719,1377926249,416.0
719,1377926254,422.0
719,1377926259,417.0
719,1377926264,413.0
719,1377926269,418.0
719,1377926274,413.0
719,1377926279,416.0
719,1377926284,417.0
719,1377926289,411.0
719,1377926294,412.0
719,1377926299,409.0
719,1377926304,419.0
719,1377926309,424.0
719,1377926314,424.0
719,1377926319,413.0
719,1377926324,422.0
719,1377926329,409.0
719,1377926334,411.0
719,1377926339,416.0
719,1377926344,411.0
719,1377926349,406.0
719,1377926354,403.0
719,1377926359,403.0
719,1377926364,408.0
719,1377926369,408.0
719,1377926374,412.0
719,1377926379,407.0
719,1377926384,407.0
719,1377926389,411.0
719,1377926394,411.0
719,1377926399,420.0
719,1377926404,419.0
719,1377926409,420.0
719,1377926414,417.0
719,1377926419,415.0
719,1377926424,424.0
719,1377926429,425.0
719,1377926434,422.0
719,1377926439,420.0
719,1377926444,417.0
719,1377926449,425.0
719,1377926454,422.0
719,1377926459,423.0
719,1377926464,423.0
719,1377926469,427.0
719,1377926474,430.0
719,1377926479,423.0
719,1377926484,428.0
719,1377926489,424.0
719,1377926494,419.0
719,1377926499,412.0
719,1377926504,413.0
719,1377926509,413.0
719,1377926514,420.0
719,1377926519,422.0
719,1377926524,419.0
719,1377926529,419.0
719,1377926537,420.0
719,1377926539,413.0
719,1377926544,424.0
719,1377926549,425.0
719,1377926554,429.0
719,1377926559,432.0
719,1377926564,428.0
719,1377926569,425.0
719,1377926574,430.0
719,1377926579,425.0
719,1377926584,428.0
719,1377926589,419.0
719,1377926594,413.0
719,1377926599,409.0
719,1377926604,408.0
719,1377926609,403.0
719,1377926614,408.0
719,1377926619,412.0
719,1377926624,412.0
719,1377926629,411.0
719,1377926634,419.0
719,1377926639,420.0
719,1377926644,422.0
719,1377926649,422.0
719,1377926654,424.0
719,1377926659,422.0
719,1377926664,422.0
719,1377926669,419.0
719,1377926674,419.0
719,1377926679,424.0
719,1377926684,419.0
719,1377926689,417.0
719,1377926694,419.0
719,1377926699,420.0
719,1377926704,413.0
719,1377926709,420.0
719,1377926714,411.0
719,1377926719,417.0
719,1377926724,413.0
719,1377926729,415.0
719,1377926734,424.0
719,1377926739,423.0
719,1377926744,422.0
719,1377926749,420.0
719,1377926754,420.0
719,1377926759,415.0
719,1377926764,418.0
719,1377926769,412.0
719,1377926774,417.0
719,1377926779,415.0
719,1377926784,422.0
719,1377926789,433.0
719,1377926794,428.0
719,1377926799,419.0
719,1377926804,415.0
719,1377926809,416.0
719,1377926814,422.0
719,1377926819,411.0
719,1377926824,416.0
719,1377926829,411.0
719,1377926834,413.0
719,1377926839,416.0
719,1377926844,417.0
719,1377926849,412.0
719,1377926854,411.0
719,1377926859,412.0
719,1377926864,416.0
719,1377926869,416.0
719,1377926874,411.0
719,1377926879,408.0
719,1377926884,401.0
719,1377926889,404.0
719,1377926894,409.0
719,1377926899,413.0
719,1377926904,423.0
719,1377926909,428.0
719,1377926914,432.0
719,1377926919,428.0
719,1377926924,425.0
719,1377926929,422.0
719,1377926934,419.0
719,1377926939,415.0
719,1377926944,422.0
719,1377926949,417.0
719,1377926954,422.0
719,1377926959,422.0
719,1377926964,419.0
719,1377926969,422.0
719,1377926974,424.0
719,1377926979,425.0
719,1377926984,430.0
719,1377926989,428.0
719,1377926994,424.0
719,1377926999,422.0
719,1377927004,419.0
719,1377927009,419.0
719,1377927014,415.0
719,1377927019,420.0
719,1377927024,418.0
719,1377927029,422.0
719,1377927034,420.0
719,1377927039,424.0
719,1377927044,415.0
719,1377927049,422.0
719,1377927054,424.0
719,1377927059,422.0
719,1377927064,424.0
719,1377927069,419.0
719,1377927074,424.0
719,1377927079,420.0
719,1377927084,419.0
719,1377927089,411.0
719,1377927094,411.0
719,1377927099,412.0
719,1377927104,422.0
719,1377927109,423.0
719,1377927114,418.0
719,1377927119,418.0
719,1377927124,409.0
719,1377927129,409.0
719,1377927134,412.0
719,1377927139,407.0
719,1377927144,409.0
719,1377927149,422.0
719,1377927154,415.0
719,1377927159,422.0
719,1377927164,424.0
719,1377927169,422.0
719,1377927174,419.0
719,1377927179,419.0
719,1377927184,422.0
719,1377927189,430.0
719,1377927194,433.0
719,1377927199,430.0
719,1377927204,432.0
719,1377927209,430.0
719,1377927214,424.0
719,1377927219,430.0
719,1377927224,418.0
719,1377927229,419.0
719,1377927234,424.0
719,1377927239,423.0
719,1377927244,424.0
719,1377927249,419.0
719,1377927260,407.0
719,1377927264,407.0
719,1377927269,406.0
719,1377927274,409.0
719,1377927279,407.0
719,1377927284,406.0
719,1377927289,409.0
719,1377927294,409.0
719,1377927299,411.0
719,1377927304,417.0
719,1377927309,415.0
719,1377927314,419.0
719,1377927319,419.0
719,1377927324,420.0
719,1377927329,417.0
719,1377927334,422.0
719,1377927339,424.0
719,1377927344,428.0
719,1377927349,428.0
719,1377927354,423.0
719,1377927359,424.0
719,1377927364,419.0
719,1377927369,419.0
719,1377927374,419.0
719,1377927379,424.0
719,1377927384,419.0
719,1377927389,415.0
719,1377927394,419.0
719,1377927399,419.0
719,1377927404,413.0
719,1377927409,415.0
719,1377927414,419.0
719,1377927419,419.0
719,1377927424,412.0
719,1377927429,407.0
719,1377927434,409.0
719,1377927439,412.0
719,1377927444,407.0
719,1377927449,417.0
719,1377927454,416.0
719,1377927459,413.0
719,1377927464,419.0
719,1377927469,425.0
719,1377927474,423.0
719,1377927479,427.0
719,1377927484,425.0
719,1377927489,422.0
719,1377927494,419.0
719,1377927499,413.0
719,1377927504,424.0
719,1377927509,428.0
719,1377927514,430.0
719,1377927519,430.0
719,1377927524,425.0
719,1377927530,428.0
719,1377927534,423.0
719,1377927539,428.0
719,1377927544,424.0
719,1377927549,430.0
719,1377927554,423.0
719,1377927559,425.0
719,1377927564,425.0
719,1377927569,424.0
719,1377927574,424.0
719,1377927579,419.0
719,1377927584,430.0
719,1377927589,425.0
719,1377927594,430.0
719,1377927599,428.0
719,1377927604,427.0
719,1377927609,428.0
719,1377927614,423.0
719,1377927619,423.0
719,1377927624,423.0
719,1377927629,428.0
719,1377927634,423.0
719,1377927639,428.0
719,1377927644,419.0
719,1377927649,422.0
719,1377927654,425.0
719,1377927659,428.0
719,1377927664,425.0
719,1377927669,430.0
719,1377927674,423.0
719,1377927679,423.0
719,1377927684,422.0
719,1377927689,419.0
719,1377927694,420.0
719,1377927699,413.0
719,1377927704,419.0
719,1377927709,417.0
719,1377927714,415.0
719,1377927719,415.0
719,1377927724,419.0
719,1377927729,420.0
719,1377927734,420.0
719,1377927739,420.0
719,1377927744,428.0
719,1377927749,425.0
719,1377927754,420.0
719,1377927759,419.0
719,1377927764,411.0
719,1377927769,412.0
719,1377927774,407.0
719,1377927779,417.0
719,1377927784,425.0
719,1377927789,428.0
719,1377927794,430.0
719,1377927799,432.0
719,1377927804,425.0
719,1377927809,423.0
719,1377927814,429.0
719,1377927819,438.0
719,1377927825,439.0
719,1377927829,439.0
719,1377927834,441.0
719,1377927839,436.0
719,1377927844,433.0
719,1377927849,424.0
719,1377927854,423.0
719,1377927859,422.0
719,1377927864,422.0
719,1377927869,419.0
719,1377927874,424.0
719,1377927879,422.0
719,1377927884,424.0
719,1377927889,422.0
719,1377927894,419.0
719,1377927899,420.0
719,1377927904,420.0
719,1377927909,419.0
719,1377927914,415.0
719,1377927919,415.0
719,1377927924,424.0
719,1377927929,424.0
719,1377927934,424.0
719,1377927939,425.0
719,1377927944,420.0
719,1377927949,419.0
719,1377927954,411.0
719,1377927959,413.0
719,1377927969,413.0
719,1377927974,413.0
719,1377927979,420.0
719,1377927984,406.0
719,1377927989,401.0
719,1377927994,406.0
719,1377927999,412.0
719,1377928004,407.0
719,1377928009,422.0
719,1377928014,422.0
719,1377928019,418.0
719,1377928024,417.0
719,1377928029,412.0
719,1377928034,411.0
719,1377928039,418.0
719,1377928044,413.0
719,1377928049,417.0
719,1377928054,409.0
719,1377928059,406.0
719,1377928064,404.0
719,1377928069,396.0
719,1377928074,401.0
719,1377928079,408.0
719,1377928084,411.0
719,1377928089,411.0
719,1377928094,415.0
719,1377928099,415.0
719,1377928104,419.0
719,1377928109,419.0
719,1377928114,419.0
719,1377928119,425.0
719,1377928124,423.0
719,1377928129,428.0
719,1377928134,430.0
719,1377928139,427.0
719,1377928144,432.0
719,1377928149,425.0
719,1377928154,428.0
719,1377928159,428.0
719,1377928164,432.0
719,1377928169,433.0
719,1377928174,433.0
719,1377928179,430.0
719,1377928184,435.0
719,1377928189,432.0
719,1377928194,415.0
719,1377928199,415.0
719,1377928204,422.0
719,1377928209,419.0
719,1377928214,419.0
719,1377928219,419.0
719,1377928224,423.0
719,1377928229,430.0
719,1377928234,428.0
719,1377928239,433.0
719,1377928244,423.0
719,1377928249,423.0
719,1377928254,422.0
719,1377928259,422.0
719,1377928264,419.0
719,1377928269,424.0
719,1377928274,419.0
719,1377928279,415.0
719,1377928284,422.0
719,1377928289,413.0
719,1377928294,417.0
719,1377928299,419.0
719,1377928304,424.0
719,1377928309,425.0
719,1377928314,425.0
719,1377928319,422.0
719,1377928324,418.0
719,1377928329,418.0
719,1377928334,419.0
719,1377928339,420.0
719,1377928344,418.0
719,1377928349,411.0
719,1377928354,414.0
719,1377928359,412.0
719,1377928364,409.0
719,1377928369,407.0
719,1377928374,411.0
719,1377928379,413.0
719,1377928384,420.0
719,1377928389,424.0
719,1377928394,424.0
719,1377928399,415.0
719,1377928404,419.0
719,1377928409,411.0
719,1377928414,420.0
719,1377928419,418.0
719,1377928424,407.0
719,1377928429,407.0
719,1377928434,406.0
719,1377928439,403.0
719,1377928444,411.0
719,1377928449,419.0
719,1377928454,413.0
719,1377928459,417.0
719,1377928464,413.0
719,1377928469,420.0
719,1377928474,416.0
719,1377928479,415.0
719,1377928484,418.0
719,1377928489,411.0
719,1377928494,409.0
719,1377928499,412.0
719,1377928504,420.0
719,1377928509,418.0
719,1377928514,418.0
719,1377928519,424.0
719,1377928524,419.0
719,1377928529,419.0
719,1377928534,419.0
719,1377928539,414.0
719,1377928544,414.0
719,1377928549,412.0
719,1377928554,414.0
719,1377928559,422.0
719,1377928564,415.0
719,1377928569,413.0
719,1377928574,411.0
719,1377928579,407.0
719,1377928584,420.0
719,1377928589,415.0
719,1377928594,422.0
719,1377928599,423.0
719,1377928604,425.0
719,1377928609,423.0
719,1377928614,425.0
719,1377928619,419.0
719,1377928624,422.0
719,1377928629,418.0
719,1377928634,418.0
719,1377928639,424.0
719,1377928644,425.0
719,1377928649,428.0
719,1377928654,430.0
719,1377928661,425.0
719,1377928664,419.0
719,1377928669,422.0
719,1377928674,407.0
719,1377928679,412.0
719,1377928684,409.0
719,1377928689,412.0
719,1377928694,412.0
719,1377928699,411.0
719,1377928704,412.0
719,1377928709,422.0
719,1377928714,407.0
719,1377928719,412.0
719,1377928724,412.0
719,1377928729,417.0
719,1377928734,411.0
719,1377928739,407.0
719,1377928744,411.0
719,1377928749,419.0
719,1377928754,413.0
719,1377928759,415.0
719,1377928764,411.0
719,1377928769,422.0
719,1377928774,422.0
719,1377928779,430.0
719,1377928784,430.0
719,1377928789,423.0
719,1377928794,430.0
719,1377928799,428.0
719,1377928804,419.0
719,1377928809,420.0
719,1377928814,422.0
719,1377928819,416.0
719,1377928824,412.0
719,1377928829,404.0
719,1377928834,403.0
719,1377928839,406.0
719,1377928844,409.0
719,1377928849,420.0
719,1377928854,411.0
719,1377928859,418.0
719,1377928864,412.0
719,1377928869,413.0
719,1377928874,413.0
719,1377928879,413.0
719,1377928884,413.0
719,1377928889,407.0
719,1377928894,412.0
719,1377928899,412.0
719,1377928904,412.0
719,1377928909,416.0
719,1377928914,419.0
719,1377928919,424.0
719,1377928924,429.0
719,1377928929,433.0
719,1377928934,434.0
719,1377928939,434.0
719,1377928944,423.0
719,1377928949,422.0
719,1377928954,419.0
719,1377928959,417.0
719,1377928964,424.0
719,1377928969,425.0
719,1377928974,424.0
719,1377928979,413.0
719,1377928984,412.0
719,1377928989,407.0
719,1377928994,407.0
719,1377928999,406.0
719,1377929004,412.0
719,1377929009,406.0
719,1377929014,411.0
719,1377929019,416.0
719,1377929024,417.0
719,1377929029,407.0
719,1377929034,416.0
719,1377929039,407.0
719,1377929044,414.0
719,1377929049,420.0
719,1377929054,417.0
719,1377929059,418.0
719,1377929064,420.0
719,1377929069,417.0
719,1377929074,418.0
719,1377929079,409.0
719,1377929084,418.0
719,1377929089,417.0
719,1377929094,415.0
719,1377929099,422.0
719,1377929104,422.0
719,1377929109,413.0
719,1377929114,407.0
719,1377929119,412.0
719,1377929124,407.0
719,1377929129,409.0
719,1377929134,407.0
719,1377929139,407.0
719,1377929144,412.0
719,1377929149,407.0
719,1377929154,413.0
719,1377929159,413.0
719,1377929164,419.0
719,1377929169,422.0
719,1377929174,422.0
719,1377929179,422.0
719,1377929184,413.0
719,1377929189,418.0
719,1377929194,416.0
719,1377929199,416.0
719,1377929204,409.0
719,1377929209,411.0
719,1377929214,411.0
719,1377929219,430.0
719,1377929224,423.0
719,1377929229,423.0
719,1377929234,422.0
719,1377929239,416.0
719,1377929244,406.0
719,1377929249,409.0
719,1377929254,408.0
719,1377929259,416.0
719,1377929264,412.0
719,1377929269,420.0
719,1377929274,423.0
719,1377929279,433.0
719,1377929284,430.0
719,1377929289,428.0
719,1377929294,430.0
719,1377929299,419.0
719,1377929304,415.0
719,1377929309,419.0
719,1377929314,419.0
719,1377929319,419.0
719,1377929324,425.0
719,1377929329,424.0
719,1377929334,425.0
719,1377929339,424.0
719,1377929344,425.0
719,1377929349,415.0
719,1377929354,420.0
719,1377929359,411.0
719,1377929364,414.0
719,1377929369,418.0
719,1377929374,413.0
719,1377929381,420.0
719,1377929384,422.0
719,1377929389,422.0
719,1377929394,419.0
719,1377929399,422.0
719,1377929404,422.0
719,1377929409,422.0
719,1377929414,413.0
719,1377929419,412.0
719,1377929424,412.0
719,1377929429,403.0
719,1377929434,404.0
719,1377929439,409.0
719,1377929444,412.0
719,1377929449,420.0
719,1377929454,420.0
719,1377929459,413.0
719,1377929464,411.0
719,1377929469,416.0
719,1377929474,409.0
719,1377929479,422.0
719,1377929484,418.0
719,1377929489,419.0
719,1377929494,413.0
719,1377929499,407.0
719,1377929504,412.0
719,1377929509,414.0
719,1377929514,411.0
719,1377929519,409.0
719,1377929524,411.0
719,1377929529,419.0
719,1377929534,420.0
719,1377929539,423.0
719,1377929544,428.0
719,1377929549,428.0
719,1377929554,424.0
719,1377929559,415.0
719,1377929564,411.0
719,1377929569,412.0
719,1377929574,413.0
719,1377929579,413.0
719,1377929584,419.0
719,1377929589,412.0
719,1377929594,413.0
719,1377929599,416.0
719,1377929604,406.0
719,1377929609,412.0
719,1377929614,408.0
719,1377929619,406.0
719,1377929624,407.0
719,1377929629,413.0
719,1377929634,419.0
719,1377929639,425.0
719,1377929644,424.0
719,1377929649,419.0
719,1377929654,422.0
719,1377929659,422.0
719,1377929664,422.0
719,1377929669,418.0
719,1377929674,419.0
719,1377929679,417.0
719,1377929684,418.0
719,1377929689,422.0
719,1377929694,411.0
719,1377929699,417.0
719,1377929704,420.0
719,1377929709,411.0
719,1377929714,411.0
719,1377929719,409.0
719,1377929724,409.0
719,1377929729,412.0
719,1377929734,409.0
719,1377929739,409.0
719,1377929744,407.0
719,1377929749,409.0
719,1377929754,407.0
719,1377929759,412.0
719,1377929764,411.0
719,1377929769,419.0
719,1377929774,413.0
719,1377929779,411.0
719,1377929784,409.0
719,1377929789,407.0
719,1377929794,409.0
719,1377929799,412.0
719,1377929804,420.0
719,1377929809,420.0
719,1377929814,417.0
719,1377929819,416.0
719,1377929824,416.0
719,1377929829,407.0
719,1377929834,412.0
719,1377929839,412.0
719,1377929844,411.0
719,1377929849,411.0
719,1377929854,411.0
719,1377929859,409.0
719,1377929864,411.0
719,1377929869,413.0
719,1377929874,411.0
719,1377929879,418.0
719,1377929884,407.0
719,1377929889,416.0
719,1377929894,407.0
719,1377929899,411.0
719,1377929904,419.0
719,1377929909,415.0
719,1377929915,413.0
719,1377929919,417.0
719,1377929924,412.0
719,1377929929,403.0
719,1377929934,403.0
719,1377929939,406.0
719,1377929944,410.0
719,1377929949,412.0
719,1377929954,418.0
719,1377929959,411.0
719,1377929964,420.0
719,1377929969,425.0
719,1377929974,428.0
719,1377929979,423.0
719,1377929984,423.0
719,1377929989,430.0
719,1377929994,430.0
719,1377929999,428.0
719,1377930004,430.0
719,1377930009,433.0
719,1377930014,433.0
719,1377930019,430.0
719,1377930024,423.0
719,1377930029,423.0
719,1377930034,420.0
719,1377930039,418.0
719,1377930044,407.0
719,1377930049,408.0
719,1377930054,407.0
719,1377930059,413.0
719,1377930064,415.0
719,1377930069,427.0
719,1377930074,427.0
719,1377930079,423.0
719,1377930084,425.0
719,1377930089,424.0
719,1377930094,424.0
719,1377930099,413.0
719,1377930104,413.0
719,1377930109,411.0
719,1377930114,419.0
719,1377930119,413.0
719,1377930124,422.0
719,1377930129,422.0
719,1377930134,422.0
719,1377930141,419.0
719,1377930144,424.0
719,1377930149,420.0
719,1377930154,422.0
719,1377930159,419.0
719,1377930164,422.0
719,1377930169,415.0
719,1377930174,419.0
719,1377930179,413.0
719,1377930184,411.0
719,1377930189,414.0
719,1377930194,413.0
719,1377930199,411.0
719,1377930204,413.0
719,1377930209,415.0
719,1377930214,419.0
719,1377930219,420.0
719,1377930224,420.0
719,1377930229,420.0
719,1377930234,418.0
719,1377930239,419.0
719,1377930244,413.0
719,1377930249,418.0
719,1377930254,417.0
719,1377930259,420.0
719,1377930264,412.0
719,1377930269,418.0
719,1377930274,406.0
719,1377930279,407.0
719,1377930284,411.0
719,1377930289,413.0
719,1377930294,413.0
719,1377930299,418.0
719,1377930304,409.0
719,1377930309,406.0
719,1377930314,412.0
719,1377930319,418.0
719,1377930324,425.0
719,1377930329,430.0
719,1377930334,434.0
719,1377930339,428.0
719,1377930344,429.0
719,1377930349,422.0
719,1377930354,423.0
719,1377930359,422.0
719,1377930364,423.0
719,1377930369,423.0
719,1377930374,423.0
719,1377930379,429.0
719,1377930384,429.0
719,1377930389,433.0
719,1377930394,430.0
719,1377930399,427.0
719,1377930404,425.0
719,1377930409,425.0
719,1377930414,420.0
719,1377930419,422.0
719,1377930424,416.0
719,1377930429,411.0
719,1377930434,416.0
719,1377930439,416.0
719,1377930444,413.0
719,1377930449,413.0
719,1377930454,415.0
719,1377930459,418.0
719,1377930464,418.0
719,1377930469,411.0
719,1377930474,411.0
719,1377930479,422.0
719,1377930484,419.0
719,1377930489,423.0
719,1377930494,422.0
719,1377930499,423.0
719,1377930504,424.0
719,1377930509,428.0
719,1377930514,430.0
719,1377930520,428.0
719,1377930524,428.0
719,1377930529,428.0
719,1377930534,425.0
719,1377930539,428.0
719,1377930544,425.0
719,1377930549,419.0
719,1377930554,423.0
719,1377930559,422.0
719,1377930564,424.0
719,1377930569,417.0
719,1377930574,419.0
719,1377930579,422.0
719,1377930584,411.0
719,1377930589,417.0
719,1377930594,419.0
719,1377930599,419.0
719,1377930604,418.0
719,1377930609,411.0
719,1377930614,419.0
719,1377930619,420.0
719,1377930624,411.0
719,1377930629,414.0
719,1377930634,413.0
719,1377930639,418.0
719,1377930644,413.0
719,1377930649,420.0
719,1377930654,412.0
719,1377930659,413.0
719,1377930664,413.0
719,1377930669,413.0
719,1377930674,413.0
719,1377930679,416.0
719,1377930684,411.0
719,1377930689,403.0
719,1377930694,408.0
719,1377930699,407.0
719,1377930704,422.0
719,1377930709,422.0
719,1377930714,415.0
719,1377930719,422.0
719,1377930724,419.0
719,1377930730,425.0
719,1377930734,423.0
719,1377930739,425.0
719,1377930744,423.0
719,1377930749,428.0
719,1377930754,428.0
719,1377930759,427.0
719,1377930764,425.0
719,1377930769,424.0
719,1377930774,422.0
719,1377930779,419.0
719,1377930784,419.0
719,1377930789,423.0
719,1377930794,425.0
719,1377930799,430.0
719,1377930804,427.0
719,1377930809,428.0
719,1377930814,430.0
719,1377930819,423.0
719,1377930824,429.0
719,1377930829,427.0
719,1377930834,428.0
719,1377930839,419.0
719,1377930844,422.0
719,1377930849,420.0
719,1377930854,430.0
719,1377930859,422.0
719,1377930864,425.0
719,1377930869,418.0
719,1377930874,412.0
719,1377930879,407.0
719,1377930884,407.0
719,1377930891,413.0
719,1377930894,416.0
719,1377930899,416.0
719,1377930904,419.0
719,1377930909,419.0
719,1377930914,422.0
719,1377930919,413.0
719,1377930924,417.0
719,1377930929,409.0
719,1377930934,406.0
719,1377930939,412.0
719,1377930944,409.0
719,1377930949,411.0
719,1377930954,407.0
719,1377930959,412.0
719,1377930964,407.0
719,1377930969,412.0
719,1377930974,419.0
719,1377930979,424.0
719,1377930984,422.0
719,1377930989,430.0
719,1377930994,428.0
719,1377930999,428.0
719,1377931004,428.0
719,1377931009,423.0
719,1377931014,423.0
719,1377931019,425.0
719,1377931024,424.0
719,1377931029,419.0
719,1377931034,415.0
719,1377931039,419.0
719,1377931044,417.0
719,1377931049,423.0
719,1377931054,423.0
719,1377931059,423.0
719,1377931064,427.0
719,1377931069,433.0
719,1377931074,446.0
719,1377931079,430.0
719,1377931084,430.0
719,1377931089,422.0
719,1377931094,428.0
719,1377931099,423.0
719,1377931104,430.0
719,1377931109,432.0
719,1377931114,433.0
719,1377931119,433.0
719,1377931124,423.0
719,1377931129,425.0
719,1377931134,425.0
719,1377931139,422.0
719,1377931144,422.0
719,1377931149,419.0
719,1377931154,418.0
719,1377931159,419.0
719,1377931164,411.0
719,1377931169,411.0
719,1377931174,416.0
719,1377931179,412.0
719,1377931184,419.0
719,1377931189,419.0
719,1377931194,420.0
719,1377931199,415.0
719,1377931204,417.0
719,1377931209,411.0
719,1377931214,418.0
719,1377931219,424.0
719,1377931224,428.0
719,1377931229,432.0
719,1377931234,430.0
719,1377931239,428.0
719,1377931244,415.0
719,1377931249,416.0
719,1377931254,411.0
719,1377931259,409.0
719,1377931264,418.0
719,1377931269,412.0
719,1377931274,415.0
719,1377931279,422.0
719,1377931284,419.0
719,1377931289,413.0
719,1377931294,419.0
719,1377931299,411.0
719,1377931304,413.0
719,1377931309,417.0
719,1377931314,423.0
719,1377931319,425.0
719,1377931324,438.0
719,1377931329,428.0
719,1377931334,427.0
719,1377931339,424.0
719,1377931344,422.0
719,1377931349,419.0
719,1377931354,424.0
719,1377931359,430.0
719,1377931364,432.0
719,1377931369,433.0
719,1377931374,428.0
719,1377931379,427.0
719,1377931384,433.0
719,1377931389,429.0
719,1377931394,430.0
719,1377931399,430.0
719,1377931404,423.0
719,1377931409,424.0
719,1377931414,415.0
719,1377931419,413.0
719,1377931424,422.0
719,1377931429,412.0
719,1377931434,414.0
719,1377931439,412.0
719,1377931444,419.0
719,1377931449,419.0
719,1377931454,422.0
719,1377931459,428.0
719,1377931464,433.0
719,1377931469,436.0
719,1377931474,431.0
719,1377931479,435.0
719,1377931484,438.0
719,1377931489,440.0
719,1377931494,433.0
719,1377931499,428.0
719,1377931504,427.0
719,1377931509,423.0
719,1377931514,428.0
719,1377931519,428.0
719,1377931524,430.0
719,1377931529,424.0
719,1377931534,413.0
719,1377931539,419.0
719,1377931544,419.0
719,1377931549,423.0
719,1377931554,423.0
719,1377931559,423.0
719,1377931564,430.0
719,1377931569,429.0
719,1377931574,438.0
719,1377931579,433.0
719,1377931584,430.0
719,1377931589,428.0
719,1377931594,422.0
719,1377931599,420.0
719,1377931604,422.0
719,1377931609,411.0
719,1377931614,411.0
719,1377931619,416.0
719,1377931624,411.0
719,1377931629,411.0
719,1377931634,425.0
719,1377931639,422.0
719,1377931644,422.0
719,1377931651,427.0
719,1377931654,425.0
719,1377931659,423.0
719,1377931664,425.0
719,1377931669,415.0
719,1377931674,413.0
719,1377931679,422.0
719,1377931684,407.0
719,1377931689,407.0
719,1377931694,416.0
719,1377931699,418.0
719,1377931704,419.0
719,1377931709,423.0
719,1377931714,424.0
719,1377931719,425.0
719,1377931724,411.0
719,1377931729,412.0
719,1377931734,418.0
719,1377931739,420.0
719,1377931744,422.0
719,1377931749,422.0
719,1377931754,422.0
719,1377931759,422.0
719,1377931764,420.0
719,1377931769,413.0
719,1377931774,422.0
719,1377931779,415.0
719,1377931784,415.0
719,1377931789,428.0
719,1377931794,427.0
719,1377931799,433.0
719,1377931804,433.0
719,1377931809,429.0
719,1377931814,429.0
719,1377931819,434.0
719,1377931824,433.0
719,1377931829,428.0
719,1377931834,425.0
719,1377931839,425.0
719,1377931844,422.0
719,1377931849,411.0
719,1377931854,411.0
719,1377931859,407.0
719,1377931864,409.0
719,1377931869,412.0
719,1377931874,411.0
719,1377931879,415.0
719,1377931884,428.0
719,1377931889,427.0
719,1377931894,428.0
719,1377931899,423.0
719,1377931904,424.0
719,1377931909,411.0
719,1377931914,416.0
719,1377931919,412.0
719,1377931924,411.0
719,1377931929,419.0
719,1377931934,425.0
719,1377931939,423.0
719,1377931944,428.0
719,1377931949,428.0
719,1377931954,419.0
719,1377931959,422.0
719,1377931964,419.0
719,1377931969,415.0
719,1377931974,418.0
719,1377931979,415.0
719,1377931984,418.0
719,1377931989,411.0
719,1377931994,411.0
719,1377931999,408.0
719,1377932004,409.0
719,1377932009,411.0
719,1377932014,422.0
719,1377932019,430.0
719,1377932024,428.0
719,1377932029,428.0
719,1377932034,430.0
719,1377932039,428.0
719,1377932044,419.0
719,1377932049,413.0
719,1377932054,412.0
719,1377932059,412.0
719,1377932064,411.0
719,1377932069,413.0
719,1377932074,416.0
719,1377932079,420.0
719,1377932084,430.0
719,1377932089,418.0
719,1377932094,411.0
719,1377932099,407.0
719,1377932104,413.0
719,1377932109,413.0
719,1377932114,419.0
719,1377932119,411.0
719,1377932124,418.0
719,1377932129,411.0
719,1377932134,418.0
719,1377932139,417.0
719,1377932144,417.0
719,1377932149,416.0
719,1377932154,418.0
719,1377932159,412.0
719,1377932164,413.0
719,1377932169,411.0
719,1377932174,418.0
719,1377932179,418.0
719,1377932184,415.0
719,1377932189,424.0
719,1377932194,423.0
719,1377932199,428.0
719,1377932204,428.0
719,1377932209,425.0
719,1377932214,419.0
719,1377932219,413.0
719,1377932224,412.0
719,1377932229,417.0
719,1377932234,422.0
719,1377932239,422.0
719,1377932244,419.0
719,1377932249,425.0
719,1377932254,419.0
719,1377932259,424.0
719,1377932264,430.0
719,1377932269,428.0
719,1377932274,433.0
719,1377932279,436.0
719,1377932284,433.0
719,1377932289,429.0
719,1377932294,428.0
719,1377932299,422.0
719,1377932304,428.0
719,1377932309,428.0
719,1377932314,423.0
719,1377932319,423.0
719,1377932324,423.0
719,1377932329,425.0
719,1377932334,428.0
719,1377932339,423.0
719,1377932344,432.0
719,1377932349,428.0
719,1377932354,428.0
719,1377932359,425.0
719,1377932364,423.0
719,1377932369,419.0
719,1377932374,419.0
719,1377932384,411.0
719,1377932389,416.0
719,1377932394,413.0
719,1377932399,419.0
719,1377932404,419.0
719,1377932409,415.0
719,1377932414,428.0
719,1377932419,424.0
719,1377932424,415.0
719,1377932429,419.0
719,1377932434,430.0
719,1377932439,422.0
719,1377932444,415.0
719,1377932449,418.0
719,1377932454,412.0
719,1377932459,416.0
719,1377932464,418.0
719,1377932469,420.0
719,1377932474,420.0
719,1377932479,422.0
719,1377932484,419.0
719,1377932489,424.0
719,1377932494,425.0
719,1377932499,435.0
719,1377932504,430.0
719,1377932509,428.0
719,1377932514,425.0
719,1377932519,428.0
719,1377932524,429.0
719,1377932529,433.0
719,1377932534,429.0
719,1377932539,425.0
719,1377932544,432.0
719,1377932549,433.0
719,1377932554,428.0
719,1377932559,428.0
719,1377932564,428.0
719,1377932569,428.0
719,1377932574,427.0
719,1377932579,423.0
719,1377932584,424.0
719,1377932589,415.0
719,1377932594,424.0
719,1377932599,420.0
719,1377932604,419.0
719,1377932609,415.0
719,1377932614,419.0
719,1377932619,416.0
719,1377932624,417.0
719,1377932629,411.0
719,1377932634,422.0
719,1377932639,425.0
719,1377932644,423.0
719,1377932649,423.0
719,1377932654,419.0
719,1377932659,422.0
719,1377932664,419.0
719,1377932669,422.0
719,1377932674,422.0
719,1377932679,422.0
719,1377932684,428.0
719,1377932689,424.0
719,1377932694,425.0
719,1377932699,422.0
719,1377932704,419.0
719,1377932709,430.0
719,1377932714,413.0
719,1377932719,423.0
719,1377932724,428.0
719,1377932729,429.0
719,1377932734,433.0
719,1377932739,433.0
719,1377932744,425.0
719,1377932749,423.0
719,1377932754,420.0
719,1377932759,418.0
719,1377932764,413.0
719,1377932769,418.0
719,1377932774,419.0
719,1377932779,424.0
719,1377932784,424.0
719,1377932789,422.0
719,1377932794,419.0
719,1377932799,420.0
719,1377932804,418.0
719,1377932809,411.0
719,1377932814,422.0
719,1377932819,424.0
719,1377932824,425.0
719,1377932829,423.0
719,1377932834,425.0
719,1377932839,419.0
719,1377932844,411.0
719,1377932849,413.0
719,1377932854,415.0
719,1377932859,418.0
719,1377932864,424.0
719,1377932869,425.0
719,1377932874,428.0
719,1377932879,423.0
719,1377932884,429.0
719,1377932889,430.0
719,1377932894,433.0
719,1377932899,427.0
719,1377932904,430.0
719,1377932909,435.0
719,1377932914,433.0
719,1377932919,429.0
719,1377932924,423.0
719,1377932929,419.0
719,1377932934,415.0
719,1377932939,419.0
719,1377932944,419.0
719,1377932949,422.0
719,1377932954,420.0
719,1377932959,415.0
719,1377932964,413.0
719,1377932969,407.0
719,1377932974,409.0
719,1377932979,412.0
719,1377932984,413.0
719,1377932989,419.0
719,1377932994,424.0
719,1377932999,427.0
719,1377933004,422.0
719,1377933009,422.0
719,1377933014,425.0
719,1377933019,425.0
719,1377933024,419.0
719,1377933029,415.0
719,1377933034,430.0
719,1377933039,419.0
719,1377933044,416.0
719,1377933049,412.0
719,1377933054,409.0
719,1377933059,413.0
719,1377933064,415.0
719,1377933069,422.0
719,1377933074,423.0
719,1377933083,422.0
719,1377933084,428.0
719,1377933089,425.0
719,1377933094,428.0
719,1377933099,425.0
719,1377933104,424.0
719,1377933109,419.0
719,1377933114,418.0
719,1377933119,420.0
719,1377933124,424.0
719,1377933129,424.0
719,1377933134,424.0
719,1377933139,419.0
719,1377933144,425.0
719,1377933149,428.0
719,1377933154,423.0
719,1377933159,423.0
719,1377933164,430.0
719,1377933169,430.0
719,1377933174,424.0
719,1377933179,420.0
719,1377933184,419.0
719,1377933189,424.0
719,1377933194,423.0
719,1377933199,428.0
719,1377933204,424.0
719,1377933209,419.0
719,1377933214,412.0
719,1377933219,412.0
719,1377933224,406.0
719,1377933229,412.0
719,1377933234,412.0
719,1377933239,412.0
719,1377933244,407.0
719,1377933249,422.0
719,1377933254,411.0
719,1377933259,422.0
719,1377933264,422.0
719,1377933269,423.0
719,1377933274,427.0
719,1377933279,423.0
719,1377933284,423.0
719,1377933289,420.0
719,1377933294,413.0
719,1377933299,419.0
719,1377933304,420.0
719,1377933309,415.0
719,1377933314,413.0
719,1377933319,416.0
719,1377933324,414.0
719,1377933329,412.0
719,1377933334,413.0
719,1377933339,422.0
719,1377933344,422.0
719,1377933349,419.0
719,1377933354,419.0
719,1377933359,411.0
719,1377933364,411.0
719,1377933369,408.0
719,1377933374,413.0
719,1377933379,422.0
719,1377933384,424.0
719,1377933389,423.0
719,1377933394,425.0
719,1377933399,428.0
719,1377933404,430.0
719,1377933409,423.0
719,1377933414,422.0
719,1377933419,419.0
719,1377933424,423.0
719,1377933429,428.0
719,1377933434,425.0
719,1377933439,425.0
719,1377933444,428.0
719,1377933449,420.0
719,1377933454,419.0
719,1377933459,417.0
719,1377933464,411.0
719,1377933469,407.0
719,1377933474,407.0
719,1377933479,412.0
719,1377933484,409.0
719,1377933489,409.0
719,1377933494,411.0
719,1377933499,420.0
719,1377933504,416.0
719,1377933509,416.0
719,1377933514,416.0
719,1377933519,412.0
719,1377933524,412.0
719,1377933529,412.0
719,1377933534,411.0
719,1377933539,417.0
719,1377933544,411.0
719,1377933549,419.0
719,1377933554,428.0
719,1377933559,422.0
719,1377933564,423.0
719,1377933569,424.0
719,1377933574,424.0
719,1377933579,413.0
719,1377933584,420.0
719,1377933589,412.0
719,1377933594,413.0
719,1377933599,415.0
719,1377933604,428.0
719,1377933609,423.0
719,1377933614,425.0
719,1377933619,417.0
719,1377933624,430.0
719,1377933629,424.0
719,1377933634,424.0
719,1377933639,422.0
719,1377933644,423.0
719,1377933649,425.0
719,1377933654,427.0
719,1377933659,423.0
719,1377933664,428.0
719,1377933669,425.0
719,1377933674,423.0
719,1377933679,425.0
719,1377933684,423.0
719,1377933689,415.0
719,1377933694,413.0
719,1377933699,413.0
719,1377933704,413.0
719,1377933709,430.0
719,1377933714,419.0
719,1377933719,424.0
719,1377933724,422.0
719,1377933729,425.0
719,1377933734,423.0
719,1377933739,423.0
719,1377933744,430.0
719,1377933749,431.0
719,1377933754,429.0
719,1377933759,432.0
719,1377933764,428.0
719,1377933769,422.0
719,1377933774,423.0
719,1377933784,425.0
719,1377933789,427.0
719,1377933794,427.0
719,1377933799,424.0
719,1377933804,420.0
719,1377933809,413.0
719,1377933814,412.0
719,1377933819,422.0
719,1377933824,411.0
719,1377933829,422.0
719,1377933834,424.0
719,1377933839,425.0
719,1377933844,427.0
719,1377933849,428.0
719,1377933854,429.0
719,1377933859,433.0
719,1377933864,433.0
719,1377933869,427.0
719,1377933874,425.0
719,1377933879,413.0
719,1377933884,413.0
719,1377933889,422.0
719,1377933894,420.0
719,1377933899,419.0
719,1377933904,419.0
719,1377933909,413.0
719,1377933914,417.0
719,1377933919,413.0
719,1377933924,418.0
719,1377933929,422.0
719,1377933934,424.0
719,1377933939,419.0
719,1377933944,422.0
719,1377933949,425.0
719,1377933954,425.0
719,1377933959,424.0
719,1377933964,416.0
719,1377933969,420.0
719,1377933974,408.0
719,1377933979,407.0
719,1377933984,412.0
719,1377933989,416.0
719,1377933994,419.0
719,1377933999,425.0
719,1377934004,427.0
719,1377934009,430.0
719,1377934014,430.0
719,1377934019,428.0
719,1377934024,430.0
719,1377934029,433.0
719,1377934034,432.0
719,1377934039,425.0
719,1377934044,424.0
719,1377934049,419.0
719,1377934054,415.0
719,1377934059,422.0
719,1377934064,428.0
719,1377934069,422.0
719,1377934074,425.0
719,1377934079,423.0
719,1377934084,430.0
719,1377934089,419.0
719,1377934094,422.0
719,1377934099,409.0
719,1377934104,416.0
719,1377934109,408.0
719,1377934114,411.0
719,1377934119,420.0
719,1377934124,423.0
719,1377934129,423.0
719,1377934134,428.0
719,1377934139,425.0
719,1377934144,425.0
719,1377934149,419.0
719,1377934154,420.0
719,1377934159,413.0
719,1377934164,413.0
719,1377934169,418.0
719,1377934174,413.0
719,1377934179,419.0
719,1377934184,422.0
719,1377934189,415.0
719,1377934194,411.0
719,1377934199,420.0
719,1377934204,418.0
719,1377934209,418.0
719,1377934214,415.0
719,1377934219,420.0
719,1377934224,419.0
719,1377934229,422.0
719,1377934234,416.0
719,1377934239,411.0
719,1377934244,418.0
719,1377934249,419.0
719,1377934254,422.0
719,1377934259,422.0
719,1377934264,422.0
719,1377934269,415.0
719,1377934274,424.0
719,1377934279,424.0
719,1377934284,425.0
719,1377934289,423.0
719,1377934294,428.0
719,1377934299,430.0
719,1377934304,425.0
719,1377934309,422.0
719,1377934314,430.0
719,1377934319,425.0
719,1377934324,428.0
719,1377934329,425.0
719,1377934334,428.0
719,1377934339,422.0
719,1377934344,425.0
719,1377934349,424.0
719,1377934354,425.0
719,1377934359,417.0
719,1377934364,420.0
719,1377934369,407.0
719,1377934374,412.0
719,1377934379,403.0
719,1377934384,411.0
719,1377934389,407.0
719,1377934394,416.0
719,1377934399,413.0
719,1377934404,420.0
719,1377934409,416.0
719,1377934414,412.0
719,1377934419,418.0
719,1377934424,409.0
719,1377934429,408.0
719,1377934434,407.0
719,1377934439,407.0
719,1377934444,411.0
719,1377934449,415.0
719,1377934454,413.0
719,1377934459,422.0
719,1377934464,422.0
719,1377934469,428.0
719,1377934474,425.0
719,1377934479,428.0
719,1377934484,425.0
719,1377934489,422.0
719,1377934494,415.0
719,1377934501,419.0
719,1377934504,413.0
719,1377934509,419.0
719,1377934514,424.0
719,1377934519,428.0
719,1377934524,424.0
719,1377934529,415.0
719,1377934534,413.0
719,1377934539,413.0
719,1377934544,424.0
719,1377934549,430.0
719,1377934554,428.0
719,1377934559,425.0
719,1377934564,428.0
719,1377934569,428.0
719,1377934574,422.0
719,1377934579,425.0
719,1377934584,423.0
719,1377934589,430.0
719,1377934594,430.0
719,1377934599,430.0
719,1377934604,432.0
719,1377934609,428.0
719,1377934614,428.0
719,1377934619,422.0
719,1377934624,425.0
719,1377934629,423.0
719,1377934634,429.0
719,1377934639,423.0
719,1377934644,430.0
719,1377934649,425.0
719,1377934654,433.0
719,1377934659,430.0
719,1377934664,435.0
719,1377934669,433.0
719,1377934674,430.0
719,1377934679,422.0
719,1377934684,422.0
719,1377934689,419.0
719,1377934694,422.0
719,1377934699,415.0
719,1377934704,425.0
719,1377934709,422.0
719,1377934714,419.0
719,1377934719,411.0
719,1377934724,407.0
719,1377934729,420.0
719,1377934734,409.0
719,1377934739,420.0
719,1377934744,419.0
719,1377934749,423.0
719,1377934754,430.0
719,1377934759,436.0
719,1377934764,430.0
719,1377934769,433.0
719,1377934774,425.0
719,1377934779,422.0
719,1377934784,420.0
719,1377934789,406.0
719,1377934794,412.0
719,1377934799,420.0
719,1377934804,413.0
719,1377934809,422.0
719,1377934814,419.0
719,1377934819,412.0
719,1377934824,412.0
719,1377934829,408.0
719,1377934834,406.0
719,1377934839,409.0
719,1377934844,413.0
719,1377934849,419.0
719,1377934854,424.0
719,1377934859,419.0
719,1377934864,424.0
719,1377934869,424.0
719,1377934874,425.0
719,1377934879,423.0
719,1377934884,432.0
719,1377934889,430.0
719,1377934894,429.0
719,1377934899,438.0
719,1377934904,436.0
719,1377934909,431.0
719,1377934914,438.0
719,1377934919,438.0
719,1377934924,439.0
719,1377934929,440.0
719,1377934934,433.0
719,1377934939,424.0
719,1377934944,412.0
719,1377934949,407.0
719,1377934954,406.0
719,1377934959,408.0
719,1377934964,414.0
719,1377934969,412.0
719,1377934974,419.0
719,1377934979,425.0
719,1377934984,419.0
719,1377934989,425.0
719,1377934994,419.0
719,1377934999,422.0
719,1377935004,415.0
719,1377935009,430.0
719,1377935014,428.0
719,1377935019,425.0
719,1377935024,420.0
719,1377935029,411.0
719,1377935034,412.0
719,1377935039,414.0
719,1377935044,414.0
719,1377935049,411.0
719,1377935054,411.0
719,1377935059,424.0
719,1377935064,428.0
719,1377935069,429.0
719,1377935074,432.0
719,1377935079,423.0
719,1377935084,420.0
719,1377935089,412.0
719,1377935094,416.0
719,1377935099,412.0
719,1377935104,419.0
719,1377935109,411.0
719,1377935114,415.0
719,1377935119,411.0
719,1377935124,415.0
719,1377935129,412.0
719,1377935134,418.0
719,1377935139,416.0
719,1377935144,422.0
719,1377935149,417.0
719,1377935154,419.0
719,1377935159,419.0
719,1377935164,422.0
719,1377935169,419.0
719,1377935174,415.0
719,1377935179,422.0
719,1377935184,424.0
719,1377935189,415.0
719,1377935199,420.0
719,1377935204,419.0
719,1377935209,415.0
719,1377935214,419.0
719,1377935219,424.0
719,1377935224,424.0
719,1377935229,419.0
719,1377935234,419.0
719,1377935239,425.0
719,1377935244,424.0
719,1377935249,423.0
719,1377935254,425.0
719,1377935259,422.0
719,1377935264,415.0
719,1377935269,415.0
719,1377935274,419.0
719,1377935279,423.0
719,1377935284,424.0
719,1377935289,424.0
719,1377935294,428.0
719,1377935299,417.0
719,1377935304,418.0
719,1377935309,424.0
719,1377935314,424.0
719,1377935319,433.0
719,1377935324,430.0
719,1377935329,428.0
719,1377935334,427.0
719,1377935339,419.0
719,1377935344,419.0
719,1377935349,420.0
719,1377935354,429.0
719,1377935359,433.0
719,1377935364,435.0
719,1377935369,433.0
719,1377935374,431.0
719,1377935379,433.0
719,1377935384,430.0
719,1377935389,419.0
719,1377935394,415.0
719,1377935399,413.0
719,1377935404,422.0
719,1377935409,419.0
719,1377935414,419.0
719,1377935419,420.0
719,1377935424,415.0
719,1377935429,419.0
719,1377935434,420.0
719,1377935439,422.0
719,1377935444,411.0
719,1377935449,412.0
719,1377935454,412.0
719,1377935459,407.0
719,1377935464,401.0
719,1377935469,408.0
719,1377935474,399.0
719,1377935479,408.0
719,1377935484,412.0
719,1377935489,411.0
719,1377935494,416.0
719,1377935499,418.0
719,1377935504,409.0
719,1377935509,413.0
719,1377935514,413.0
719,1377935519,411.0
719,1377935524,417.0
719,1377935529,425.0
719,1377935534,422.0
719,1377935539,428.0
719,1377935544,415.0
719,1377935549,419.0
719,1377935554,419.0
719,1377935559,419.0
719,1377935564,420.0
719,1377935569,423.0
719,1377935574,424.0
719,1377935579,415.0
719,1377935584,416.0
719,1377935589,411.0
719,1377935594,418.0
719,1377935599,417.0
719,1377935604,413.0
719,1377935610,419.0
719,1377935614,417.0
719,1377935619,418.0
719,1377935624,419.0
719,1377935629,419.0
719,1377935634,422.0
719,1377935639,413.0
719,1377935644,418.0
719,1377935649,413.0
719,1377935654,422.0
719,1377935659,423.0
719,1377935664,422.0
719,1377935669,415.0
719,1377935674,424.0
719,1377935679,424.0
719,1377935684,422.0
719,1377935689,422.0
719,1377935694,423.0
719,1377935699,425.0
719,1377935704,428.0
719,1377935709,430.0
719,1377935714,425.0
719,1377935719,425.0
719,1377935724,428.0
719,1377935729,423.0
719,1377935734,423.0
719,1377935739,428.0
719,1377935744,424.0
719,1377935749,424.0
719,1377935754,424.0
719,1377935759,425.0
719,1377935764,424.0
719,1377935769,419.0
719,1377935774,416.0
719,1377935779,412.0
719,1377935784,412.0
719,1377935789,422.0
719,1377935794,420.0
719,1377935799,425.0
719,1377935804,430.0
719,1377935809,424.0
719,1377935814,422.0
719,1377935819,411.0
719,1377935824,411.0
719,1377935829,413.0
719,1377935834,411.0
719,1377935839,412.0
719,1377935844,411.0
719,1377935849,413.0
719,1377935854,413.0
719,1377935859,424.0
719,1377935864,425.0
719,1377935869,423.0
719,1377935874,424.0
719,1377935879,411.0
719,1377935884,419.0
719,1377935889,419.0
719,1377935894,419.0
719,1377935899,424.0
719,1377935904,422.0
719,1377935909,423.0
719,1377935914,424.0
719,1377935919,424.0
719,1377935924,420.0
719,1377935934,424.0
719,1377935939,422.0
719,1377935944,422.0
719,1377935949,428.0
719,1377935954,419.0
719,1377935959,423.0
719,1377935964,420.0
719,1377935969,425.0
719,1377935974,422.0
719,1377935979,419.0
719,1377935984,415.0
719,1377935989,425.0
719,1377935994,422.0
719,1377935999,419.0
719,1377936004,422.0
719,1377936009,420.0
719,1377936014,409.0
719,1377936019,406.0
719,1377936024,413.0
719,1377936029,419.0
719,1377936034,415.0
719,1377936039,411.0
719,1377936044,419.0
719,1377936049,413.0
719,1377936054,412.0
719,1377936059,409.0
719,1377936064,416.0
719,1377936069,419.0
719,1377936074,419.0
719,1377936079,430.0
719,1377936084,425.0
719,1377936089,423.0
719,1377936094,422.0
719,1377936099,428.0
719,1377936104,433.0
719,1377936109,438.0
719,1377936114,441.0
719,1377936119,438.0
719,1377936124,433.0
719,1377936129,419.0
719,1377936134,411.0
719,1377936139,412.0
719,1377936144,407.0
719,1377936149,413.0
719,1377936154,413.0
719,1377936159,422.0
719,1377936164,425.0
719,1377936169,425.0
719,1377936174,422.0
719,1377936179,419.0
719,1377936184,415.0
719,1377936189,420.0
719,1377936194,420.0
719,1377936199,424.0
719,1377936204,425.0
719,1377936209,428.0
719,1377936214,423.0
719,1377936219,422.0
719,1377936224,428.0
719,1377936229,425.0
719,1377936234,420.0
719,1377936239,425.0
719,1377936244,422.0
719,1377936249,423.0
719,1377936254,419.0
719,1377936259,422.0
719,1377936264,422.0
719,1377936269,423.0
719,1377936274,428.0
719,1377936279,425.0
719,1377936284,419.0
719,1377936289,419.0
719,1377936294,419.0
719,1377936299,424.0
719,1377936304,424.0
719,1377936309,424.0
719,1377936314,419.0
719,1377936319,419.0
719,1377936324,413.0
719,1377936329,422.0
719,1377936334,428.0
719,1377936339,423.0
719,1377936344,428.0
719,1377936349,425.0
719,1377936354,428.0
719,1377936359,425.0
719,1377936364,428.0
719,1377936369,432.0
719,1377936374,429.0
719,1377936379,427.0
719,1377936384,428.0
719,1377936389,422.0
719,1377936394,423.0
719,1377936399,425.0
719,1377936404,424.0
719,1377936409,422.0
719,1377936414,414.0
719,1377936419,406.0
719,1377936424,412.0
719,1377936429,411.0
719,1377936434,419.0
719,1377936439,417.0
719,1377936444,418.0
719,1377936449,409.0
719,1377936454,407.0
719,1377936459,409.0
719,1377936464,418.0
719,1377936469,418.0
719,1377936474,411.0
719,1377936479,420.0
719,1377936484,422.0
719,1377936489,423.0
719,1377936494,420.0
719,1377936499,425.0
719,1377936504,417.0
719,1377936509,419.0
719,1377936514,413.0
719,1377936519,422.0
719,1377936524,415.0
719,1377936529,415.0
719,1377936534,411.0
719,1377936539,420.0
719,1377936544,413.0
719,1377936549,413.0
719,1377936554,418.0
719,1377936559,418.0
719,1377936564,419.0
719,1377936569,419.0
719,1377936574,424.0
719,1377936579,424.0
719,1377936584,419.0
719,1377936589,419.0
719,1377936594,419.0
719,1377936599,411.0
719,1377936604,422.0
719,1377936609,424.0
719,1377936614,422.0
719,1377936619,422.0
719,1377936624,428.0
719,1377936629,428.0
719,1377936634,423.0
719,1377936639,423.0
719,1377936644,438.0
719,1377936649,419.0
719,1377936654,411.0
719,1377936659,418.0
719,1377936664,418.0
719,1377936669,418.0
719,1377936674,411.0
719,1377936679,412.0
719,1377936684,414.0
719,1377936691,407.0
719,1377936694,411.0
719,1377936699,409.0
719,1377936704,412.0
719,1377936709,406.0
719,1377936714,412.0
719,1377936719,412.0
719,1377936724,409.0
719,1377936729,411.0
719,1377936734,418.0
719,1377936739,415.0
719,1377936744,420.0
719,1377936749,415.0
719,1377936754,417.0
719,1377936759,430.0
719,1377936764,423.0
719,1377936769,433.0
719,1377936774,419.0
719,1377936779,424.0
719,1377936784,424.0
719,1377936789,425.0
719,1377936794,422.0
719,1377936799,427.0
719,1377936804,423.0
719,1377936809,415.0
719,1377936814,419.0
719,1377936819,423.0
719,1377936824,420.0
719,1377936829,411.0
719,1377936834,407.0
719,1377936839,409.0
719,1377936844,411.0
719,1377936849,409.0
719,1377936854,411.0
719,1377936859,413.0
719,1377936864,415.0
719,1377936869,414.0
719,1377936874,411.0
719,1377936879,409.0
719,1377936884,411.0
719,1377936889,416.0
719,1377936894,413.0
719,1377936899,412.0
719,1377936904,411.0
719,1377936909,412.0
719,1377936914,412.0
719,1377936919,409.0
719,1377936924,407.0
719,1377936929,407.0
719,1377936934,416.0
719,1377936939,416.0
719,1377936944,412.0
719,1377936949,407.0
719,1377936954,406.0
719,1377936959,407.0
719,1377936964,411.0
719,1377936969,407.0
719,1377936974,413.0
719,1377936979,413.0
719,1377936984,411.0
719,1377936989,411.0
719,1377936994,409.0
719,1377936999,413.0
719,1377937004,418.0
719,1377937009,420.0
719,1377937014,424.0
719,1377937019,430.0
719,1377937024,422.0
719,1377937029,423.0
719,1377937034,413.0
719,1377937039,412.0
719,1377937044,409.0
719,1377937049,412.0
719,1377937054,411.0
719,1377937059,420.0
719,1377937064,419.0
719,1377937069,424.0
719,1377937074,425.0
719,1377937079,425.0
719,1377937084,420.0
719,1377937089,406.0
719,1377937094,420.0
719,1377937099,407.0
719,1377937104,413.0
719,1377937109,422.0
719,1377937114,428.0
719,1377937119,424.0
719,1377937124,424.0
719,1377937129,422.0
719,1377937134,420.0
719,1377937139,418.0
719,1377937144,422.0
719,1377937149,423.0
719,1377937154,425.0
719,1377937159,430.0
719,1377937164,422.0
719,1377937169,425.0
719,1377937174,418.0
719,1377937179,407.0
719,1377937184,406.0
719,1377937189,406.0
719,1377937194,412.0
719,1377937199,408.0
719,1377937204,401.0
719,1377937209,404.0
719,1377937214,403.0
719,1377937219,404.0
719,1377937224,409.0
719,1377937229,412.0
719,1377937234,406.0
719,1377937239,416.0
719,1377937244,407.0
719,1377937249,422.0
719,1377937254,420.0
719,1377937259,423.0
719,1377937264,428.0
719,1377937269,433.0
719,1377937274,429.0
719,1377937279,430.0
719,1377937284,432.0
719,1377937289,430.0
719,1377937294,423.0
719,1377937299,422.0
719,1377937304,424.0
719,1377937309,423.0
719,1377937314,422.0
719,1377937319,419.0
719,1377937324,422.0
719,1377937329,415.0
719,1377937334,424.0
719,1377937339,419.0
719,1377937344,419.0
719,1377937349,425.0
719,1377937354,423.0
719,1377937359,428.0
719,1377937364,428.0
719,1377937369,428.0
719,1377937374,427.0
719,1377937379,423.0
719,1377937384,427.0
719,1377937389,425.0
719,1377937394,423.0
719,1377937399,425.0
719,1377937404,423.0
719,1377937409,428.0
719,1377937414,422.0
719,1377937419,419.0
719,1377937424,419.0
719,1377937429,419.0
719,1377937434,411.0
719,1377937439,413.0
719,1377937444,415.0
719,1377937451,413.0
719,1377937454,428.0
719,1377937459,419.0
719,1377937464,423.0
719,1377937469,422.0
719,1377937474,428.0
719,1377937479,419.0
719,1377937484,420.0
719,1377937489,418.0
719,1377937494,413.0
719,1377937499,413.0
719,1377937504,418.0
719,1377937509,419.0
719,1377937514,418.0
719,1377937519,420.0
719,1377937524,414.0
719,1377937529,416.0
719,1377937534,413.0
719,1377937539,419.0
719,1377937544,425.0
719,1377937549,428.0
719,1377937554,419.0
719,1377937559,419.0
719,1377937564,411.0
719,1377937569,420.0
719,1377937574,419.0
719,1377937579,423.0
719,1377937584,420.0
719,1377937589,412.0
719,1377937594,411.0
719,1377937599,411.0
719,1377937604,420.0
719,1377937609,419.0
719,1377937614,413.0
719,1377937619,413.0
719,1377937624,419.0
719,1377937629,419.0
719,1377937634,419.0
719,1377937639,411.0
719,1377937644,413.0
719,1377937649,412.0
719,1377937654,414.0
719,1377937659,411.0
719,1377937664,412.0
719,1377937669,420.0
719,1377937674,416.0
719,1377937679,416.0
719,1377937684,411.0
719,1377937689,418.0
719,1377937694,418.0
719,1377937699,416.0
719,1377937704,412.0
719,1377937709,409.0
719,1377937714,411.0
719,1377937719,418.0
719,1377937724,420.0
719,1377937729,423.0
719,1377937734,419.0
719,1377937739,419.0
719,1377937744,419.0
719,1377937749,428.0
719,1377937754,418.0
719,1377937759,420.0
719,1377937764,419.0
719,1377937769,428.0
719,1377937774,409.0
719,1377937779,403.0
719,1377937784,403.0
719,1377937789,403.0
719,1377937794,412.0
719,1377937799,412.0
719,1377937804,406.0
719,1377937809,407.0
719,1377937814,412.0
719,1377937819,413.0
719,1377937824,413.0
719,1377937829,419.0
719,1377937834,423.0
719,1377937839,419.0
719,1377937844,420.0
719,1377937849,411.0
719,1377937854,418.0
719,1377937859,419.0
719,1377937864,420.0
719,1377937869,411.0
719,1377937874,419.0
719,1377937879,411.0
719,1377937884,418.0
719,1377937889,418.0
719,1377937894,416.0
719,1377937899,407.0
719,1377937904,409.0
719,1377937909,412.0
719,1377937914,412.0
719,1377937919,406.0
719,1377937924,407.0
719,1377937929,413.0
719,1377937934,411.0
719,1377937939,417.0
719,1377937944,418.0
719,1377937949,413.0
719,1377937954,413.0
719,1377937959,419.0
719,1377937964,411.0
719,1377937969,416.0
719,1377937974,409.0
719,1377937979,412.0
719,1377937984,409.0
719,1377937989,412.0
719,1377937994,415.0
719,1377937999,423.0
719,1377938004,424.0
719,1377938009,422.0
719,1377938014,423.0
719,1377938019,422.0
719,1377938024,424.0
719,1377938029,424.0
719,1377938034,419.0
719,1377938039,419.0
719,1377938044,411.0
719,1377938049,411.0
719,1377938054,407.0
719,1377938059,412.0
719,1377938064,407.0
719,1377938069,407.0
719,1377938074,411.0
719,1377938079,422.0
719,1377938084,424.0
719,1377938089,428.0
719,1377938094,423.0
719,1377938099,422.0
719,1377938104,424.0
719,1377938109,420.0
719,1377938114,417.0
719,1377938119,411.0
719,1377938124,413.0
719,1377938129,411.0
719,1377938134,407.0
719,1377938139,411.0
719,1377938144,413.0
719,1377938149,420.0
719,1377938154,413.0
719,1377938159,413.0
719,1377938164,422.0
719,1377938169,420.0
719,1377938174,418.0
719,1377938179,419.0
719,1377938184,424.0
719,1377938189,423.0
719,1377938194,424.0
719,1377938199,422.0
719,1377938204,425.0
719,1377938209,419.0
719,1377938214,422.0
719,1377938219,422.0
719,1377938224,424.0
719,1377938229,422.0
719,1377938239,422.0
719,1377938244,418.0
719,1377938249,417.0
719,1377938254,418.0
719,1377938259,413.0
719,1377938264,418.0
719,1377938269,415.0
719,1377938274,411.0
719,1377938279,411.0
719,1377938284,420.0
719,1377938289,419.0
719,1377938294,419.0
719,1377938299,418.0
719,1377938304,407.0
719,1377938309,407.0
719,1377938314,403.0
719,1377938319,407.0
719,1377938324,414.0
719,1377938329,415.0
719,1377938334,419.0
719,1377938339,423.0
719,1377938344,428.0
719,1377938350,427.0
719,1377938354,435.0
719,1377938359,425.0
719,1377938364,429.0
719,1377938369,423.0
719,1377938374,423.0
719,1377938379,423.0
719,1377938384,423.0
719,1377938389,424.0
719,1377938394,424.0
719,1377938399,413.0
719,1377938404,418.0
719,1377938409,419.0
719,1377938414,416.0
719,1377938419,411.0
719,1377938424,418.0
719,1377938429,417.0
719,1377938434,416.0
719,1377938439,411.0
719,1377938444,412.0
719,1377938449,409.0
719,1377938454,408.0
719,1377938459,414.0
719,1377938464,407.0
719,1377938469,412.0
719,1377938474,414.0
719,1377938479,416.0
719,1377938484,409.0
719,1377938489,412.0
719,1377938494,412.0
719,1377938499,420.0
719,1377938504,411.0
719,1377938509,418.0
719,1377938514,422.0
719,1377938519,424.0
719,1377938524,418.0
719,1377938529,413.0
719,1377938534,412.0
719,1377938539,406.0
719,1377938544,406.0
719,1377938549,403.0
719,1377938554,408.0
719,1377938559,412.0
719,1377938564,409.0
719,1377938569,412.0
719,1377938574,412.0
719,1377938579,412.0
719,1377938584,407.0
719,1377938589,409.0
719,1377938594,413.0
719,1377938599,420.0
719,1377938604,419.0
719,1377938609,415.0
719,1377938614,413.0
719,1377938619,406.0
719,1377938624,407.0
719,1377938629,409.0
719,1377938634,409.0
719,1377938639,414.0
719,1377938644,414.0
719,1377938649,413.0
719,1377938654,419.0
719,1377938659,424.0
719,1377938664,422.0
719,1377938669,418.0
719,1377938674,417.0
719,1377938679,412.0
719,1377938684,411.0
719,1377938689,417.0
719,1377938694,411.0
719,1377938699,412.0
719,1377938704,418.0
719,1377938709,407.0
719,1377938714,411.0
719,1377938719,407.0
719,1377938724,420.0
719,1377938729,418.0
719,1377938734,416.0
719,1377938739,415.0
719,1377938744,415.0
719,1377938749,411.0
719,1377938754,409.0
719,1377938759,411.0
719,1377938764,409.0
719,1377938769,412.0
719,1377938774,413.0
719,1377938779,416.0
719,1377938784,409.0
719,1377938789,403.0
719,1377938794,406.0
719,1377938799,403.0
719,1377938804,408.0
719,1377938809,412.0
719,1377938814,413.0
719,1377938819,418.0
719,1377938824,409.0
719,1377938829,414.0
719,1377938834,403.0
719,1377938839,406.0
719,1377938844,406.0
719,1377938849,411.0
719,1377938854,411.0
719,1377938859,419.0
719,1377938864,422.0
719,1377938869,422.0
719,1377938874,422.0
719,1377938879,419.0
719,1377938884,411.0
719,1377938889,403.0
719,1377938894,406.0
719,1377938899,404.0
719,1377938904,407.0
719,1377938909,411.0
719,1377938914,409.0
719,1377938919,412.0
719,1377938924,420.0
719,1377938929,412.0
719,1377938934,411.0
719,1377938939,411.0
719,1377938944,413.0
719,1377938949,419.0
719,1377938954,416.0
719,1377938959,412.0
719,1377938964,411.0
719,1377938969,411.0
719,1377938974,409.0
719,1377938979,416.0
719,1377938984,409.0
719,1377938989,420.0
719,1377938996,413.0
719,1377938999,422.0
719,1377939004,422.0
719,1377939009,424.0
719,1377939014,420.0
719,1377939019,420.0
719,1377939024,407.0
719,1377939029,413.0
719,1377939034,408.0
719,1377939039,406.0
719,1377939044,412.0
719,1377939049,409.0
719,1377939054,406.0
719,1377939059,411.0
719,1377939064,418.0
719,1377939069,424.0
719,1377939074,423.0
719,1377939079,424.0
719,1377939084,422.0
719,1377939089,413.0
719,1377939094,412.0
719,1377939099,409.0
719,1377939104,414.0
719,1377939109,413.0
719,1377939114,428.0
719,1377939119,411.0
719,1377939124,418.0
719,1377939129,415.0
719,1377939134,419.0
719,1377939139,418.0
719,1377939144,407.0
719,1377939149,407.0
719,1377939154,407.0
719,1377939159,412.0
719,1377939164,406.0
719,1377939169,420.0
719,1377939174,428.0
719,1377939179,425.0
719,1377939184,425.0
719,1377939189,423.0
719,1377939194,424.0
719,1377939199,422.0
719,1377939204,419.0
719,1377939209,419.0
719,1377939214,424.0
719,1377939219,425.0
719,1377939224,428.0
719,1377939229,428.0
719,1377939234,425.0
719,1377939239,418.0
719,1377939244,420.0
719,1377939249,417.0
719,1377939254,409.0
719,1377939259,414.0
719,1377939264,411.0
719,1377939269,411.0
719,1377939274,411.0
719,1377939279,424.0
719,1377939284,419.0
719,1377939289,423.0
719,1377939294,425.0
719,1377939299,428.0
719,1377939304,425.0
719,1377939309,422.0
719,1377939314,422.0
719,1377939319,428.0
719,1377939324,418.0
719,1377939329,420.0
719,1377939334,407.0
719,1377939339,411.0
719,1377939344,414.0
719,1377939349,411.0
719,1377939354,418.0
719,1377939359,420.0
719,1377939364,420.0
719,1377939369,416.0
719,1377939374,411.0
719,1377939379,408.0
719,1377939384,420.0
719,1377939389,419.0
719,1377939394,422.0
719,1377939399,428.0
719,1377939404,422.0
719,1377939409,422.0
719,1377939414,411.0
719,1377939419,411.0
719,1377939424,407.0
719,1377939429,412.0
719,1377939434,411.0
719,1377939439,413.0
719,1377939444,415.0
719,1377939449,415.0
719,1377939454,418.0
719,1377939459,413.0
719,1377939464,411.0
719,1377939469,412.0
719,1377939474,411.0
719,1377939479,407.0
719,1377939484,416.0
719,1377939489,411.0
719,1377939494,413.0
719,1377939499,424.0
719,1377939504,422.0
719,1377939509,433.0
719,1377939514,432.0
719,1377939519,423.0
719,1377939524,419.0
719,1377939529,413.0
719,1377939534,412.0
719,1377939539,409.0
719,1377939544,407.0
719,1377939549,411.0
719,1377939554,419.0
719,1377939559,425.0
719,1377939564,425.0
719,1377939569,422.0
719,1377939574,420.0
719,1377939579,407.0
719,1377939584,407.0
719,1377939589,409.0
719,1377939594,403.0
719,1377939599,409.0
719,1377939604,411.0
719,1377939609,422.0
719,1377939614,425.0
719,1377939619,419.0
719,1377939624,423.0
719,1377939629,423.0
719,1377939634,427.0
719,1377939639,428.0
719,1377939644,429.0
719,1377939649,428.0
719,1377939654,423.0
719,1377939659,413.0
719,1377939664,419.0
719,1377939669,418.0
719,1377939674,418.0
719,1377939679,413.0
719,1377939684,418.0
719,1377939689,415.0
719,1377939694,419.0
719,1377939699,418.0
719,1377939704,411.0
719,1377939714,419.0
719,1377939719,418.0
719,1377939724,411.0
719,1377939729,418.0
719,1377939734,411.0
719,1377939739,423.0
719,1377939744,419.0
719,1377939749,411.0
719,1377939754,413.0
719,1377939759,415.0
719,1377939764,419.0
719,1377939769,422.0
719,1377939774,419.0
719,1377939779,411.0
719,1377939784,409.0
719,1377939789,412.0
719,1377939794,409.0
719,1377939799,414.0
719,1377939804,418.0
719,1377939809,415.0
719,1377939814,422.0
719,1377939819,423.0
719,1377939824,425.0
719,1377939829,424.0
719,1377939834,424.0
719,1377939839,422.0
719,1377939844,413.0
719,1377939849,412.0
719,1377939854,409.0
719,1377939860,408.0
719,1377939864,412.0
719,1377939869,411.0
719,1377939874,413.0
719,1377939879,422.0
719,1377939884,422.0
719,1377939889,422.0
719,1377939894,423.0
719,1377939899,411.0
719,1377939904,419.0
719,1377939909,420.0
719,1377939914,413.0
719,1377939919,422.0
719,1377939924,424.0
719,1377939929,425.0
719,1377939934,422.0
719,1377939939,415.0
719,1377939944,418.0
719,1377939949,413.0
719,1377939954,418.0
719,1377939959,417.0
719,1377939964,407.0
719,1377939969,412.0
719,1377939974,409.0
719,1377939979,411.0
719,1377939984,411.0
719,1377939989,422.0
719,1377939994,425.0
719,1377939999,428.0
719,1377940004,427.0
719,1377940009,425.0
719,1377940014,424.0
719,1377940019,419.0
719,1377940024,413.0
719,1377940029,411.0
719,1377940034,412.0
719,1377940039,412.0
719,1377940044,411.0
719,1377940049,412.0
719,1377940054,413.0
719,1377940059,415.0
719,1377940064,424.0
719,1377940069,424.0
719,1377940074,415.0
719,1377940079,415.0
719,1377940084,419.0
719,1377940089,420.0
719,1377940094,413.0
719,1377940099,411.0
719,1377940104,419.0
719,1377940109,420.0
719,1377940114,423.0
719,1377940119,423.0
719,1377940124,428.0
719,1377940129,424.0
719,1377940134,430.0
719,1377940139,418.0
719,1377940144,417.0
719,1377940149,412.0
719,1377940154,411.0
719,1377940159,413.0
719,1377940164,413.0
719,1377940169,428.0
719,1377940174,424.0
719,1377940179,424.0
719,1377940184,415.0
719,1377940189,424.0
719,1377940194,419.0
719,1377940199,413.0
719,1377940204,406.0
719,1377940209,404.0
719,1377940214,406.0
719,1377940219,406.0
719,1377940224,412.0
719,1377940229,409.0
719,1377940234,407.0
719,1377940239,411.0
719,1377940244,407.0
719,1377940249,411.0
719,1377940254,407.0
719,1377940259,407.0
719,1377940264,409.0
719,1377940269,420.0
719,1377940274,418.0
719,1377940279,419.0
719,1377940284,424.0
719,1377940289,425.0
719,1377940294,425.0
719,1377940299,422.0
719,1377940304,422.0
719,1377940309,428.0
719,1377940314,425.0
719,1377940319,419.0
719,1377940324,420.0
719,1377940329,412.0
719,1377940334,407.0
719,1377940339,407.0
719,1377940344,409.0
719,1377940349,407.0
719,1377940354,406.0
719,1377940359,412.0
719,1377940364,411.0
719,1377940369,418.0
719,1377940374,415.0
719,1377940379,418.0
719,1377940384,416.0
719,1377940389,412.0
719,1377940394,409.0
719,1377940399,408.0
719,1377940404,409.0
719,1377940409,407.0
719,1377940414,406.0
719,1377940419,409.0
719,1377940424,407.0
719,1377940429,406.0
719,1377940434,412.0
719,1377940439,409.0
719,1377940444,411.0
719,1377940449,407.0
719,1377940454,412.0
719,1377940459,412.0
719,1377940464,409.0
719,1377940469,413.0
719,1377940476,414.0
719,1377940479,411.0
719,1377940484,409.0
719,1377940489,420.0
719,1377940494,411.0
719,1377940499,407.0
719,1377940504,412.0
719,1377940509,420.0
719,1377940514,412.0
719,1377940519,411.0
719,1377940524,406.0
719,1377940529,411.0
719,1377940534,406.0
719,1377940539,412.0
719,1377940544,409.0
719,1377940549,412.0
719,1377940554,409.0
719,1377940559,417.0
719,1377940564,415.0
719,1377940569,415.0
719,1377940574,423.0
719,1377940579,422.0
719,1377940584,430.0
719,1377940589,425.0
719,1377940594,423.0
719,1377940599,424.0
719,1377940604,415.0
719,1377940609,419.0
719,1377940614,419.0
719,1377940619,407.0
719,1377940624,407.0
719,1377940629,398.0
719,1377940634,409.0
719,1377940639,409.0
719,1377940644,416.0
719,1377940649,411.0
719,1377940654,411.0
719,1377940659,420.0
719,1377940664,416.0
719,1377940669,409.0
719,1377940674,409.0
719,1377940679,409.0
719,1377940684,406.0
719,1377940689,406.0
719,1377940694,406.0
719,1377940699,404.0
719,1377940704,399.0
719,1377940709,406.0
719,1377940714,406.0
719,1377940719,409.0
719,1377940724,409.0
719,1377940729,403.0
719,1377940734,406.0
719,1377940739,409.0
719,1377940744,411.0
719,1377940749,413.0
719,1377940754,418.0
719,1377940759,418.0
719,1377940764,411.0
719,1377940769,416.0
719,1377940774,407.0
719,1377940779,420.0
719,1377940784,415.0
719,1377940789,424.0
719,1377940794,415.0
719,1377940799,418.0
719,1377940804,411.0
719,1377940809,411.0
719,1377940814,422.0
719,1377940819,420.0
719,1377940824,423.0
719,1377940829,432.0
719,1377940834,429.0
719,1377940839,422.0
719,1377940844,425.0
719,1377940849,418.0
719,1377940854,411.0
719,1377940859,412.0
719,1377940864,412.0
719,1377940869,412.0
719,1377940874,407.0
719,1377940879,407.0
719,1377940884,407.0
719,1377940889,412.0
719,1377940894,414.0
719,1377940899,420.0
719,1377940904,419.0
719,1377940909,418.0
719,1377940914,418.0
719,1377940919,411.0
719,1377940924,415.0
719,1377940929,419.0
719,1377940934,420.0
719,1377940939,417.0
719,1377940944,411.0
719,1377940949,411.0
719,1377940954,422.0
719,1377940959,428.0
719,1377940964,425.0
719,1377940969,422.0
719,1377940974,420.0
719,1377940979,411.0
719,1377940984,409.0
719,1377940989,409.0
719,1377940994,403.0
719,1377940999,403.0
719,1377941004,400.0
719,1377941009,397.0
719,1377941014,401.0
719,1377941019,399.0
719,1377941024,403.0
719,1377941029,409.0
719,1377941034,412.0
719,1377941039,428.0
719,1377941044,411.0
719,1377941049,413.0
719,1377941054,417.0
719,1377941059,411.0
719,1377941064,411.0
719,1377941069,413.0
719,1377941074,417.0
719,1377941079,411.0
719,1377941084,411.0
719,1377941089,418.0
719,1377941094,411.0
719,1377941099,412.0
719,1377941104,412.0
719,1377941109,407.0
719,1377941114,408.0
719,1377941119,407.0
719,1377941124,412.0
719,1377941129,414.0
719,1377941134,417.0
719,1377941139,415.0
719,1377941144,425.0
719,1377941149,422.0
719,1377941154,422.0
719,1377941159,415.0
719,1377941164,428.0
719,1377941169,419.0
719,1377941174,415.0
719,1377941179,423.0
719,1377941184,425.0
719,1377941189,428.0
719,1377941194,428.0
719,1377941199,424.0
719,1377941204,424.0
719,1377941209,424.0
719,1377941214,419.0
719,1377941219,428.0
719,1377941224,422.0
719,1377941229,415.0
719,1377941239,411.0
719,1377941244,419.0
719,1377941249,422.0
719,1377941254,422.0
719,1377941259,428.0
719,1377941264,428.0
719,1377941269,420.0
719,1377941274,407.0
719,1377941279,408.0
719,1377941284,397.0
719,1377941289,408.0
719,1377941294,408.0
719,1377941299,406.0
719,1377941304,412.0
719,1377941309,407.0
719,1377941314,409.0
719,1377941319,406.0
719,1377941324,416.0
719,1377941329,411.0
719,1377941334,411.0
719,1377941339,420.0
719,1377941344,419.0
719,1377941349,420.0
719,1377941354,411.0
719,1377941359,416.0
719,1377941364,411.0
719,1377941369,411.0
719,1377941374,411.0
719,1377941379,403.0
719,1377941384,408.0
719,1377941389,406.0
719,1377941394,406.0
719,1377941399,418.0
719,1377941404,428.0
719,1377941409,422.0
719,1377941414,425.0
719,1377941419,425.0
719,1377941424,424.0
719,1377941429,428.0
719,1377941434,429.0
719,1377941439,430.0
719,1377941444,423.0
719,1377941449,422.0
719,1377941454,416.0
719,1377941459,406.0
719,1377941464,401.0
719,1377941469,401.0
719,1377941474,401.0
719,1377941479,400.0
719,1377941484,398.0
719,1377941489,402.0
719,1377941494,403.0
719,1377941499,407.0
719,1377941504,407.0
719,1377941509,418.0
719,1377941514,403.0
719,1377941519,403.0
719,1377941524,408.0
719,1377941529,406.0
719,1377941534,409.0
719,1377941539,417.0
719,1377941544,413.0
719,1377941549,419.0
719,1377941554,420.0
719,1377941559,420.0
719,1377941564,418.0
719,1377941569,416.0
719,1377941574,407.0
719,1377941579,409.0
719,1377941584,409.0
719,1377941589,412.0
719,1377941594,407.0
719,1377941599,408.0
719,1377941604,406.0
719,1377941609,404.0
719,1377941614,408.0
719,1377941619,399.0
719,1377941624,406.0
719,1377941629,412.0
719,1377941634,422.0
719,1377941639,420.0
719,1377941644,420.0
719,1377941649,408.0
719,1377941654,409.0
719,1377941659,401.0
719,1377941664,412.0
719,1377941669,403.0
719,1377941674,403.0
719,1377941679,406.0
719,1377941684,407.0
719,1377941689,408.0
719,1377941694,406.0
719,1377941699,412.0
719,1377941704,411.0
719,1377941709,414.0
719,1377941714,414.0
719,1377941719,407.0
719,1377941724,409.0
719,1377941729,413.0
719,1377941734,411.0
719,1377941739,418.0
719,1377941744,413.0
719,1377941749,419.0
719,1377941754,414.0
719,1377941759,413.0
719,1377941764,412.0
719,1377941769,409.0
719,1377941774,406.0
719,1377941779,420.0
719,1377941784,418.0
719,1377941789,413.0
719,1377941794,411.0
719,1377941799,409.0
719,1377941804,404.0
719,1377941809,397.0
719,1377941814,397.0
719,1377941819,406.0
719,1377941824,399.0
719,1377941829,418.0
719,1377941834,418.0
719,1377941839,413.0
719,1377941844,418.0
719,1377941849,418.0
719,1377941854,419.0
719,1377941859,418.0
719,1377941864,419.0
719,1377941869,418.0
719,1377941874,416.0
719,1377941879,412.0
719,1377941884,408.0
719,1377941889,401.0
719,1377941894,402.0
719,1377941899,397.0
719,1377941904,412.0
719,1377941909,406.0
719,1377941914,407.0
719,1377941919,412.0
719,1377941924,409.0
719,1377941929,409.0
719,1377941934,407.0
719,1377941939,409.0
719,1377941944,407.0
719,1377941949,411.0
719,1377941956,413.0
719,1377941959,411.0
719,1377941964,412.0
719,1377941969,412.0
719,1377941974,407.0
719,1377941979,408.0
719,1377941984,407.0
719,1377941989,416.0
719,1377941994,409.0
719,1377941999,413.0
719,1377942004,413.0
719,1377942009,411.0
719,1377942014,411.0
719,1377942019,415.0
719,1377942024,419.0
719,1377942029,425.0
719,1377942034,420.0
719,1377942039,422.0
719,1377942044,416.0
719,1377942049,416.0
719,1377942054,403.0
719,1377942059,399.0
719,1377942064,404.0
719,1377942069,401.0
719,1377942074,408.0
719,1377942079,406.0
719,1377942084,408.0
719,1377942089,404.0
719,1377942094,401.0
719,1377942099,404.0
719,1377942104,409.0
719,1377942109,420.0
719,1377942114,428.0
719,1377942119,425.0
719,1377942124,422.0
719,1377942129,420.0
719,1377942134,415.0
719,1377942139,409.0
719,1377942144,406.0
719,1377942149,409.0
719,1377942154,412.0
719,1377942159,420.0
719,1377942164,422.0
719,1377942169,428.0
719,1377942174,419.0
719,1377942179,417.0
719,1377942184,411.0
719,1377942189,403.0
719,1377942194,412.0
719,1377942199,408.0
719,1377942204,407.0
719,1377942209,408.0
719,1377942214,403.0
719,1377942219,404.0
719,1377942224,401.0
719,1377942229,404.0
719,1377942234,407.0
719,1377942239,416.0
719,1377942244,415.0
719,1377942249,428.0
719,1377942254,419.0
719,1377942259,422.0
719,1377942264,414.0
719,1377942269,412.0
719,1377942274,409.0
719,1377942279,407.0
719,1377942284,409.0
719,1377942289,412.0
719,1377942294,406.0
719,1377942299,404.0
719,1377942304,404.0
719,1377942309,403.0
719,1377942314,406.0
719,1377942319,403.0
719,1377942324,408.0
719,1377942329,408.0
719,1377942334,406.0
719,1377942339,408.0
719,1377942344,406.0
719,1377942349,409.0
719,1377942354,409.0
719,1377942359,416.0
719,1377942364,409.0
719,1377942369,406.0
719,1377942374,409.0
719,1377942379,409.0
719,1377942384,406.0
719,1377942389,411.0
719,1377942394,411.0
719,1377942399,407.0
719,1377942404,399.0
719,1377942409,397.0
719,1377942414,401.0
719,1377942419,397.0
719,1377942424,403.0
719,1377942429,409.0
719,1377942434,411.0
719,1377942439,415.0
719,1377942444,424.0
719,1377942449,418.0
719,1377942454,413.0
719,1377942459,416.0
719,1377942464,409.0
719,1377942469,408.0
719,1377942474,395.0
719,1377942479,391.0
719,1377942484,395.0
719,1377942489,390.0
719,1377942494,403.0
719,1377942499,409.0
719,1377942504,406.0
719,1377942509,411.0
719,1377942514,411.0
719,1377942519,413.0
719,1377942524,418.0
719,1377942529,419.0
719,1377942534,418.0
719,1377942539,419.0
719,1377942544,411.0
719,1377942549,419.0
719,1377942554,411.0
719,1377942559,406.0
719,1377942564,407.0
719,1377942569,397.0
719,1377942574,402.0
719,1377942579,398.0
719,1377942584,399.0
719,1377942590,409.0
719,1377942594,407.0
719,1377942599,411.0
719,1377942604,407.0
719,1377942609,411.0
719,1377942614,411.0
719,1377942619,418.0
719,1377942624,416.0
719,1377942629,409.0
719,1377942634,413.0
719,1377942639,414.0
719,1377942644,416.0
719,1377942649,412.0
719,1377942654,411.0
719,1377942659,408.0
719,1377942664,416.0
719,1377942669,416.0
719,1377942674,409.0
719,1377942679,408.0
719,1377942684,403.0
719,1377942689,404.0
719,1377942694,399.0
719,1377942699,407.0
719,1377942706,409.0
719,1377942709,407.0
719,1377942714,407.0
719,1377942719,401.0
719,1377942724,401.0
719,1377942729,397.0
719,1377942734,404.0
719,1377942739,399.0
719,1377942745,408.0
719,1377942749,407.0
719,1377942754,403.0
719,1377942759,404.0
719,1377942764,401.0
719,1377942769,404.0
719,1377942774,401.0
719,1377942779,402.0
719,1377942784,403.0
719,1377942789,409.0
719,1377942794,411.0
719,1377942799,412.0
719,1377942804,412.0
719,1377942809,411.0
719,1377942814,412.0
719,1377942819,412.0
719,1377942824,408.0
719,1377942829,404.0
719,1377942834,408.0
719,1377942839,406.0
719,1377942844,411.0
719,1377942849,413.0
719,1377942854,416.0
719,1377942859,414.0
719,1377942864,412.0
719,1377942869,411.0
719,1377942874,409.0
719,1377942879,403.0
719,1377942884,404.0
719,1377942889,403.0
719,1377942894,401.0
719,1377942899,402.0
719,1377942904,403.0
719,1377942909,399.0
719,1377942914,412.0
719,1377942919,404.0
719,1377942924,404.0
719,1377942929,403.0
719,1377942934,408.0
719,1377942939,408.0
719,1377942944,399.0
719,1377942949,397.0
719,1377942954,401.0
719,1377942959,401.0
719,1377942964,398.0
719,1377942969,408.0
719,1377942974,406.0
719,1377942979,407.0
719,1377942984,411.0
719,1377942989,413.0
719,1377942994,416.0
719,1377942999,413.0
719,1377943004,411.0
719,1377943009,407.0
719,1377943014,409.0
719,1377943019,409.0
719,1377943024,406.0
719,1377943029,406.0
719,1377943034,408.0
719,1377943039,408.0
719,1377943044,403.0
719,1377943049,403.0
719,1377943054,406.0
719,1377943059,403.0
719,1377943064,402.0
719,1377943069,401.0
719,1377943074,402.0
719,1377943079,401.0
719,1377943084,401.0
719,1377943089,408.0
719,1377943094,408.0
719,1377943099,406.0
719,1377943104,406.0
719,1377943109,403.0
719,1377943114,403.0
719,1377943119,398.0
719,1377943124,404.0
719,1377943129,398.0
719,1377943134,401.0
719,1377943139,403.0
719,1377943144,408.0
719,1377943149,409.0
719,1377943154,411.0
719,1377943159,422.0
719,1377943164,424.0
719,1377943169,419.0
719,1377943174,416.0
719,1377943179,406.0
719,1377943184,409.0
719,1377943189,406.0
719,1377943194,409.0
719,1377943199,403.0
719,1377943204,401.0
719,1377943209,397.0
719,1377943214,408.0
719,1377943219,412.0
719,1377943224,406.0
719,1377943229,399.0
719,1377943234,398.0
719,1377943239,398.0
719,1377943244,412.0
719,1377943249,411.0
719,1377943254,411.0
719,1377943259,412.0
719,1377943264,409.0
719,1377943269,398.0
719,1377943274,397.0
719,1377943279,398.0
719,1377943284,398.0
719,1377943289,404.0
719,1377943294,416.0
719,1377943299,425.0
719,1377943304,412.0
719,1377943309,407.0
719,1377943314,399.0
719,1377943319,401.0
719,1377943324,401.0
719,1377943329,398.0
719,1377943334,406.0
719,1377943339,402.0
719,1377943344,403.0
719,1377943349,404.0
719,1377943354,398.0
719,1377943359,412.0
719,1377943364,407.0
719,1377943369,412.0
719,1377943374,411.0
719,1377943379,418.0
719,1377943384,411.0
719,1377943389,407.0
719,1377943394,409.0
719,1377943399,406.0
719,1377943404,404.0
719,1377943409,407.0
719,1377943414,411.0
719,1377943419,406.0
719,1377943424,411.0
719,1377943429,403.0
719,1377943434,404.0
719,1377943439,404.0
719,1377943444,412.0
719,1377943449,418.0
719,1377943454,422.0
719,1377943459,420.0
719,1377943464,420.0
719,1377943471,420.0
719,1377943474,406.0
719,1377943479,408.0
719,1377943484,412.0
719,1377943489,406.0
719,1377943494,408.0
719,1377943499,405.0
719,1377943504,403.0
719,1377943509,408.0
719,1377943514,403.0
719,1377943519,406.0
719,1377943524,409.0
719,1377943529,420.0
719,1377943534,422.0
719,1377943539,422.0
719,1377943544,424.0
719,1377943549,422.0
719,1377943554,424.0
719,1377943559,424.0
719,1377943564,422.0
719,1377943569,411.0
719,1377943574,406.0
719,1377943579,402.0
719,1377943584,397.0
719,1377943589,406.0
719,1377943594,409.0
719,1377943599,406.0
719,1377943604,409.0
719,1377943609,403.0
719,1377943614,401.0
719,1377943619,402.0
719,1377943624,404.0
719,1377943629,412.0
719,1377943634,409.0
719,1377943639,408.0
719,1377943644,408.0
719,1377943649,403.0
719,1377943654,407.0
719,1377943659,412.0
719,1377943664,412.0
719,1377943669,409.0
719,1377943674,407.0
719,1377943679,401.0
719,1377943684,403.0
719,1377943689,401.0
719,1377943694,408.0
719,1377943699,407.0
719,1377943704,409.0
719,1377943709,412.0
719,1377943714,406.0
719,1377943719,407.0
719,1377943724,404.0
719,1377943729,401.0
719,1377943734,401.0
719,1377943739,397.0
719,1377943744,401.0
719,1377943749,403.0
719,1377943754,401.0
719,1377943759,398.0
719,1377943764,408.0
719,1377943769,406.0
719,1377943774,406.0
719,1377943779,409.0
719,1377943784,412.0
719,1377943789,411.0
719,1377943794,413.0
719,1377943799,416.0
719,1377943804,409.0
719,1377943809,416.0
719,1377943814,406.0
719,1377943819,409.0
719,1377943824,408.0
719,1377943829,409.0
719,1377943834,409.0
719,1377943839,422.0
719,1377943844,422.0
719,1377943849,419.0
719,1377943854,411.0
719,1377943859,409.0
719,1377943864,406.0
719,1377943869,404.0
719,1377943874,404.0
719,1377943879,403.0
719,1377943884,406.0
719,1377943889,404.0
719,1377943894,408.0
719,1377943899,406.0
719,1377943904,416.0
719,1377943909,409.0
719,1377943914,414.0
719,1377943919,407.0
719,1377943924,408.0
719,1377943929,402.0
719,1377943934,398.0
719,1377943939,403.0
719,1377943944,403.0
719,1377943949,402.0
719,1377943954,404.0
719,1377943959,406.0
719,1377943964,408.0
719,1377943970,403.0
719,1377943974,403.0
719,1377943979,403.0
719,1377943984,403.0
719,1377943989,406.0
719,1377943994,409.0
719,1377943999,412.0
719,1377944004,407.0
719,1377944009,412.0
719,1377944014,411.0
719,1377944019,411.0
719,1377944024,406.0
719,1377944029,414.0
719,1377944034,406.0
719,1377944039,412.0
719,1377944044,407.0
719,1377944049,411.0
719,1377944054,416.0
719,1377944059,414.0
719,1377944064,411.0
719,1377944069,407.0
719,1377944074,411.0
719,1377944079,412.0
719,1377944084,407.0
719,1377944089,412.0
719,1377944094,412.0
719,1377944099,407.0
719,1377944104,407.0
719,1377944109,409.0
719,1377944114,408.0
719,1377944119,401.0
719,1377944124,404.0
719,1377944129,403.0
719,1377944134,409.0
719,1377944139,411.0
719,1377944144,424.0
719,1377944149,413.0
719,1377944154,407.0
719,1377944159,403.0
719,1377944164,401.0
719,1377944169,397.0
719,1377944174,408.0
719,1377944179,409.0
719,1377944184,407.0
719,1377944189,407.0
719,1377944194,411.0
719,1377944199,406.0
719,1377944204,414.0
719,1377944209,412.0
719,1377944214,411.0
719,1377944219,412.0
719,1377944224,412.0
719,1377944234,411.0
719,1377944239,422.0
719,1377944244,424.0
719,1377944249,419.0
719,1377944254,420.0
719,1377944259,411.0
719,1377944264,412.0
719,1377944269,412.0
719,1377944274,418.0
719,1377944279,428.0
719,1377944284,411.0
719,1377944289,416.0
719,1377944294,403.0
719,1377944299,402.0
719,1377944304,390.0
719,1377944309,396.0
719,1377944314,398.0
719,1377944319,398.0
719,1377944324,395.0
719,1377944329,401.0
719,1377944334,401.0
719,1377944339,398.0
719,1377944344,397.0
719,1377944349,397.0
719,1377944354,395.0
719,1377944359,393.0
719,1377944364,388.0
719,1377944369,383.0
719,1377944374,392.0
719,1377944379,392.0
719,1377944384,390.0
719,1377944389,390.0
719,1377944394,395.0
719,1377944399,398.0
719,1377944404,403.0
719,1377944409,409.0
719,1377944414,411.0
719,1377944419,413.0
719,1377944424,417.0
719,1377944429,406.0
719,1377944434,411.0
719,1377944439,409.0
719,1377944444,412.0
719,1377944449,409.0
719,1377944454,403.0
719,1377944459,408.0
719,1377944464,412.0
719,1377944469,411.0
719,1377944474,416.0
719,1377944479,406.0
719,1377944484,403.0
719,1377944489,403.0
719,1377944494,398.0
719,1377944499,401.0
719,1377944504,401.0
719,1377944509,404.0
719,1377944514,403.0
719,1377944519,409.0
719,1377944524,403.0
719,1377944529,409.0
719,1377944534,401.0
719,1377944539,401.0
719,1377944544,398.0
719,1377944549,403.0
719,1377944554,406.0
719,1377944559,407.0
719,1377944564,414.0
719,1377944569,407.0
719,1377944574,416.0
719,1377944579,407.0
719,1377944584,412.0
719,1377944589,409.0
719,1377944594,406.0
719,1377944599,402.0
719,1377944604,398.0
719,1377944609,402.0
719,1377944614,403.0
719,1377944619,398.0
719,1377944624,398.0
719,1377944629,398.0
719,1377944634,397.0
719,1377944639,398.0
719,1377944644,406.0
719,1377944649,399.0
719,1377944654,409.0
719,1377944659,403.0
719,1377944664,412.0
719,1377944669,403.0
719,1377944674,408.0
719,1377944679,401.0
719,1377944684,397.0
719,1377944689,401.0
719,1377944694,399.0
719,1377944699,398.0
719,1377944704,409.0
719,1377944709,407.0
719,1377944714,403.0
719,1377944719,404.0
719,1377944724,401.0
719,1377944729,396.0
719,1377944734,401.0
719,1377944739,403.0
719,1377944744,416.0
719,1377944749,412.0
719,1377944754,412.0
719,1377944759,409.0
719,1377944764,404.0
719,1377944769,403.0
719,1377944774,399.0
719,1377944779,408.0
719,1377944784,409.0
719,1377944789,411.0
719,1377944794,413.0
719,1377944799,418.0
719,1377944804,406.0
719,1377944809,403.0
719,1377944814,393.0
719,1377944819,390.0
719,1377944824,387.0
719,1377944829,390.0
719,1377944834,391.0
719,1377944839,398.0
719,1377944844,398.0
719,1377944849,408.0
719,1377944854,412.0
719,1377944859,413.0
719,1377944864,413.0
719,1377944869,422.0
719,1377944874,419.0
719,1377944879,419.0
719,1377944884,411.0
719,1377944889,406.0
719,1377944894,414.0
719,1377944899,407.0
719,1377944904,412.0
719,1377944909,412.0
719,1377944914,407.0
719,1377944919,416.0
719,1377944924,407.0
719,1377944929,412.0
719,1377944934,409.0
719,1377944939,406.0
719,1377944944,404.0
719,1377944949,403.0
719,1377944954,399.0
719,1377944959,401.0
719,1377944964,403.0
719,1377944969,404.0
719,1377944974,408.0
719,1377944985,401.0
719,1377944989,397.0
719,1377944994,401.0
719,1377944999,408.0
719,1377945004,407.0
719,1377945009,411.0
719,1377945014,412.0
719,1377945019,407.0
719,1377945024,407.0
719,1377945029,413.0
719,1377945034,408.0
719,1377945039,412.0
719,1377945044,397.0
719,1377945049,396.0
719,1377945054,395.0
719,1377945059,393.0
719,1377945064,398.0
719,1377945069,396.0
719,1377945074,401.0
719,1377945079,400.0
719,1377945084,399.0
719,1377945089,399.0
719,1377945094,406.0
719,1377945099,409.0
719,1377945104,407.0
719,1377945109,409.0
719,1377945114,420.0
719,1377945119,414.0
719,1377945124,414.0
719,1377945129,411.0
719,1377945134,407.0
719,1377945139,407.0
719,1377945144,406.0
719,1377945149,406.0
719,1377945154,412.0
719,1377945159,416.0
719,1377945164,417.0
719,1377945169,413.0
719,1377945174,409.0
719,1377945179,406.0
719,1377945184,412.0
719,1377945189,412.0
719,1377945194,412.0
719,1377945199,401.0
719,1377945204,397.0
719,1377945209,395.0
719,1377945214,395.0
719,1377945219,397.0
719,1377945224,401.0
719,1377945229,401.0
719,1377945234,398.0
719,1377945239,402.0
719,1377945244,402.0
719,1377945249,403.0
719,1377945254,407.0
719,1377945259,406.0
719,1377945264,401.0
719,1377945269,398.0
719,1377945274,396.0
719,1377945279,396.0
719,1377945284,391.0
719,1377945289,401.0
719,1377945294,401.0
719,1377945299,408.0
719,1377945304,401.0
719,1377945309,401.0
719,1377945314,398.0
719,1377945319,402.0
719,1377945324,406.0
719,1377945329,406.0
719,1377945334,403.0
719,1377945339,403.0
719,1377945344,401.0
719,1377945349,398.0
719,1377945354,397.0
719,1377945359,401.0
719,1377945364,404.0
719,1377945369,406.0
719,1377945374,407.0
719,1377945379,406.0
719,1377945384,408.0
719,1377945389,398.0
719,1377945394,408.0
719,1377945399,404.0
719,1377945404,399.0
719,1377945409,403.0
719,1377945414,403.0
719,1377945419,406.0
719,1377945424,408.0
719,1377945429,398.0
719,1377945434,398.0
719,1377945439,401.0
719,1377945444,401.0
719,1377945449,403.0
719,1377945454,399.0
719,1377945459,406.0
719,1377945464,409.0
719,1377945469,408.0
719,1377945474,406.0
719,1377945479,409.0
719,1377945484,406.0
719,1377945489,408.0
719,1377945494,403.0
719,1377945499,403.0
719,1377945504,398.0
719,1377945509,398.0
719,1377945514,397.0
719,1377945519,398.0
719,1377945524,399.0
719,1377945529,398.0
719,1377945534,401.0
719,1377945539,401.0
719,1377945544,400.0
719,1377945549,401.0
719,1377945554,403.0
719,1377945559,409.0
719,1377945564,403.0
719,1377945569,403.0
719,1377945574,402.0
719,1377945579,403.0
719,1377945584,402.0
719,1377945589,401.0
719,1377945594,404.0
719,1377945599,408.0
719,1377945604,402.0
719,1377945609,398.0
719,1377945614,398.0
719,1377945619,397.0
719,1377945624,403.0
719,1377945629,401.0
719,1377945634,398.0
719,1377945639,398.0
719,1377945644,404.0
719,1377945649,393.0
719,1377945654,391.0
719,1377945659,396.0
719,1377945664,404.0
719,1377945669,406.0
719,1377945674,406.0
719,1377945679,420.0
719,1377945684,419.0
719,1377945691,411.0
719,1377945694,416.0
719,1377945699,412.0
719,1377945704,403.0
719,1377945709,397.0
719,1377945714,395.0
719,1377945719,391.0
719,1377945724,393.0
719,1377945729,390.0
719,1377945734,392.0
719,1377945739,396.0
719,1377945744,401.0
719,1377945749,397.0
719,1377945754,397.0
719,1377945759,402.0
719,1377945764,396.0
719,1377945769,395.0
719,1377945774,397.0
719,1377945779,403.0
719,1377945784,406.0
719,1377945789,409.0
719,1377945794,408.0
719,1377945799,402.0
719,1377945804,397.0
719,1377945809,412.0
719,1377945814,408.0
719,1377945819,406.0
719,1377945824,406.0
719,1377945829,406.0
719,1377945834,411.0
719,1377945839,407.0
719,1377945844,409.0
719,1377945849,409.0
719,1377945854,406.0
719,1377945859,407.0
719,1377945864,406.0
719,1377945869,412.0
719,1377945874,408.0
719,1377945879,403.0
719,1377945884,408.0
719,1377945889,412.0
719,1377945894,411.0
719,1377945899,409.0
719,1377945904,409.0
719,1377945909,409.0
719,1377945914,412.0
719,1377945919,406.0
719,1377945924,409.0
719,1377945929,406.0
719,1377945934,401.0
719,1377945939,393.0
719,1377945944,393.0
719,1377945949,396.0
719,1377945954,398.0
719,1377945959,396.0
719,1377945964,395.0
719,1377945969,395.0
719,1377945974,393.0
719,1377945979,398.0
719,1377945984,391.0
719,1377945989,391.0
719,1377945994,396.0
719,1377945999,401.0
719,1377946004,398.0
719,1377946009,398.0
719,1377946014,406.0
719,1377946019,406.0
719,1377946024,409.0
719,1377946029,420.0
719,1377946034,407.0
719,1377946039,409.0
719,1377946044,398.0
719,1377946049,402.0
719,1377946054,395.0
719,1377946059,398.0
719,1377946064,390.0
719,1377946069,396.0
719,1377946074,391.0
719,1377946079,395.0
719,1377946085,395.0
719,1377946089,403.0
719,1377946094,403.0
719,1377946099,406.0
719,1377946104,406.0
719,1377946109,406.0
719,1377946114,412.0
719,1377946119,404.0
719,1377946124,406.0
719,1377946129,403.0
719,1377946134,403.0
719,1377946139,404.0
719,1377946144,409.0
719,1377946149,406.0
719,1377946154,416.0
719,1377946159,411.0
719,1377946164,416.0
719,1377946169,403.0
719,1377946174,401.0
719,1377946179,396.0
719,1377946184,401.0
719,1377946189,398.0
719,1377946194,401.0
719,1377946199,398.0
719,1377946204,401.0
719,1377946209,403.0
719,1377946214,404.0
719,1377946219,402.0
719,1377946224,403.0
719,1377946229,401.0
719,1377946234,402.0
719,1377946239,398.0
719,1377946244,395.0
719,1377946249,398.0
719,1377946254,398.0
719,1377946259,403.0
719,1377946264,411.0
719,1377946269,412.0
719,1377946274,407.0
719,1377946279,406.0
719,1377946284,408.0
719,1377946289,408.0
719,1377946294,401.0
719,1377946299,401.0
719,1377946304,396.0
719,1377946309,398.0
719,1377946314,390.0
719,1377946319,391.0
719,1377946324,397.0
719,1377946329,401.0
719,1377946334,401.0
719,1377946339,395.0
719,1377946344,398.0
719,1377946349,397.0
719,1377946354,401.0
719,1377946359,399.0
719,1377946364,402.0
719,1377946369,408.0
719,1377946374,412.0
719,1377946379,406.0
719,1377946384,407.0
719,1377946389,401.0
719,1377946394,404.0
719,1377946399,396.0
719,1377946404,398.0
719,1377946409,400.0
719,1377946414,401.0
719,1377946419,400.0
719,1377946426,408.0
719,1377946429,397.0
719,1377946434,398.0
719,1377946439,408.0
719,1377946444,406.0
719,1377946449,407.0
719,1377946454,406.0
719,1377946459,408.0
719,1377946464,406.0
719,1377946469,412.0
719,1377946474,406.0
719,1377946479,412.0
719,1377946484,409.0
719,1377946489,403.0
719,1377946494,402.0
719,1377946499,401.0
719,1377946504,396.0
719,1377946509,396.0
719,1377946514,396.0
719,1377946519,396.0
719,1377946524,396.0
719,1377946529,396.0
719,1377946534,400.0
719,1377946539,402.0
719,1377946544,404.0
719,1377946549,404.0
719,1377946554,403.0
719,1377946559,403.0
719,1377946564,407.0
719,1377946569,409.0
719,1377946574,409.0
719,1377946579,406.0
719,1377946584,416.0
719,1377946589,409.0
719,1377946594,409.0
719,1377946599,407.0
719,1377946604,399.0
719,1377946609,401.0
719,1377946614,403.0
719,1377946619,401.0
719,1377946624,401.0
719,1377946629,403.0
719,1377946634,403.0
719,1377946639,404.0
719,1377946644,404.0
719,1377946649,401.0
719,1377946654,401.0
719,1377946659,400.0
719,1377946664,397.0
719,1377946669,397.0
719,1377946674,403.0
719,1377946679,412.0
719,1377946684,420.0
719,1377946689,416.0
719,1377946694,407.0
719,1377946699,403.0
719,1377946704,399.0
719,1377946709,403.0
719,1377946714,404.0
719,1377946719,404.0
719,1377946724,409.0
719,1377946729,409.0
719,1377946734,412.0
719,1377946739,412.0
719,1377946744,404.0
719,1377946749,399.0
719,1377946754,391.0
719,1377946759,396.0
719,1377946764,395.0
719,1377946769,397.0
719,1377946774,397.0
719,1377946779,397.0
719,1377946784,402.0
719,1377946789,407.0
719,1377946794,407.0
719,1377946799,413.0
719,1377946804,416.0
719,1377946809,416.0
719,1377946814,409.0
719,1377946819,406.0
719,1377946824,408.0
719,1377946829,404.0
719,1377946834,403.0
719,1377946839,402.0
719,1377946844,402.0
719,1377946849,397.0
719,1377946854,403.0
719,1377946859,403.0
719,1377946864,408.0
719,1377946869,399.0
719,1377946874,404.0
719,1377946879,397.0
719,1377946884,397.0
719,1377946889,398.0
719,1377946894,401.0
719,1377946899,395.0
719,1377946904,401.0
719,1377946909,402.0
719,1377946914,402.0
719,1377946919,398.0
719,1377946924,401.0
719,1377946929,402.0
719,1377946934,404.0
719,1377946939,406.0
719,1377946944,407.0
719,1377946949,406.0
719,1377946954,397.0
719,1377946959,398.0
719,1377946964,401.0
719,1377946969,406.0
719,1377946974,408.0
719,1377946979,409.0
719,1377946984,406.0
719,1377946989,411.0
719,1377946994,406.0
719,1377946999,408.0
719,1377947004,406.0
719,1377947009,403.0
719,1377947014,395.0
719,1377947019,396.0
719,1377947024,393.0
719,1377947029,391.0
719,1377947034,399.0
719,1377947039,401.0
719,1377947044,400.0
719,1377947049,401.0
719,1377947054,403.0
719,1377947059,409.0
719,1377947064,406.0
719,1377947069,408.0
719,1377947074,408.0
719,1377947079,408.0
719,1377947084,402.0
719,1377947089,398.0
719,1377947094,397.0
719,1377947099,391.0
719,1377947104,398.0
719,1377947109,396.0
719,1377947114,398.0
719,1377947119,403.0
719,1377947124,408.0
719,1377947129,409.0
719,1377947134,407.0
719,1377947140,408.0
719,1377947146,405.0
719,1377947149,395.0
719,1377947154,395.0
719,1377947159,390.0
719,1377947164,396.0
719,1377947169,391.0
719,1377947174,398.0
719,1377947179,398.0
719,1377947184,401.0
719,1377947189,403.0
719,1377947194,403.0
719,1377947199,403.0
719,1377947204,403.0
719,1377947209,403.0
719,1377947214,397.0
719,1377947219,397.0
719,1377947224,401.0
719,1377947229,401.0
719,1377947234,401.0
719,1377947239,401.0
719,1377947244,398.0
719,1377947249,397.0
719,1377947254,399.0
719,1377947259,405.0
719,1377947264,412.0
719,1377947269,414.0
719,1377947274,407.0
719,1377947279,403.0
719,1377947284,401.0
719,1377947290,401.0
719,1377947294,400.0
719,1377947299,404.0
719,1377947304,403.0
719,1377947309,399.0
719,1377947314,398.0
719,1377947319,404.0
719,1377947324,406.0
719,1377947330,404.0
719,1377947334,408.0
719,1377947339,409.0
719,1377947344,409.0
719,1377947349,408.0
719,1377947354,408.0
719,1377947359,406.0
719,1377947364,404.0
719,1377947369,403.0
719,1377947374,401.0
719,1377947379,399.0
719,1377947384,404.0
719,1377947389,401.0
719,1377947394,399.0
719,1377947399,408.0
719,1377947404,412.0
719,1377947409,406.0
719,1377947414,409.0
719,1377947419,409.0
719,1377947424,411.0
719,1377947429,412.0
719,1377947434,413.0
719,1377947440,412.0
719,1377947444,403.0
719,1377947449,398.0
719,1377947454,400.0
719,1377947459,401.0
719,1377947464,397.0
719,1377947469,398.0
719,1377947474,399.0
719,1377947479,397.0
719,1377947484,401.0
719,1377947489,397.0
719,1377947494,400.0
719,1377947499,402.0
719,1377947504,401.0
719,1377947509,403.0
719,1377947514,403.0
719,1377947519,409.0
719,1377947524,412.0
719,1377947529,408.0
719,1377947534,404.0
719,1377947539,404.0
719,1377947544,401.0
719,1377947549,407.0
719,1377947554,408.0
719,1377947559,412.0
719,1377947564,397.0
719,1377947569,396.0
719,1377947574,391.0
719,1377947579,396.0
719,1377947584,398.0
719,1377947590,397.0
719,1377947594,401.0
719,1377947599,402.0
719,1377947604,402.0
719,1377947609,401.0
719,1377947614,397.0
719,1377947619,401.0
719,1377947624,396.0
719,1377947629,398.0
719,1377947634,400.0
719,1377947639,398.0
719,1377947644,401.0
719,1377947649,403.0
719,1377947654,412.0
719,1377947659,406.0
719,1377947664,408.0
719,1377947669,409.0
719,1377947674,409.0
719,1377947679,401.0
719,1377947684,398.0
719,1377947689,393.0
719,1377947694,391.0
719,1377947699,393.0
719,1377947704,396.0
719,1377947709,401.0
719,1377947714,408.0
719,1377947719,399.0
719,1377947724,402.0
719,1377947729,401.0
719,1377947734,395.0
719,1377947739,396.0
719,1377947744,400.0
719,1377947749,402.0
719,1377947754,402.0
719,1377947759,404.0
719,1377947764,398.0
719,1377947769,401.0
719,1377947774,399.0
719,1377947779,402.0
719,1377947784,390.0
719,1377947789,390.0
719,1377947794,392.0
719,1377947799,398.0
719,1377947804,399.0
719,1377947809,409.0
719,1377947814,414.0
719,1377947819,415.0
719,1377947824,411.0
719,1377947829,413.0
719,1377947834,411.0
719,1377947839,406.0
719,1377947844,406.0
719,1377947849,403.0
719,1377947854,406.0
719,1377947859,401.0
719,1377947870,402.0
719,1377947874,395.0
719,1377947879,401.0
719,1377947884,403.0
719,1377947889,404.0
719,1377947894,416.0
719,1377947899,412.0
719,1377947904,406.0
719,1377947909,409.0
719,1377947914,408.0
719,1377947919,402.0
719,1377947924,397.0
719,1377947929,391.0
719,1377947934,396.0
719,1377947939,391.0
719,1377947944,401.0
719,1377947949,398.0
719,1377947954,403.0
719,1377947959,411.0
719,1377947964,411.0
719,1377947969,420.0
719,1377947974,412.0
719,1377947979,406.0
719,1377947984,404.0
719,1377947989,403.0
719,1377947994,400.0
719,1377947999,398.0
719,1377948004,401.0
719,1377948009,398.0
719,1377948014,397.0
719,1377948019,398.0
719,1377948024,401.0
719,1377948029,403.0
719,1377948034,397.0
719,1377948039,404.0
719,1377948044,403.0
719,1377948049,408.0
719,1377948054,408.0
719,1377948059,406.0
719,1377948064,406.0
719,1377948069,407.0
719,1377948074,406.0
719,1377948079,408.0
719,1377948084,406.0
719,1377948089,401.0
719,1377948094,404.0
719,1377948099,401.0
719,1377948104,404.0
719,1377948109,398.0
719,1377948114,397.0
719,1377948119,391.0
719,1377948124,401.0
719,1377948129,408.0
719,1377948134,412.0
719,1377948139,406.0
719,1377948144,404.0
719,1377948149,407.0
719,1377948154,409.0
719,1377948159,409.0
719,1377948164,406.0
719,1377948169,412.0
719,1377948174,411.0
719,1377948179,403.0
719,1377948184,406.0
719,1377948189,398.0
719,1377948194,399.0
719,1377948199,412.0
719,1377948204,412.0
719,1377948209,409.0
719,1377948214,406.0
719,1377948219,402.0
719,1377948224,397.0
719,1377948229,397.0
719,1377948234,398.0
719,1377948239,403.0
719,1377948244,401.0
719,1377948249,401.0
719,1377948254,399.0
719,1377948259,408.0
719,1377948264,412.0
719,1377948269,409.0
719,1377948274,408.0
719,1377948279,408.0
719,1377948284,402.0
719,1377948289,402.0
719,1377948294,397.0
719,1377948299,401.0
719,1377948304,398.0
719,1377948309,402.0
719,1377948314,403.0
719,1377948319,403.0
719,1377948324,408.0
719,1377948329,407.0
719,1377948334,409.0
719,1377948339,412.0
719,1377948344,406.0
719,1377948349,409.0
719,1377948354,409.0
719,1377948359,414.0
719,1377948364,418.0
719,1377948369,419.0
719,1377948374,424.0
719,1377948379,422.0
719,1377948384,419.0
719,1377948389,413.0
719,1377948394,409.0
719,1377948399,407.0
719,1377948404,412.0
719,1377948409,407.0
719,1377948414,409.0
719,1377948419,403.0
719,1377948424,403.0
719,1377948429,393.0
719,1377948434,393.0
719,1377948439,391.0
719,1377948444,396.0
719,1377948449,391.0
719,1377948454,390.0
719,1377948459,395.0
719,1377948464,388.0
719,1377948469,392.0
719,1377948474,390.0
719,1377948479,398.0
719,1377948484,397.0
719,1377948489,401.0
719,1377948494,403.0
719,1377948499,409.0
719,1377948504,407.0
719,1377948509,411.0
719,1377948514,415.0
719,1377948519,420.0
719,1377948524,415.0
719,1377948529,419.0
719,1377948534,411.0
719,1377948539,411.0
719,1377948544,408.0
719,1377948549,403.0
719,1377948554,403.0
719,1377948559,412.0
719,1377948564,412.0
719,1377948569,407.0
719,1377948574,401.0
719,1377948579,401.0
719,1377948584,398.0
719,1377948589,400.0
719,1377948594,397.0
719,1377948599,401.0
719,1377948604,396.0
719,1377948609,397.0
719,1377948619,397.0
719,1377948624,401.0
719,1377948629,402.0
719,1377948634,401.0
719,1377948639,408.0
719,1377948644,408.0
719,1377948649,403.0
719,1377948654,409.0
719,1377948659,403.0
719,1377948664,409.0
719,1377948669,403.0
719,1377948674,408.0
719,1377948679,407.0
719,1377948684,406.0
719,1377948689,408.0
719,1377948694,412.0
719,1377948699,398.0
719,1377948704,402.0
719,1377948709,402.0
719,1377948714,398.0
719,1377948719,403.0
719,1377948724,403.0
719,1377948729,403.0
719,1377948734,403.0
719,1377948739,403.0
719,1377948744,403.0
719,1377948749,404.0
719,1377948754,406.0
719,1377948759,408.0
719,1377948764,409.0
719,1377948769,409.0
719,1377948774,406.0
719,1377948779,412.0
719,1377948784,416.0
719,1377948789,418.0
719,1377948794,415.0
719,1377948799,418.0
719,1377948804,414.0
719,1377948809,412.0
719,1377948814,402.0
719,1377948819,398.0
719,1377948824,398.0
719,1377948829,401.0
719,1377948834,403.0
719,1377948839,409.0
719,1377948844,409.0
719,1377948849,408.0
719,1377948854,406.0
719,1377948859,408.0
719,1377948864,407.0
719,1377948869,406.0
719,1377948874,406.0
719,1377948879,406.0
719,1377948884,403.0
719,1377948889,401.0
719,1377948894,404.0
719,1377948899,399.0
719,1377948904,399.0
719,1377948909,399.0
719,1377948914,403.0
719,1377948919,402.0
719,1377948924,397.0
719,1377948929,395.0
719,1377948934,390.0
719,1377948939,395.0
719,1377948944,401.0
719,1377948949,404.0
719,1377948954,406.0
719,1377948959,397.0
719,1377948964,395.0
719,1377948969,390.0
719,1377948974,396.0
719,1377948979,391.0
719,1377948984,398.0
719,1377948989,401.0
719,1377948994,406.0
719,1377948999,408.0
719,1377949004,406.0
719,1377949009,406.0
719,1377949014,412.0
719,1377949019,403.0
719,1377949024,401.0
719,1377949029,401.0
719,1377949034,395.0
719,1377949039,401.0
719,1377949044,404.0
719,1377949049,408.0
719,1377949054,404.0
719,1377949059,404.0
719,1377949064,398.0
719,1377949069,408.0
719,1377949074,406.0
719,1377949079,408.0
719,1377949084,408.0
719,1377949089,403.0
719,1377949094,406.0
719,1377949099,402.0
719,1377949104,401.0
719,1377949109,400.0
719,1377949114,402.0
719,1377949119,403.0
719,1377949124,403.0
719,1377949129,403.0
719,1377949134,406.0
719,1377949139,406.0
719,1377949144,408.0
719,1377949149,408.0
719,1377949154,406.0
719,1377949159,398.0
719,1377949164,396.0
719,1377949169,391.0
719,1377949174,398.0
719,1377949179,398.0
719,1377949184,404.0
719,1377949189,401.0
719,1377949194,408.0
719,1377949199,401.0
719,1377949204,402.0
719,1377949209,401.0
719,1377949214,401.0
719,1377949219,402.0
719,1377949224,402.0
719,1377949229,401.0
719,1377949234,400.0
719,1377949239,398.0
719,1377949244,402.0
719,1377949249,402.0
719,1377949254,405.0
719,1377949259,408.0
719,1377949264,397.0
719,1377949269,401.0
719,1377949274,396.0
719,1377949279,391.0
719,1377949284,396.0
719,1377949289,400.0
719,1377949294,396.0
719,1377949299,401.0
719,1377949304,397.0
719,1377949309,405.0
719,1377949314,401.0
719,1377949319,403.0
719,1377949324,397.0
719,1377949329,401.0
719,1377949334,400.0
719,1377949339,400.0
719,1377949344,401.0
719,1377949349,404.0
719,1377949354,404.0
719,1377949359,406.0
719,1377949364,404.0
719,1377949374,398.0
719,1377949379,412.0
719,1377949384,399.0
719,1377949389,408.0
719,1377949394,397.0
719,1377949399,395.0
719,1377949404,395.0
719,1377949409,396.0
719,1377949414,395.0
719,1377949419,402.0
719,1377949424,398.0
719,1377949429,407.0
719,1377949434,409.0
719,1377949439,403.0
719,1377949444,408.0
719,1377949449,404.0
719,1377949454,403.0
719,1377949459,397.0
719,1377949464,397.0
719,1377949469,396.0
719,1377949474,396.0
719,1377949479,396.0
719,1377949484,395.0
719,1377949489,391.0
719,1377949494,391.0
719,1377949499,397.0
719,1377949504,398.0
719,1377949509,404.0
719,1377949514,405.0
719,1377949519,403.0
719,1377949524,408.0
719,1377949529,407.0
719,1377949534,406.0
719,1377949539,406.0
719,1377949544,401.0
719,1377949549,402.0
719,1377949554,398.0
719,1377949559,398.0
719,1377949564,401.0
719,1377949569,408.0
719,1377949574,401.0
719,1377949579,398.0
719,1377949584,397.0
719,1377949589,397.0
719,1377949594,404.0
719,1377949599,402.0
719,1377949604,403.0
719,1377949609,403.0
719,1377949614,404.0
719,1377949619,396.0
719,1377949624,398.0
719,1377949629,395.0
719,1377949634,396.0
719,1377949639,396.0
719,1377949644,402.0
719,1377949649,397.0
719,1377949654,403.0
719,1377949659,403.0
719,1377949664,399.0
719,1377949669,403.0
719,1377949674,409.0
719,1377949679,407.0
719,1377949684,420.0
719,1377949689,400.0
719,1377949694,396.0
719,1377949699,389.0
719,1377949704,387.0
719,1377949709,383.0
719,1377949714,390.0
719,1377949719,398.0
719,1377949724,408.0
719,1377949729,409.0
719,1377949734,409.0
719,1377949739,399.0
719,1377949744,403.0
719,1377949749,397.0
719,1377949754,395.0
719,1377949759,391.0
719,1377949764,392.0
719,1377949769,392.0
719,1377949774,391.0
719,1377949779,397.0
719,1377949784,397.0
719,1377949789,398.0
719,1377949794,404.0
719,1377949799,401.0
719,1377949804,395.0
719,1377949809,395.0
719,1377949814,398.0
719,1377949819,404.0
719,1377949824,403.0
719,1377949829,403.0
719,1377949834,403.0
719,1377949839,403.0
719,1377949844,406.0
719,1377949849,412.0
719,1377949854,409.0
719,1377949859,411.0
719,1377949864,409.0
719,1377949869,399.0
719,1377949874,399.0
719,1377949879,398.0
719,1377949884,398.0
719,1377949889,393.0
719,1377949894,391.0
719,1377949899,396.0
719,1377949904,395.0
719,1377949909,398.0
719,1377949914,401.0
719,1377949919,406.0
719,1377949924,408.0
719,1377949929,408.0
719,1377949934,407.0
719,1377949939,408.0
719,1377949944,407.0
719,1377949949,412.0
719,1377949954,413.0
719,1377949959,408.0
719,1377949964,412.0
719,1377949969,398.0
719,1377949974,401.0
719,1377949979,396.0
719,1377949984,398.0
719,1377949989,398.0
719,1377949994,401.0
719,1377949999,401.0
719,1377950004,401.0
719,1377950009,398.0
719,1377950014,404.0
719,1377950019,402.0
719,1377950024,406.0
719,1377950029,406.0
719,1377950034,409.0
719,1377950039,406.0
719,1377950044,398.0
719,1377950049,401.0
719,1377950054,398.0
719,1377950059,401.0
719,1377950064,398.0
719,1377950069,399.0
719,1377950074,406.0
719,1377950079,409.0
719,1377950084,401.0
719,1377950089,396.0
719,1377950096,396.0
719,1377950099,391.0
719,1377950104,390.0
719,1377950109,392.0
719,1377950114,393.0
719,1377950119,395.0
719,1377950124,400.0
719,1377950129,397.0
719,1377950134,398.0
719,1377950139,397.0
719,1377950144,398.0
719,1377950149,403.0
719,1377950154,408.0
719,1377950159,412.0
719,1377950164,414.0
719,1377950169,412.0
719,1377950174,409.0
719,1377950179,405.0
719,1377950184,407.0
719,1377950189,406.0
719,1377950194,420.0
719,1377950199,409.0
719,1377950204,408.0
719,1377950209,402.0
719,1377950214,391.0
719,1377950219,390.0
719,1377950224,395.0
719,1377950229,395.0
719,1377950234,393.0
719,1377950239,391.0
719,1377950244,392.0
719,1377950249,390.0
719,1377950254,395.0
719,1377950259,398.0
719,1377950264,403.0
719,1377950269,401.0
719,1377950274,398.0
719,1377950279,402.0
719,1377950284,397.0
719,1377950289,401.0
719,1377950294,395.0
719,1377950299,400.0
719,1377950304,397.0
719,1377950309,397.0
719,1377950314,402.0
719,1377950319,407.0
719,1377950324,409.0
719,1377950329,420.0
719,1377950334,412.0
719,1377950339,407.0
719,1377950344,407.0
719,1377950349,412.0
719,1377950354,408.0
719,1377950359,401.0
719,1377950364,403.0
719,1377950369,398.0
719,1377950374,401.0
719,1377950379,403.0
719,1377950384,407.0
719,1377950389,411.0
719,1377950394,409.0
719,1377950399,407.0
719,1377950404,411.0
719,1377950409,413.0
719,1377950414,412.0
719,1377950419,407.0
719,1377950424,406.0
719,1377950429,404.0
719,1377950434,406.0
719,1377950439,407.0
719,1377950444,409.0
719,1377950449,408.0
719,1377950454,408.0
719,1377950459,399.0
719,1377950464,406.0
719,1377950469,409.0
719,1377950474,411.0
719,1377950479,407.0
719,1377950484,403.0
719,1377950489,397.0
719,1377950494,401.0
719,1377950499,398.0
719,1377950504,398.0
719,1377950509,401.0
719,1377950514,398.0
719,1377950519,404.0
719,1377950524,404.0
719,1377950529,401.0
719,1377950534,396.0
719,1377950539,398.0
719,1377950544,397.0
719,1377950549,401.0
719,1377950554,398.0
719,1377950559,412.0
719,1377950564,406.0
719,1377950569,420.0
719,1377950574,411.0
719,1377950579,411.0
719,1377950584,412.0
719,1377950589,411.0
719,1377950594,411.0
719,1377950599,416.0
719,1377950604,411.0
719,1377950609,411.0
719,1377950614,412.0
719,1377950619,407.0
719,1377950624,411.0
719,1377950629,407.0
719,1377950634,412.0
719,1377950639,412.0
719,1377950644,406.0
719,1377950649,406.0
719,1377950654,409.0
719,1377950659,408.0
719,1377950664,404.0
719,1377950669,401.0
719,1377950674,409.0
719,1377950679,420.0
719,1377950684,416.0
719,1377950689,406.0
719,1377950694,412.0
719,1377950699,411.0
719,1377950704,416.0
719,1377950709,409.0
719,1377950714,403.0
719,1377950719,403.0
719,1377950724,404.0
719,1377950729,409.0
719,1377950734,407.0
719,1377950739,407.0
719,1377950744,403.0
719,1377950749,399.0
719,1377950754,397.0
719,1377950759,402.0
719,1377950764,406.0
719,1377950769,412.0
719,1377950774,407.0
719,1377950779,412.0
719,1377950784,406.0
719,1377950789,409.0
719,1377950794,404.0
719,1377950799,406.0
719,1377950804,397.0
719,1377950809,398.0
719,1377950814,390.0
719,1377950821,391.0
719,1377950824,391.0
719,1377950829,400.0
719,1377950834,403.0
719,1377950839,399.0
719,1377950844,409.0
719,1377950849,412.0
719,1377950854,412.0
719,1377950859,407.0
719,1377950864,409.0
719,1377950869,408.0
719,1377950874,406.0
719,1377950879,403.0
719,1377950884,401.0
719,1377950889,403.0
719,1377950894,402.0
719,1377950899,401.0
719,1377950904,403.0
719,1377950909,398.0
719,1377950914,403.0
719,1377950919,403.0
719,1377950924,401.0
719,1377950929,400.0
719,1377950934,397.0
719,1377950939,398.0
719,1377950944,396.0
719,1377950949,398.0
719,1377950954,402.0
719,1377950959,406.0
719,1377950964,412.0
719,1377950969,403.0
719,1377950974,397.0
719,1377950979,396.0
719,1377950984,392.0
719,1377950989,390.0
719,1377950994,397.0
719,1377950999,403.0
719,1377951004,412.0
719,1377951009,407.0
719,1377951014,409.0
719,1377951019,403.0
719,1377951024,397.0
719,1377951029,396.0
719,1377951034,398.0
719,1377951039,401.0
719,1377951044,397.0
719,1377951049,401.0
719,1377951055,401.0
719,1377951059,403.0
719,1377951064,408.0
719,1377951069,411.0
719,1377951074,413.0
719,1377951079,420.0
719,1377951084,411.0
719,1377951089,412.0
719,1377951094,406.0
719,1377951099,397.0
719,1377951104,397.0
719,1377951109,395.0
719,1377951114,401.0
719,1377951119,403.0
719,1377951124,412.0
719,1377951129,407.0
719,1377951134,416.0
719,1377951139,407.0
719,1377951144,407.0
719,1377951149,403.0
719,1377951154,401.0
719,1377951159,397.0
719,1377951164,401.0
719,1377951169,402.0
719,1377951174,404.0
719,1377951179,403.0
719,1377951184,409.0
719,1377951189,404.0
719,1377951194,403.0
719,1377951199,401.0
719,1377951204,397.0
719,1377951209,403.0
719,1377951214,399.0
719,1377951219,401.0
719,1377951224,401.0
719,1377951229,398.0
719,1377951234,396.0
719,1377951239,401.0
719,1377951244,406.0
719,1377951249,408.0
719,1377951254,406.0
719,1377951259,412.0
719,1377951264,402.0
719,1377951269,402.0
719,1377951274,403.0
719,1377951279,401.0
719,1377951284,401.0
719,1377951289,395.0
719,1377951294,396.0
719,1377951299,393.0
719,1377951304,393.0
719,1377951309,402.0
719,1377951314,404.0
719,1377951319,399.0
719,1377951324,408.0
719,1377951329,416.0
719,1377951334,414.0
719,1377951339,412.0
719,1377951344,407.0
719,1377951349,404.0
719,1377951354,403.0
719,1377951359,397.0
719,1377951364,398.0
719,1377951369,398.0
719,1377951374,403.0
719,1377951379,406.0
719,1377951384,412.0
719,1377951389,412.0
719,1377951394,407.0
719,1377951399,407.0
719,1377951404,408.0
719,1377951409,408.0
719,1377951414,416.0
719,1377951419,406.0
719,1377951424,416.0
719,1377951429,408.0
719,1377951434,403.0
719,1377951439,401.0
719,1377951444,403.0
719,1377951449,403.0
719,1377951454,411.0
719,1377951459,411.0
719,1377951464,411.0
719,1377951469,412.0
719,1377951474,416.0
719,1377951479,403.0
719,1377951484,406.0
719,1377951489,412.0
719,1377951494,411.0
719,1377951499,411.0
719,1377951504,411.0
719,1377951509,411.0
719,1377951514,403.0
719,1377951519,401.0
719,1377951524,404.0
719,1377951529,406.0
719,1377951534,408.0
719,1377951541,407.0
719,1377951544,406.0
719,1377951549,420.0
719,1377951554,406.0
719,1377951559,406.0
719,1377951564,398.0
719,1377951569,397.0
719,1377951574,393.0
719,1377951579,401.0
719,1377951584,404.0
719,1377951589,407.0
719,1377951594,406.0
719,1377951599,406.0
719,1377951604,397.0
719,1377951609,397.0
719,1377951614,395.0
719,1377951619,401.0
719,1377951624,406.0
719,1377951629,402.0
719,1377951634,398.0
719,1377951639,401.0
719,1377951644,397.0
719,1377951649,398.0
719,1377951654,401.0
719,1377951659,402.0
719,1377951664,412.0
719,1377951669,406.0
719,1377951674,416.0
719,1377951679,407.0
719,1377951684,409.0
719,1377951689,399.0
719,1377951694,403.0
719,1377951699,408.0
719,1377951704,407.0
719,1377951709,403.0
719,1377951714,408.0
719,1377951719,403.0
719,1377951724,402.0
719,1377951729,403.0
719,1377951734,399.0
719,1377951739,406.0
719,1377951744,414.0
719,1377951749,409.0
719,1377951754,406.0
719,1377951759,408.0
719,1377951764,403.0
719,1377951769,402.0
719,1377951774,398.0
719,1377951779,401.0
719,1377951784,401.0
719,1377951789,405.0
719,1377951794,402.0
719,1377951799,404.0
719,1377951804,395.0
719,1377951809,397.0
719,1377951814,396.0
719,1377951819,398.0
719,1377951824,395.0
719,1377951829,400.0
719,1377951834,398.0
719,1377951839,404.0
719,1377951844,412.0
719,1377951849,409.0
719,1377951854,406.0
719,1377951859,403.0
719,1377951864,403.0
719,1377951869,400.0
719,1377951874,398.0
719,1377951879,398.0
719,1377951884,402.0
719,1377951889,408.0
719,1377951894,412.0
719,1377951899,416.0
719,1377951904,411.0
719,1377951909,411.0
719,1377951914,416.0
719,1377951919,408.0
719,1377951924,412.0
719,1377951929,402.0
719,1377951935,403.0
719,1377951939,404.0
719,1377951944,403.0
719,1377951949,398.0
719,1377951954,406.0
719,1377951959,409.0
719,1377951964,406.0
719,1377951969,412.0
719,1377951974,412.0
719,1377951979,406.0
719,1377951984,404.0
719,1377951989,402.0
719,1377951994,398.0
719,1377951999,395.0
719,1377952004,395.0
719,1377952009,400.0
719,1377952014,400.0
719,1377952019,400.0
719,1377952024,397.0
719,1377952029,401.0
719,1377952034,399.0
719,1377952039,407.0
719,1377952044,409.0
719,1377952049,406.0
719,1377952054,406.0
719,1377952059,401.0
719,1377952064,395.0
719,1377952069,400.0
719,1377952074,397.0
719,1377952079,408.0
719,1377952084,398.0
719,1377952089,404.0
719,1377952094,404.0
719,1377952099,404.0
719,1377952104,401.0
719,1377952109,404.0
719,1377952114,403.0
719,1377952119,403.0
719,1377952124,403.0
719,1377952129,407.0
719,1377952134,409.0
719,1377952139,409.0
719,1377952144,409.0
719,1377952149,409.0
719,1377952154,409.0
719,1377952159,412.0
719,1377952164,407.0
719,1377952169,408.0
719,1377952174,406.0
719,1377952179,399.0
719,1377952184,408.0
719,1377952189,408.0
719,1377952194,406.0
719,1377952199,403.0
719,1377952204,412.0
719,1377952209,398.0
719,1377952214,412.0
719,1377952219,400.0
719,1377952225,396.0
719,1377952230,391.0
719,1377952234,396.0
719,1377952239,391.0
719,1377952244,397.0
719,1377952249,397.0
719,1377952254,401.0
719,1377952259,401.0
719,1377952264,401.0
719,1377952269,402.0
719,1377952274,399.0
719,1377952279,395.0
719,1377952284,393.0
719,1377952289,401.0
719,1377952294,403.0
719,1377952299,407.0
719,1377952304,414.0
719,1377952309,413.0
719,1377952314,418.0
719,1377952319,419.0
719,1377952324,420.0
719,1377952329,413.0
719,1377952334,409.0
719,1377952339,407.0
719,1377952344,408.0
719,1377952349,408.0
719,1377952354,404.0
719,1377952359,404.0
719,1377952364,403.0
719,1377952369,398.0
719,1377952374,397.0
719,1377952379,397.0
719,1377952384,402.0
719,1377952389,412.0
719,1377952394,416.0
719,1377952399,418.0
719,1377952404,417.0
719,1377952409,409.0
719,1377952414,406.0
719,1377952419,406.0
719,1377952424,409.0
719,1377952429,403.0
719,1377952434,409.0
719,1377952439,408.0
719,1377952444,409.0
719,1377952449,409.0
719,1377952454,409.0
719,1377952459,406.0
719,1377952464,414.0
719,1377952469,409.0
719,1377952474,412.0
719,1377952479,409.0
719,1377952484,407.0
719,1377952489,411.0
719,1377952494,411.0
719,1377952499,411.0
719,1377952504,416.0
719,1377952509,412.0
719,1377952514,408.0
719,1377952519,403.0
719,1377952524,404.0
719,1377952529,398.0
719,1377952534,403.0
719,1377952539,404.0
719,1377952544,409.0
719,1377952549,407.0
719,1377952554,412.0
719,1377952559,416.0
719,1377952564,407.0
719,1377952569,416.0
719,1377952574,407.0
719,1377952579,411.0
719,1377952584,409.0
719,1377952589,407.0
719,1377952594,404.0
719,1377952599,403.0
719,1377952604,401.0
719,1377952609,402.0
719,1377952614,403.0
719,1377952619,407.0
719,1377952624,409.0
719,1377952629,416.0
719,1377952634,418.0
719,1377952639,409.0
719,1377952644,407.0
719,1377952649,401.0
719,1377952654,399.0
719,1377952659,406.0
719,1377952664,406.0
719,1377952669,412.0
719,1377952674,412.0
719,1377952679,396.0
719,1377952684,395.0
719,1377952689,396.0
719,1377952694,396.0
719,1377952699,395.0
719,1377952704,398.0
719,1377952709,398.0
719,1377952714,406.0
719,1377952719,406.0
719,1377952724,409.0
719,1377952729,411.0
719,1377952734,413.0
719,1377952739,407.0
719,1377952744,403.0
719,1377952749,401.0
719,1377952754,397.0
719,1377952759,396.0
719,1377952764,398.0
719,1377952769,393.0
719,1377952774,398.0
719,1377952779,398.0
719,1377952784,404.0
719,1377952789,397.0
719,1377952794,397.0
719,1377952799,397.0
719,1377952804,403.0
719,1377952809,403.0
719,1377952814,398.0
719,1377952819,403.0
719,1377952824,402.0
719,1377952829,406.0
719,1377952834,398.0
719,1377952839,396.0
719,1377952844,397.0
719,1377952849,398.0
719,1377952854,408.0
719,1377952859,398.0
719,1377952864,398.0
719,1377952869,397.0
719,1377952874,398.0
719,1377952879,408.0
719,1377952884,409.0
719,1377952889,407.0
719,1377952894,403.0
719,1377952899,400.0
719,1377952904,395.0
719,1377952909,396.0
719,1377952914,397.0
719,1377952919,398.0
719,1377952924,401.0
719,1377952929,397.0
719,1377952934,398.0
719,1377952939,393.0
719,1377952944,395.0
719,1377952949,400.0
719,1377952954,404.0
719,1377952964,408.0
719,1377952969,406.0
719,1377952974,407.0
719,1377952979,414.0
719,1377952984,406.0
719,1377952989,403.0
719,1377952994,395.0
719,1377952999,391.0
719,1377953004,391.0
719,1377953009,390.0
719,1377953014,393.0
719,1377953019,390.0
719,1377953024,390.0
719,1377953029,401.0
719,1377953034,408.0
719,1377953039,408.0
719,1377953044,401.0
719,1377953049,398.0
719,1377953054,403.0
719,1377953059,398.0
719,1377953064,397.0
719,1377953069,401.0
719,1377953074,400.0
719,1377953079,398.0
719,1377953084,398.0
719,1377953089,397.0
719,1377953094,396.0
719,1377953099,396.0
719,1377953104,395.0
719,1377953109,395.0
719,1377953114,395.0
719,1377953119,396.0
719,1377953124,395.0
719,1377953129,395.0
719,1377953134,403.0
719,1377953139,398.0
719,1377953144,401.0
719,1377953149,403.0
719,1377953154,404.0
719,1377953159,398.0
719,1377953164,412.0
719,1377953169,403.0
719,1377953174,399.0
719,1377953179,403.0
719,1377953184,408.0
719,1377953189,403.0
719,1377953194,406.0
719,1377953199,406.0
719,1377953204,403.0
719,1377953209,398.0
719,1377953214,400.0
719,1377953219,398.0
719,1377953224,398.0
719,1377953229,412.0
719,1377953234,409.0
719,1377953239,409.0
719,1377953244,406.0
719,1377953249,401.0
719,1377953254,404.0
719,1377953259,403.0
719,1377953264,403.0
719,1377953269,406.0
719,1377953274,403.0
719,1377953279,412.0
719,1377953284,406.0
719,1377953289,409.0
719,1377953294,408.0
719,1377953299,408.0
719,1377953304,409.0
719,1377953309,403.0
719,1377953314,404.0
719,1377953319,406.0
719,1377953324,401.0
719,1377953329,403.0
719,1377953334,396.0
719,1377953339,391.0
719,1377953344,390.0
719,1377953349,396.0
719,1377953354,391.0
719,1377953359,397.0
719,1377953364,401.0
719,1377953369,401.0
719,1377953374,398.0
719,1377953379,403.0
719,1377953384,398.0
719,1377953389,401.0
719,1377953394,398.0
719,1377953399,396.0
719,1377953404,388.0
719,1377953409,387.0
719,1377953414,388.0
719,1377953419,393.0
719,1377953424,397.0
719,1377953429,398.0
719,1377953434,400.0
719,1377953439,390.0
719,1377953444,391.0
719,1377953449,391.0
719,1377953454,391.0
719,1377953459,390.0
719,1377953464,392.0
719,1377953469,388.0
719,1377953474,387.0
719,1377953479,393.0
719,1377953484,396.0
719,1377953489,398.0
719,1377953494,401.0
719,1377953499,401.0
719,1377953504,401.0
719,1377953509,396.0
719,1377953514,395.0
719,1377953519,398.0
719,1377953524,390.0
719,1377953529,395.0
719,1377953534,398.0
719,1377953539,400.0
719,1377953544,398.0
719,1377953549,408.0
719,1377953554,401.0
719,1377953559,398.0
719,1377953564,398.0
719,1377953569,400.0
719,1377953574,396.0
719,1377953579,398.0
719,1377953584,390.0
719,1377953589,400.0
719,1377953594,397.0
719,1377953599,399.0
719,1377953604,412.0
719,1377953609,407.0
719,1377953614,409.0
719,1377953619,398.0
719,1377953624,397.0
719,1377953629,391.0
719,1377953634,398.0
719,1377953639,398.0
719,1377953644,408.0
719,1377953649,401.0
719,1377953654,397.0
719,1377953659,396.0
719,1377953664,396.0
719,1377953669,393.0
719,1377953674,401.0
719,1377953679,403.0
719,1377953684,403.0
719,1377953689,397.0
719,1377953694,395.0
719,1377953699,401.0
719,1377953710,397.0
719,1377953714,397.0
719,1377953719,399.0
719,1377953724,403.0
719,1377953729,404.0
719,1377953734,398.0
719,1377953739,391.0
719,1377953744,396.0
719,1377953749,396.0
719,1377953754,391.0
719,1377953759,396.0
719,1377953764,395.0
719,1377953769,397.0
719,1377953774,397.0
719,1377953779,401.0
719,1377953784,404.0
719,1377953789,408.0
719,1377953794,398.0
719,1377953799,408.0
719,1377953804,403.0
719,1377953809,401.0
719,1377953814,395.0
719,1377953819,396.0
719,1377953824,388.0
719,1377953829,388.0
719,1377953834,392.0
719,1377953839,391.0
719,1377953844,390.0
719,1377953849,396.0
719,1377953854,395.0
719,1377953859,399.0
719,1377953864,395.0
719,1377953869,401.0
719,1377953874,408.0
719,1377953879,401.0
719,1377953884,398.0
719,1377953889,404.0
719,1377953894,399.0
719,1377953899,403.0
719,1377953904,403.0
719,1377953909,402.0
719,1377953914,401.0
719,1377953919,395.0
719,1377953924,391.0
719,1377953929,395.0
719,1377953934,398.0
719,1377953939,397.0
719,1377953944,401.0
719,1377953949,403.0
719,1377953954,401.0
719,1377953959,398.0
719,1377953964,401.0
719,1377953969,391.0
719,1377953974,392.0
719,1377953979,388.0
719,1377953984,388.0
719,1377953989,396.0
719,1377953994,402.0
719,1377953999,409.0
719,1377954004,412.0
719,1377954009,414.0
719,1377954014,407.0
719,1377954019,403.0
719,1377954024,396.0
719,1377954029,391.0
719,1377954034,396.0
719,1377954039,393.0
719,1377954044,395.0
719,1377954049,399.0
719,1377954054,396.0
719,1377954059,401.0
719,1377954064,397.0
719,1377954069,406.0
719,1377954074,402.0
719,1377954079,398.0
719,1377954084,391.0
719,1377954089,404.0
719,1377954094,391.0
719,1377954099,391.0
719,1377954104,398.0
719,1377954109,396.0
719,1377954114,396.0
719,1377954119,400.0
719,1377954124,403.0
719,1377954129,406.0
719,1377954134,404.0
719,1377954139,396.0
719,1377954144,387.0
719,1377954149,382.0
719,1377954154,388.0
719,1377954159,390.0
719,1377954164,393.0
719,1377954169,397.0
719,1377954174,391.0
719,1377954179,398.0
719,1377954184,395.0
719,1377954189,397.0
719,1377954194,401.0
719,1377954199,398.0
719,1377954204,395.0
719,1377954209,391.0
719,1377954214,392.0
719,1377954219,388.0
719,1377954224,390.0
719,1377954229,398.0
719,1377954234,398.0
719,1377954239,402.0
719,1377954244,397.0
719,1377954249,401.0
719,1377954254,397.0
719,1377954259,398.0
719,1377954264,408.0
719,1377954269,403.0
719,1377954274,404.0
719,1377954279,400.0
719,1377954284,398.0
719,1377954289,397.0
719,1377954294,402.0
719,1377954299,398.0
719,1377954304,391.0
719,1377954309,390.0
719,1377954314,396.0
719,1377954319,396.0
719,1377954324,393.0
719,1377954329,395.0
719,1377954334,393.0
719,1377954339,397.0
719,1377954344,398.0
719,1377954350,393.0
719,1377954354,396.0
719,1377954359,390.0
719,1377954364,391.0
719,1377954369,395.0
719,1377954374,395.0
719,1377954379,398.0
719,1377954384,398.0
719,1377954389,397.0
719,1377954394,401.0
719,1377954399,406.0
719,1377954404,407.0
719,1377954409,416.0
719,1377954414,412.0
719,1377954419,412.0
719,1377954424,398.0
719,1377954429,403.0
719,1377954434,403.0
719,1377954439,403.0
719,1377954444,402.0
719,1377954449,399.0
719,1377954454,403.0
719,1377954459,398.0
719,1377954464,398.0
719,1377954469,390.0
719,1377954474,391.0
719,1377954479,388.0
719,1377954484,388.0
719,1377954489,392.0
719,1377954494,391.0
719,1377954500,396.0
719,1377954504,400.0
719,1377954509,391.0
719,1377954514,403.0
719,1377954519,398.0
719,1377954524,398.0
719,1377954529,398.0
719,1377954534,398.0
719,1377954539,400.0
719,1377954544,402.0
719,1377954549,403.0
719,1377954554,403.0
719,1377954559,403.0
719,1377954564,402.0
719,1377954569,402.0
719,1377954574,393.0
719,1377954579,396.0
719,1377954584,388.0
719,1377954589,392.0
719,1377954594,392.0
719,1377954599,398.0
719,1377954604,401.0
719,1377954609,404.0
719,1377954614,396.0
719,1377954619,391.0
719,1377954624,396.0
719,1377954629,395.0
719,1377954634,399.0
719,1377954639,404.0
719,1377954644,412.0
719,1377954649,406.0
719,1377954654,398.0
719,1377954659,404.0
719,1377954664,402.0
719,1377954669,401.0
719,1377954674,400.0
719,1377954679,393.0
719,1377954684,397.0
719,1377954689,396.0
719,1377954694,391.0
719,1377954699,395.0
719,1377954704,393.0
719,1377954709,390.0
719,1377954714,396.0
719,1377954719,395.0
719,1377954724,397.0
719,1377954729,396.0
719,1377954734,400.0
719,1377954739,397.0
719,1377954744,398.0
719,1377954749,391.0
719,1377954754,396.0
719,1377954759,387.0
719,1377954764,382.0
719,1377954769,382.0
719,1377954774,385.0
719,1377954779,385.0
719,1377954784,392.0
719,1377954789,396.0
719,1377954794,395.0
719,1377954799,397.0
719,1377954804,396.0
719,1377954809,397.0
719,1377954814,396.0
719,1377954819,401.0
719,1377954824,390.0
719,1377954829,395.0
719,1377954834,390.0
719,1377954839,395.0
719,1377954844,390.0
719,1377954849,391.0
719,1377954854,393.0
719,1377954859,396.0
719,1377954864,391.0
719,1377954869,391.0
719,1377954874,402.0
719,1377954879,401.0
719,1377954884,403.0
719,1377954889,406.0
719,1377954894,406.0
719,1377954899,409.0
719,1377954904,414.0
719,1377954909,416.0
719,1377954914,406.0
719,1377954919,406.0
719,1377954924,404.0
719,1377954929,399.0
719,1377954934,403.0
719,1377954939,397.0
719,1377954944,397.0
719,1377954949,395.0
719,1377954954,400.0
719,1377954959,397.0
719,1377954964,401.0
719,1377954969,393.0
719,1377954974,390.0
719,1377954979,384.0
719,1377954984,382.0
719,1377954989,385.0
719,1377954994,382.0
719,1377954999,396.0
719,1377955004,396.0
719,1377955009,401.0
719,1377955014,403.0
719,1377955019,397.0
719,1377955024,391.0
719,1377955029,398.0
719,1377955034,391.0
719,1377955039,400.0
719,1377955044,401.0
719,1377955049,398.0
719,1377955054,404.0
719,1377955059,403.0
719,1377955064,404.0
719,1377955069,398.0
719,1377955074,399.0
719,1377955079,406.0
719,1377955084,403.0
719,1377955089,403.0
719,1377955094,397.0
719,1377955099,409.0
719,1377955104,398.0
719,1377955109,401.0
719,1377955114,401.0
719,1377955119,399.0
719,1377955124,396.0
719,1377955129,391.0
719,1377955134,400.0
719,1377955139,403.0
719,1377955144,403.0
719,1377955149,403.0
719,1377955154,404.0
719,1377955159,397.0
719,1377955164,398.0
719,1377955169,391.0
719,1377955174,395.0
719,1377955179,398.0
719,1377955184,398.0
719,1377955189,391.0
719,1377955194,396.0
719,1377955199,387.0
719,1377955204,382.0
719,1377955209,392.0
719,1377955214,396.0
719,1377955219,395.0
719,1377955224,397.0
719,1377955229,406.0
719,1377955234,408.0
719,1377955239,403.0
719,1377955245,402.0
719,1377955249,396.0
719,1377955254,396.0
719,1377955259,396.0
719,1377955264,391.0
719,1377955269,393.0
719,1377955274,396.0
719,1377955279,393.0
719,1377955284,396.0
719,1377955289,392.0
719,1377955294,393.0
719,1377955299,393.0
719,1377955304,393.0
719,1377955309,395.0
719,1377955314,393.0
719,1377955319,395.0
719,1377955324,397.0
719,1377955329,404.0
719,1377955334,408.0
719,1377955339,408.0
719,1377955344,402.0
719,1377955349,400.0
719,1377955354,396.0
719,1377955359,398.0
719,1377955364,401.0
719,1377955369,403.0
719,1377955374,408.0
719,1377955379,406.0
719,1377955384,408.0
719,1377955389,397.0
719,1377955394,395.0
719,1377955399,395.0
719,1377955404,390.0
719,1377955409,393.0
719,1377955414,391.0
719,1377955419,390.0
719,1377955424,390.0
719,1377955429,393.0
719,1377955434,398.0
719,1377955439,398.0
719,1377955444,403.0
719,1377955449,403.0
719,1377955454,398.0
719,1377955459,397.0
719,1377955464,398.0
719,1377955469,393.0
719,1377955474,395.0
719,1377955479,395.0
719,1377955484,395.0
719,1377955489,401.0
719,1377955494,401.0
719,1377955499,401.0
719,1377955504,400.0
719,1377955509,391.0
719,1377955514,395.0
719,1377955519,393.0
719,1377955524,393.0
719,1377955529,393.0
719,1377955534,392.0
719,1377955539,387.0
719,1377955544,387.0
719,1377955549,392.0
719,1377955554,390.0
719,1377955559,388.0
719,1377955564,387.0
719,1377955569,382.0
719,1377955574,383.0
719,1377955579,387.0
719,1377955584,390.0
719,1377955589,398.0
719,1377955594,395.0
719,1377955599,398.0
719,1377955604,397.0
719,1377955609,403.0
719,1377955614,408.0
719,1377955619,403.0
719,1377955624,400.0
719,1377955629,391.0
719,1377955634,387.0
719,1377955639,390.0
719,1377955644,393.0
719,1377955649,391.0
719,1377955654,397.0
719,1377955659,397.0
719,1377955664,391.0
719,1377955669,391.0
719,1377955674,392.0
719,1377955679,383.0
719,1377955684,390.0
719,1377955689,390.0
719,1377955694,395.0
719,1377955699,395.0
719,1377955704,397.0
719,1377955709,406.0
719,1377955714,409.0
719,1377955719,406.0
719,1377955724,406.0
719,1377955729,404.0
719,1377955734,404.0
719,1377955739,395.0
719,1377955744,396.0
719,1377955749,390.0
719,1377955754,392.0
719,1377955759,393.0
719,1377955764,391.0
719,1377955769,391.0
719,1377955774,397.0
719,1377955779,398.0
719,1377955784,391.0
719,1377955789,390.0
719,1377955794,382.0
719,1377955799,387.0
719,1377955804,392.0
719,1377955809,390.0
719,1377955814,396.0
719,1377955819,401.0
719,1377955824,398.0
719,1377955829,404.0
719,1377955834,401.0
719,1377955839,396.0
719,1377955844,393.0
719,1377955849,396.0
719,1377955854,393.0
719,1377955859,396.0
719,1377955864,385.0
719,1377955869,385.0
719,1377955874,396.0
719,1377955879,392.0
719,1377955884,385.0
719,1377955889,387.0
719,1377955894,392.0
719,1377955899,390.0
719,1377955904,390.0
719,1377955909,393.0
719,1377955914,397.0
719,1377955919,390.0
719,1377955924,391.0
719,1377955929,396.0
719,1377955934,402.0
719,1377955939,403.0
719,1377955947,406.0
719,1377955949,404.0
719,1377955954,402.0
719,1377955959,391.0
719,1377955964,397.0
719,1377955969,397.0
719,1377955974,395.0
719,1377955979,393.0
719,1377955984,393.0
719,1377955989,382.0
719,1377955994,382.0
719,1377955999,382.0
719,1377956004,382.0
719,1377956009,385.0
719,1377956014,387.0
719,1377956019,396.0
719,1377956024,396.0
719,1377956029,401.0
719,1377956034,397.0
719,1377956039,400.0
719,1377956044,398.0
719,1377956049,396.0
719,1377956054,396.0
719,1377956059,395.0
719,1377956064,401.0
719,1377956069,402.0
719,1377956074,398.0
719,1377956079,397.0
719,1377956084,390.0
719,1377956089,396.0
719,1377956094,382.0
719,1377956099,396.0
719,1377956104,391.0
719,1377956109,395.0
719,1377956114,397.0
719,1377956119,397.0
719,1377956124,395.0
719,1377956129,401.0
719,1377956134,401.0
719,1377956139,408.0
719,1377956144,401.0
719,1377956149,395.0
719,1377956154,393.0
719,1377956159,393.0
719,1377956164,393.0
719,1377956169,390.0
719,1377956174,390.0
719,1377956179,396.0
719,1377956184,403.0
719,1377956189,398.0
719,1377956194,403.0
719,1377956199,404.0
719,1377956204,403.0
719,1377956209,396.0
719,1377956214,391.0
719,1377956219,387.0
719,1377956224,390.0
719,1377956229,390.0
719,1377956234,391.0
719,1377956239,401.0
719,1377956244,401.0
719,1377956249,403.0
719,1377956254,401.0
719,1377956259,402.0
719,1377956264,397.0
719,1377956269,404.0
719,1377956274,404.0
719,1377956279,397.0
719,1377956284,393.0
719,1377956289,395.0
719,1377956294,390.0
719,1377956299,395.0
719,1377956304,395.0
719,1377956309,401.0
719,1377956314,398.0
719,1377956319,398.0
719,1377956324,398.0
719,1377956329,401.0
719,1377956334,395.0
719,1377956339,400.0
719,1377956344,398.0
719,1377956349,402.0
719,1377956354,397.0
719,1377956359,396.0
719,1377956364,390.0
719,1377956369,396.0
719,1377956374,390.0
719,1377956379,397.0
719,1377956384,401.0
719,1377956389,403.0
719,1377956394,403.0
719,1377956399,401.0
719,1377956404,400.0
719,1377956409,391.0
719,1377956414,396.0
719,1377956419,397.0
719,1377956425,398.0
719,1377956429,395.0
719,1377956434,395.0
719,1377956439,390.0
719,1377956444,391.0
719,1377956449,402.0
719,1377956454,403.0
719,1377956459,403.0
719,1377956464,403.0
719,1377956469,401.0
719,1377956474,401.0
719,1377956479,397.0
719,1377956484,398.0
719,1377956489,396.0
719,1377956494,398.0
719,1377956499,397.0
719,1377956504,402.0
719,1377956509,397.0
719,1377956514,397.0
719,1377956519,398.0
719,1377956524,396.0
719,1377956529,391.0
719,1377956534,391.0
719,1377956539,390.0
719,1377956544,392.0
719,1377956549,393.0
719,1377956554,396.0
719,1377956559,393.0
719,1377956564,393.0
719,1377956569,400.0
719,1377956574,393.0
719,1377956579,395.0
719,1377956584,404.0
719,1377956589,406.0
719,1377956594,406.0
719,1377956605,403.0
719,1377956609,408.0
719,1377956614,400.0
719,1377956619,400.0
719,1377956624,400.0
719,1377956629,403.0
719,1377956634,402.0
719,1377956639,403.0
719,1377956644,403.0
719,1377956649,398.0
719,1377956654,404.0
719,1377956659,406.0
719,1377956664,408.0
719,1377956669,398.0
719,1377956674,403.0
719,1377956679,403.0
719,1377956684,395.0
719,1377956689,390.0
719,1377956694,395.0
719,1377956699,398.0
719,1377956704,397.0
719,1377956709,398.0
719,1377956714,401.0
719,1377956719,398.0
719,1377956724,400.0
719,1377956729,398.0
719,1377956734,404.0
719,1377956739,391.0
719,1377956744,400.0
719,1377956749,395.0
719,1377956754,391.0
719,1377956759,391.0
719,1377956764,391.0
719,1377956769,393.0
719,1377956774,396.0
719,1377956779,396.0
719,1377956784,396.0
719,1377956789,391.0
719,1377956794,395.0
719,1377956799,397.0
719,1377956804,395.0
719,1377956809,396.0
719,1377956814,390.0
719,1377956819,390.0
719,1377956824,392.0
719,1377956829,395.0
719,1377956834,396.0
719,1377956839,390.0
719,1377956844,396.0
719,1377956849,396.0
719,1377956854,390.0
719,1377956859,391.0
719,1377956864,390.0
719,1377956869,393.0
719,1377956874,390.0
719,1377956879,396.0
719,1377956884,387.0
719,1377956889,387.0
719,1377956894,382.0
719,1377956899,391.0
719,1377956904,399.0
719,1377956909,403.0
719,1377956914,408.0
719,1377956919,398.0
719,1377956924,397.0
719,1377956929,397.0
719,1377956934,406.0
719,1377956939,406.0
719,1377956944,407.0
719,1377956949,408.0
719,1377956954,403.0
719,1377956959,403.0
719,1377956964,404.0
719,1377956969,401.0
719,1377956974,403.0
719,1377956979,403.0
719,1377956984,408.0
719,1377956989,397.0
719,1377956994,391.0
719,1377956999,396.0
719,1377957004,396.0
719,1377957009,393.0
719,1377957014,401.0
719,1377957019,404.0
719,1377957024,404.0
719,1377957029,402.0
719,1377957034,397.0
719,1377957039,393.0
719,1377957044,391.0
719,1377957049,390.0
719,1377957054,390.0
719,1377957059,387.0
719,1377957064,390.0
719,1377957069,390.0
719,1377957074,390.0
719,1377957079,412.0
719,1377957084,403.0
719,1377957089,408.0
719,1377957094,403.0
719,1377957099,401.0
719,1377957104,396.0
719,1377957109,400.0
719,1377957114,396.0
719,1377957119,391.0
719,1377957124,403.0
719,1377957129,398.0
719,1377957134,402.0
719,1377957139,401.0
719,1377957144,402.0
719,1377957149,395.0
719,1377957154,393.0
719,1377957159,393.0
719,1377957164,392.0
719,1377957169,388.0
719,1377957174,392.0
719,1377957179,393.0
719,1377957184,397.0
719,1377957189,393.0
719,1377957194,396.0
719,1377957199,397.0
719,1377957204,405.0
719,1377957209,408.0
719,1377957214,407.0
719,1377957219,407.0
719,1377957224,407.0
719,1377957229,412.0
719,1377957234,407.0
719,1377957239,406.0
719,1377957244,403.0
719,1377957249,395.0
719,1377957254,398.0
719,1377957259,397.0
719,1377957264,398.0
719,1377957269,393.0
719,1377957274,390.0
719,1377957279,390.0
719,1377957284,396.0
719,1377957289,390.0
719,1377957299,391.0
719,1377957304,398.0
719,1377957309,403.0
719,1377957314,397.0
719,1377957319,403.0
719,1377957324,390.0
719,1377957329,388.0
719,1377957334,382.0
719,1377957339,384.0
719,1377957344,388.0
719,1377957349,397.0
719,1377957354,396.0
719,1377957359,393.0
719,1377957364,392.0
719,1377957369,387.0
719,1377957374,388.0
719,1377957379,385.0
719,1377957384,392.0
719,1377957389,392.0
719,1377957394,396.0
719,1377957399,393.0
719,1377957404,391.0
719,1377957409,397.0
719,1377957414,395.0
719,1377957419,398.0
719,1377957424,402.0
719,1377957429,401.0
719,1377957434,398.0
719,1377957439,398.0
719,1377957444,398.0
719,1377957449,406.0
719,1377957454,412.0
719,1377957459,409.0
719,1377957464,407.0
719,1377957469,409.0
719,1377957474,409.0
719,1377957479,401.0
719,1377957484,401.0
719,1377957489,395.0
719,1377957494,397.0
719,1377957499,402.0
719,1377957504,403.0
719,1377957509,403.0
719,1377957514,408.0
719,1377957519,408.0
719,1377957524,403.0
719,1377957529,401.0
719,1377957534,396.0
719,1377957539,398.0
719,1377957544,398.0
719,1377957549,391.0
719,1377957554,393.0
719,1377957559,396.0
719,1377957564,385.0
719,1377957569,382.0
719,1377957574,389.0
719,1377957579,396.0
719,1377957584,397.0
719,1377957589,403.0
719,1377957594,398.0
719,1377957599,397.0
719,1377957604,398.0
719,1377957609,398.0
719,1377957614,391.0
719,1377957619,395.0
719,1377957624,397.0
719,1377957629,403.0
719,1377957634,404.0
719,1377957639,406.0
719,1377957644,409.0
719,1377957649,404.0
719,1377957654,405.0
719,1377957659,397.0
719,1377957664,398.0
719,1377957669,397.0
719,1377957674,398.0
719,1377957679,400.0
719,1377957684,397.0
719,1377957689,398.0
719,1377957694,401.0
719,1377957699,397.0
719,1377957704,401.0
719,1377957709,401.0
719,1377957714,406.0
719,1377957719,408.0
719,1377957724,408.0
719,1377957729,398.0
719,1377957734,396.0
719,1377957739,390.0
719,1377957744,390.0
719,1377957749,398.0
719,1377957754,397.0
719,1377957759,403.0
719,1377957764,407.0
719,1377957769,403.0
719,1377957774,398.0
719,1377957779,401.0
719,1377957784,401.0
719,1377957789,400.0
719,1377957794,396.0
719,1377957799,398.0
719,1377957804,401.0
719,1377957809,399.0
719,1377957814,407.0
719,1377957819,407.0
719,1377957824,407.0
719,1377957829,406.0
719,1377957834,401.0
719,1377957839,398.0
719,1377957844,396.0
719,1377957849,397.0
719,1377957854,398.0
719,1377957859,412.0
719,1377957864,401.0
719,1377957869,397.0
719,1377957874,395.0
719,1377957879,395.0
719,1377957884,396.0
719,1377957889,396.0
719,1377957894,393.0
719,1377957899,391.0
719,1377957904,396.0
719,1377957909,387.0
719,1377957914,391.0
719,1377957919,395.0
719,1377957924,404.0
719,1377957929,403.0
719,1377957934,402.0
719,1377957939,393.0
719,1377957944,391.0
719,1377957949,396.0
719,1377957954,404.0
719,1377957959,397.0
719,1377957964,408.0
719,1377957969,403.0
719,1377957974,409.0
719,1377957979,408.0
719,1377957984,408.0
719,1377957989,404.0
719,1377957994,401.0
719,1377957999,402.0
719,1377958004,402.0
719,1377958009,397.0
719,1377958014,401.0
719,1377958019,401.0
719,1377958024,402.0
719,1377958033,398.0
719,1377958034,412.0
719,1377958039,411.0
719,1377958044,409.0
719,1377958049,409.0
719,1377958054,406.0
719,1377958059,398.0
719,1377958064,403.0
719,1377958069,406.0
719,1377958074,403.0
719,1377958079,404.0
719,1377958084,401.0
719,1377958089,405.0
719,1377958094,408.0
719,1377958099,398.0
719,1377958104,398.0
719,1377958109,397.0
719,1377958114,391.0
719,1377958119,397.0
719,1377958124,406.0
719,1377958129,407.0
719,1377958134,413.0
719,1377958139,407.0
719,1377958144,416.0
719,1377958149,406.0
719,1377958154,412.0
719,1377958159,401.0
719,1377958164,396.0
719,1377958169,390.0
719,1377958174,391.0
719,1377958179,391.0
719,1377958184,397.0
719,1377958189,398.0
719,1377958194,406.0
719,1377958199,403.0
719,1377958204,403.0
719,1377958209,403.0
719,1377958214,408.0
719,1377958219,402.0
719,1377958224,403.0
719,1377958229,402.0
719,1377958234,404.0
719,1377958239,397.0
719,1377958244,396.0
719,1377958249,390.0
719,1377958254,395.0
719,1377958259,396.0
719,1377958264,397.0
719,1377958269,403.0
719,1377958274,409.0
719,1377958279,411.0
719,1377958284,404.0
719,1377958289,404.0
719,1377958294,401.0
719,1377958299,405.0
719,1377958304,402.0
719,1377958309,401.0
719,1377958314,399.0
719,1377958319,408.0
719,1377958324,403.0
719,1377958329,398.0
719,1377958334,398.0
719,1377958339,403.0
719,1377958344,398.0
719,1377958349,401.0
719,1377958354,402.0
719,1377958359,403.0
719,1377958364,399.0
719,1377958369,408.0
719,1377958374,403.0
719,1377958379,404.0
719,1377958384,398.0
719,1377958389,401.0
719,1377958394,395.0
719,1377958399,393.0
719,1377958404,393.0
719,1377958409,396.0
719,1377958414,397.0
719,1377958419,403.0
719,1377958424,401.0
719,1377958429,402.0
719,1377958434,404.0
719,1377958439,398.0
719,1377958444,398.0
719,1377958449,397.0
719,1377958454,397.0
719,1377958459,398.0
719,1377958464,397.0
719,1377958469,396.0
719,1377958474,400.0
719,1377958479,399.0
719,1377958484,406.0
719,1377958489,408.0
719,1377958494,402.0
719,1377958499,395.0
719,1377958504,390.0
719,1377958509,390.0
719,1377958514,391.0
719,1377958519,404.0
719,1377958524,412.0
719,1377958529,411.0
719,1377958534,413.0
719,1377958539,411.0
719,1377958544,418.0
719,1377958549,411.0
719,1377958554,411.0
719,1377958559,409.0
719,1377958564,407.0
719,1377958569,407.0
719,1377958574,399.0
719,1377958579,403.0
719,1377958584,403.0
719,1377958589,412.0
719,1377958594,408.0
719,1377958599,407.0
719,1377958604,416.0
719,1377958609,411.0
719,1377958614,411.0
719,1377958619,407.0
719,1377958624,408.0
719,1377958629,406.0
719,1377958634,407.0
719,1377958639,406.0
719,1377958644,412.0
719,1377958649,398.0
719,1377958654,395.0
719,1377958659,398.0
719,1377958664,398.0
719,1377958669,398.0
719,1377958674,408.0
719,1377958679,409.0
719,1377958684,409.0
719,1377958689,399.0
719,1377958694,409.0
719,1377958699,408.0
719,1377958704,405.0
719,1377958709,401.0
719,1377958714,399.0
719,1377958719,401.0
719,1377958724,407.0
719,1377958729,411.0
719,1377958734,416.0
719,1377958739,413.0
719,1377958744,407.0
719,1377958749,409.0
719,1377958754,408.0
719,1377958759,397.0
719,1377958764,390.0
719,1377958773,390.0
719,1377958774,388.0
719,1377958779,393.0
719,1377958784,398.0
719,1377958789,408.0
719,1377958794,406.0
719,1377958799,407.0
719,1377958804,404.0
719,1377958809,408.0
719,1377958814,409.0
719,1377958819,409.0
719,1377958824,409.0
719,1377958829,406.0
719,1377958834,406.0
719,1377958839,406.0
719,1377958844,406.0
719,1377958849,413.0
719,1377958854,406.0
719,1377958859,412.0
719,1377958864,401.0
719,1377958869,399.0
719,1377958874,396.0
719,1377958879,395.0
719,1377958884,399.0
719,1377958889,397.0
719,1377958894,400.0
719,1377958899,397.0
719,1377958904,401.0
719,1377958909,406.0
719,1377958914,406.0
719,1377958919,409.0
719,1377958924,409.0
719,1377958929,404.0
719,1377958934,397.0
719,1377958939,403.0
719,1377958944,403.0
719,1377958949,401.0
719,1377958954,403.0
719,1377958959,408.0
719,1377958964,406.0
719,1377958969,404.0
719,1377958974,403.0
719,1377958979,401.0
719,1377958984,402.0
719,1377958989,391.0
719,1377958994,401.0
719,1377958999,393.0
719,1377959004,391.0
719,1377959009,393.0
719,1377959014,396.0
719,1377959019,398.0
719,1377959024,397.0
719,1377959029,398.0
719,1377959034,403.0
719,1377959039,399.0
719,1377959044,406.0
719,1377959049,401.0
719,1377959054,401.0
719,1377959059,397.0
719,1377959064,396.0
719,1377959069,396.0
719,1377959074,393.0
719,1377959079,393.0
719,1377959084,396.0
719,1377959089,400.0
719,1377959094,401.0
719,1377959100,403.0
719,1377959104,406.0
719,1377959109,403.0
719,1377959114,403.0
719,1377959119,403.0
719,1377959124,395.0
719,1377959129,396.0
719,1377959134,398.0
719,1377959139,397.0
719,1377959144,395.0
719,1377959149,397.0
719,1377959154,395.0
719,1377959159,393.0
719,1377959164,390.0
719,1377959169,396.0
719,1377959174,398.0
719,1377959179,401.0
719,1377959184,404.0
719,1377959189,397.0
719,1377959194,393.0
719,1377959199,385.0
719,1377959204,388.0
719,1377959209,385.0
719,1377959214,392.0
719,1377959219,392.0
719,1377959224,395.0
719,1377959229,401.0
719,1377959234,406.0
719,1377959239,399.0
719,1377959244,409.0
719,1377959249,403.0
719,1377959254,404.0
719,1377959259,408.0
719,1377959264,408.0
719,1377959269,403.0
719,1377959274,401.0
719,1377959279,403.0
719,1377959284,403.0
719,1377959289,403.0
719,1377959294,412.0
719,1377959299,416.0
719,1377959304,412.0
719,1377959309,411.0
719,1377959314,407.0
719,1377959319,404.0
719,1377959324,403.0
719,1377959329,409.0
719,1377959334,407.0
719,1377959339,409.0
719,1377959344,399.0
719,1377959349,402.0
719,1377959354,399.0
719,1377959359,398.0
719,1377959364,404.0
719,1377959369,403.0
719,1377959374,404.0
719,1377959379,404.0
719,1377959384,401.0
719,1377959389,393.0
719,1377959394,393.0
719,1377959399,391.0
719,1377959404,395.0
719,1377959409,398.0
719,1377959414,403.0
719,1377959419,404.0
719,1377959424,404.0
719,1377959429,403.0
719,1377959434,412.0
719,1377959439,406.0
719,1377959444,403.0
719,1377959449,407.0
719,1377959454,409.0
719,1377959459,408.0
719,1377959464,406.0
719,1377959469,402.0
719,1377959474,401.0
719,1377959479,401.0
719,1377959484,399.0
719,1377959489,407.0
719,1377959494,411.0
719,1377959499,416.0
719,1377959504,411.0
719,1377959509,411.0
719,1377959518,411.0
719,1377959519,411.0
719,1377959524,412.0
719,1377959529,407.0
719,1377959534,409.0
719,1377959539,406.0
719,1377959544,401.0
719,1377959549,401.0
719,1377959554,397.0
719,1377959559,403.0
719,1377959564,408.0
719,1377959569,409.0
719,1377959574,403.0
719,1377959579,408.0
719,1377959584,412.0
719,1377959589,406.0
719,1377959594,416.0
719,1377959599,420.0
719,1377959604,416.0
719,1377959609,419.0
719,1377959614,406.0
719,1377959619,412.0
719,1377959624,403.0
719,1377959629,404.0
719,1377959634,402.0
719,1377959639,403.0
719,1377959644,412.0
719,1377959649,404.0
719,1377959654,408.0
719,1377959659,401.0
719,1377959664,397.0
719,1377959669,398.0
719,1377959674,402.0
719,1377959679,404.0
719,1377959684,401.0
719,1377959689,400.0
719,1377959694,401.0
719,1377959699,397.0
719,1377959704,403.0
719,1377959709,412.0
719,1377959714,406.0
719,1377959719,403.0
719,1377959724,406.0
719,1377959729,412.0
719,1377959734,413.0
719,1377959739,407.0
719,1377959744,412.0
719,1377959749,397.0
719,1377959754,398.0
719,1377959759,400.0
719,1377959764,401.0
719,1377959769,398.0
719,1377959774,404.0
719,1377959779,408.0
719,1377959784,408.0
719,1377959789,408.0
719,1377959794,409.0
719,1377959799,412.0
719,1377959804,406.0
719,1377959809,403.0
719,1377959814,401.0
719,1377959819,401.0
719,1377959824,397.0
719,1377959829,403.0
719,1377959834,403.0
719,1377959839,408.0
719,1377959844,401.0
719,1377959849,401.0
719,1377959854,395.0
719,1377959859,398.0
719,1377959864,398.0
719,1377959869,412.0
719,1377959874,404.0
719,1377959879,408.0
719,1377959884,403.0
719,1377959889,401.0
719,1377959894,406.0
719,1377959899,407.0
719,1377959904,409.0
719,1377959909,403.0
719,1377959914,404.0
719,1377959919,404.0
719,1377959924,403.0
719,1377959929,413.0
719,1377959934,413.0
719,1377959939,420.0
719,1377959944,418.0
719,1377959949,414.0
719,1377959954,407.0
719,1377959959,404.0
719,1377959964,406.0
719,1377959969,403.0
719,1377959974,403.0
719,1377959979,405.0
719,1377959984,408.0
719,1377959989,403.0
719,1377959994,401.0
719,1377959999,397.0
719,1377960004,398.0
719,1377960009,396.0
719,1377960014,401.0
719,1377960019,397.0
719,1377960024,395.0
719,1377960029,401.0
719,1377960034,401.0
719,1377960039,408.0
719,1377960044,408.0
719,1377960049,406.0
719,1377960054,408.0
719,1377960059,402.0
719,1377960064,409.0
719,1377960069,420.0
719,1377960074,407.0
719,1377960079,413.0
719,1377960084,409.0
719,1377960089,412.0
719,1377960094,401.0
719,1377960099,403.0
719,1377960104,408.0
719,1377960109,406.0
719,1377960114,398.0
719,1377960119,403.0
719,1377960124,400.0
719,1377960129,395.0
719,1377960134,400.0
719,1377960139,403.0
719,1377960144,402.0
719,1377960149,399.0
719,1377960154,403.0
719,1377960159,399.0
719,1377960164,398.0
719,1377960169,401.0
719,1377960174,401.0
719,1377960179,401.0
719,1377960184,403.0
719,1377960189,406.0
719,1377960194,406.0
719,1377960199,412.0
719,1377960204,408.0
719,1377960209,397.0
719,1377960214,398.0
719,1377960219,393.0
719,1377960224,396.0
719,1377960229,396.0
719,1377960234,396.0
719,1377960240,395.0
719,1377960244,404.0
719,1377960249,403.0
719,1377960254,406.0
719,1377960259,411.0
719,1377960264,406.0
719,1377960269,408.0
719,1377960274,406.0
719,1377960279,409.0
719,1377960284,411.0
719,1377960289,411.0
719,1377960294,409.0
719,1377960299,408.0
719,1377960304,397.0
719,1377960309,397.0
719,1377960314,398.0
719,1377960319,400.0
719,1377960324,402.0
719,1377960329,398.0
719,1377960334,403.0
719,1377960339,409.0
719,1377960344,406.0
719,1377960349,404.0
719,1377960354,409.0
719,1377960359,409.0
719,1377960364,399.0
719,1377960369,406.0
719,1377960374,408.0
719,1377960379,406.0
719,1377960384,406.0
719,1377960389,399.0
719,1377960394,412.0
719,1377960399,399.0
719,1377960404,406.0
719,1377960409,403.0
719,1377960414,406.0
719,1377960419,403.0
719,1377960424,397.0
719,1377960429,391.0
719,1377960434,393.0
719,1377960439,396.0
719,1377960444,397.0
719,1377960449,398.0
719,1377960454,403.0
719,1377960459,398.0
719,1377960464,398.0
719,1377960469,403.0
719,1377960474,398.0
719,1377960479,408.0
719,1377960484,403.0
719,1377960489,408.0
719,1377960494,408.0
719,1377960499,397.0
719,1377960504,393.0
719,1377960509,393.0
719,1377960514,396.0
719,1377960519,398.0
719,1377960524,406.0
719,1377960529,403.0
719,1377960534,408.0
719,1377960539,407.0
719,1377960544,416.0
719,1377960549,399.0
719,1377960554,408.0
719,1377960559,398.0
719,1377960564,396.0
719,1377960569,398.0
719,1377960574,396.0
719,1377960579,401.0
719,1377960584,403.0
719,1377960589,403.0
719,1377960594,403.0
719,1377960599,403.0
719,1377960604,407.0
719,1377960609,406.0
719,1377960614,411.0
719,1377960619,406.0
719,1377960624,416.0
719,1377960629,414.0
719,1377960634,412.0
719,1377960639,414.0
719,1377960644,411.0
719,1377960649,409.0
719,1377960654,406.0
719,1377960659,399.0
719,1377960664,401.0
719,1377960669,397.0
719,1377960674,402.0
719,1377960679,398.0
719,1377960684,404.0
719,1377960689,406.0
719,1377960694,412.0
719,1377960699,401.0
719,1377960704,408.0
719,1377960709,403.0
719,1377960714,412.0
719,1377960719,412.0
719,1377960724,412.0
719,1377960729,408.0
719,1377960734,401.0
719,1377960739,400.0
719,1377960744,402.0
719,1377960749,398.0
719,1377960754,399.0
719,1377960759,412.0
719,1377960764,411.0
719,1377960769,412.0
719,1377960774,407.0
719,1377960779,409.0
719,1377960784,408.0
719,1377960789,404.0
719,1377960794,407.0
719,1377960799,408.0
719,1377960804,406.0
719,1377960809,403.0
719,1377960814,404.0
719,1377960819,403.0
719,1377960824,401.0
719,1377960829,403.0
719,1377960834,408.0
719,1377960839,406.0
719,1377960844,407.0
719,1377960849,420.0
719,1377960854,407.0
719,1377960859,407.0
719,1377960864,401.0
719,1377960869,400.0
719,1377960874,391.0
719,1377960879,393.0
719,1377960884,397.0
719,1377960889,397.0
719,1377960894,412.0
719,1377960899,408.0
719,1377960904,412.0
719,1377960909,412.0
719,1377960914,416.0
719,1377960919,399.0
719,1377960924,402.0
719,1377960929,395.0
719,1377960934,398.0
719,1377960939,399.0
719,1377960944,406.0
719,1377960949,406.0
719,1377960954,407.0
719,1377960959,398.0
719,1377960968,406.0
719,1377960969,402.0
719,1377960974,402.0
719,1377960979,403.0
719,1377960984,412.0
719,1377960989,406.0
719,1377960994,406.0
719,1377960999,411.0
719,1377961004,407.0
719,1377961009,412.0
719,1377961014,409.0
719,1377961019,407.0
719,1377961024,414.0
719,1377961029,416.0
719,1377961034,416.0
719,1377961039,411.0
719,1377961044,407.0
719,1377961049,412.0
719,1377961054,398.0
719,1377961059,401.0
719,1377961064,401.0
719,1377961069,406.0
719,1377961074,408.0
719,1377961079,408.0
719,1377961084,398.0
719,1377961089,399.0
719,1377961094,401.0
719,1377961099,408.0
719,1377961104,409.0
719,1377961109,411.0
719,1377961114,411.0
719,1377961119,413.0
719,1377961124,406.0
719,1377961129,411.0
719,1377961134,406.0
719,1377961139,403.0
719,1377961144,397.0
719,1377961149,398.0
719,1377961154,398.0
719,1377961159,401.0
719,1377961164,401.0
719,1377961169,403.0
719,1377961174,398.0
719,1377961179,403.0
719,1377961184,408.0
719,1377961190,409.0
719,1377961194,409.0
719,1377961199,408.0
719,1377961204,398.0
719,1377961209,398.0
719,1377961214,398.0
719,1377961219,401.0
719,1377961224,406.0
719,1377961229,406.0
719,1377961234,411.0
719,1377961239,406.0
719,1377961244,406.0
719,1377961249,409.0
719,1377961254,420.0
719,1377961259,409.0
719,1377961264,403.0
719,1377961269,401.0
719,1377961274,391.0
719,1377961279,397.0
719,1377961284,397.0
719,1377961289,401.0
719,1377961294,409.0
719,1377961299,406.0
719,1377961304,408.0
719,1377961309,401.0
719,1377961314,402.0
719,1377961319,403.0
719,1377961324,416.0
719,1377961329,413.0
719,1377961334,419.0
719,1377961339,422.0
719,1377961344,407.0
719,1377961349,403.0
719,1377961354,402.0
719,1377961359,397.0
719,1377961364,390.0
719,1377961369,393.0
719,1377961374,396.0
719,1377961379,401.0
719,1377961384,403.0
719,1377961389,401.0
719,1377961394,406.0
719,1377961399,399.0
719,1377961404,408.0
719,1377961409,412.0
719,1377961414,403.0
719,1377961419,401.0
719,1377961424,396.0
719,1377961429,391.0
719,1377961434,393.0
719,1377961439,398.0
719,1377961444,405.0
719,1377961449,409.0
719,1377961454,406.0
719,1377961459,403.0
719,1377961464,403.0
719,1377961469,398.0
719,1377961474,409.0
719,1377961479,412.0
719,1377961484,408.0
719,1377961489,398.0
719,1377961494,403.0
719,1377961499,397.0
719,1377961504,403.0
719,1377961509,396.0
719,1377961514,397.0
719,1377961519,400.0
719,1377961524,397.0
719,1377961529,403.0
719,1377961534,409.0
719,1377961539,406.0
719,1377961544,403.0
719,1377961549,403.0
719,1377961554,402.0
719,1377961559,403.0
719,1377961564,402.0
719,1377961569,398.0
719,1377961574,397.0
719,1377961579,396.0
719,1377961584,396.0
719,1377961589,395.0
719,1377961594,402.0
719,1377961599,408.0
719,1377961604,404.0
719,1377961609,405.0
719,1377961614,399.0
719,1377961619,398.0
719,1377961624,391.0
719,1377961629,397.0
719,1377961634,396.0
719,1377961639,398.0
719,1377961644,396.0
719,1377961649,391.0
719,1377961654,397.0
719,1377961659,395.0
719,1377961664,401.0
719,1377961669,398.0
719,1377961674,404.0
719,1377961679,403.0
719,1377961684,404.0
719,1377961689,406.0
719,1377961694,403.0
719,1377961699,403.0
719,1377961704,406.0
719,1377961709,403.0
719,1377961714,403.0
719,1377961719,404.0
719,1377961724,406.0
719,1377961729,408.0
719,1377961734,408.0
719,1377961742,401.0
719,1377961744,403.0
719,1377961749,398.0
719,1377961754,409.0
719,1377961759,409.0
719,1377961764,412.0
719,1377961769,416.0
719,1377961774,409.0
719,1377961779,406.0
719,1377961784,403.0
719,1377961789,408.0
719,1377961794,406.0
719,1377961799,407.0
719,1377961804,409.0
719,1377961809,399.0
719,1377961814,404.0
719,1377961819,403.0
719,1377961824,412.0
719,1377961829,399.0
719,1377961834,407.0
719,1377961839,411.0
719,1377961844,406.0
719,1377961849,405.0
719,1377961854,401.0
719,1377961859,398.0
719,1377961864,395.0
719,1377961869,397.0
719,1377961874,404.0
719,1377961879,416.0
719,1377961884,414.0
719,1377961889,411.0
719,1377961894,407.0
719,1377961899,401.0
719,1377961904,396.0
719,1377961909,393.0
719,1377961914,391.0
719,1377961919,393.0
719,1377961924,396.0
719,1377961929,398.0
719,1377961934,401.0
719,1377961939,403.0
719,1377961944,401.0
719,1377961949,398.0
719,1377961954,401.0
719,1377961959,398.0
719,1377961964,408.0
719,1377961969,412.0
719,1377961974,408.0
719,1377961979,412.0
719,1377961984,406.0
719,1377961989,401.0
719,1377961994,395.0
719,1377961999,391.0
719,1377962004,396.0
719,1377962009,395.0
719,1377962014,401.0
719,1377962019,401.0
719,1377962024,398.0
719,1377962029,408.0
719,1377962034,403.0
719,1377962039,404.0
719,1377962044,401.0
719,1377962049,401.0
719,1377962054,404.0
719,1377962059,404.0
719,1377962064,408.0
719,1377962069,398.0
719,1377962074,401.0
719,1377962079,396.0
719,1377962084,395.0
719,1377962089,391.0
719,1377962094,397.0
719,1377962099,406.0
719,1377962104,406.0
719,1377962109,413.0
719,1377962114,411.0
719,1377962119,406.0
719,1377962124,402.0
719,1377962129,403.0
719,1377962134,403.0
719,1377962139,398.0
719,1377962144,408.0
719,1377962149,406.0
719,1377962154,412.0
719,1377962159,407.0
719,1377962164,405.0
719,1377962169,406.0
719,1377962174,406.0
719,1377962179,411.0
719,1377962184,409.0
719,1377962189,409.0
719,1377962194,403.0
719,1377962199,398.0
719,1377962204,396.0
719,1377962209,398.0
719,1377962214,403.0
719,1377962219,409.0
719,1377962224,416.0
719,1377962229,415.0
719,1377962234,420.0
719,1377962239,411.0
719,1377962244,413.0
719,1377962249,406.0
719,1377962254,409.0
719,1377962259,406.0
719,1377962264,399.0
719,1377962269,403.0
719,1377962274,403.0
719,1377962279,406.0
719,1377962284,398.0
719,1377962289,408.0
719,1377962294,398.0
719,1377962299,398.0
719,1377962304,390.0
719,1377962309,396.0
719,1377962314,390.0
719,1377962319,393.0
719,1377962324,397.0
719,1377962329,402.0
719,1377962334,406.0
719,1377962339,406.0
719,1377962344,404.0
719,1377962349,403.0
719,1377962354,409.0
719,1377962359,406.0
719,1377962364,412.0
719,1377962369,406.0
719,1377962374,406.0
719,1377962379,404.0
719,1377962384,402.0
719,1377962389,398.0
719,1377962394,399.0
719,1377962399,408.0
719,1377962404,403.0
719,1377962409,404.0
719,1377962414,401.0
719,1377962419,398.0
719,1377962424,395.0
719,1377962429,400.0
719,1377962434,401.0
719,1377962439,397.0
719,1377962444,403.0
719,1377962449,408.0
719,1377962454,407.0
719,1377962459,409.0
719,1377962464,406.0
719,1377962473,408.0
719,1377962474,407.0
719,1377962479,406.0
719,1377962484,412.0
719,1377962489,404.0
719,1377962494,409.0
719,1377962499,406.0
719,1377962504,406.0
719,1377962509,408.0
719,1377962514,407.0
719,1377962519,414.0
719,1377962524,411.0
719,1377962529,411.0
719,1377962534,411.0
719,1377962539,408.0
719,1377962544,403.0
719,1377962549,398.0
719,1377962554,398.0
719,1377962559,403.0
719,1377962564,401.0
719,1377962569,404.0
719,1377962574,412.0
719,1377962579,403.0
719,1377962584,403.0
719,1377962589,408.0
719,1377962594,397.0
719,1377962599,398.0
719,1377962604,401.0
719,1377962609,397.0
719,1377962614,396.0
719,1377962619,395.0
719,1377962624,401.0
719,1377962629,398.0
719,1377962634,412.0
719,1377962639,397.0
719,1377962644,391.0
719,1377962649,390.0
719,1377962654,391.0
719,1377962659,390.0
719,1377962664,390.0
719,1377962669,395.0
719,1377962674,391.0
719,1377962679,398.0
719,1377962684,401.0
719,1377962689,396.0
719,1377962694,395.0
719,1377962699,391.0
719,1377962704,383.0
719,1377962709,382.0
719,1377962714,382.0
719,1377962719,382.0
719,1377962724,390.0
719,1377962729,393.0
719,1377962734,390.0
719,1377962739,395.0
719,1377962744,402.0
719,1377962749,400.0
719,1377962754,400.0
719,1377962759,397.0
719,1377962764,396.0
719,1377962769,397.0
719,1377962774,401.0
719,1377962779,408.0
719,1377962784,403.0
719,1377962789,403.0
719,1377962794,402.0
719,1377962799,396.0
719,1377962804,396.0
719,1377962809,390.0
719,1377962814,387.0
719,1377962819,383.0
719,1377962824,391.0
719,1377962829,391.0
719,1377962834,401.0
719,1377962839,397.0
719,1377962844,397.0
719,1377962849,395.0
719,1377962854,391.0
719,1377962859,398.0
719,1377962865,398.0
719,1377962869,405.0
719,1377962874,408.0
719,1377962879,398.0
719,1377962884,400.0
719,1377962889,396.0
719,1377962894,395.0
719,1377962899,398.0
719,1377962904,397.0
719,1377962909,402.0
719,1377962914,403.0
719,1377962919,402.0
719,1377962924,398.0
719,1377962929,396.0
719,1377962934,396.0
719,1377962939,391.0
719,1377962944,396.0
719,1377962949,397.0
719,1377962954,401.0
719,1377962959,400.0
719,1377962964,397.0
719,1377962969,390.0
719,1377962974,397.0
719,1377962979,397.0
719,1377962984,391.0
719,1377962989,391.0
719,1377962994,390.0
719,1377962999,387.0
719,1377963004,393.0
719,1377963009,398.0
719,1377963014,403.0
719,1377963019,409.0
719,1377963024,406.0
719,1377963029,403.0
719,1377963034,398.0
719,1377963039,392.0
719,1377963044,396.0
719,1377963049,393.0
719,1377963054,396.0
719,1377963059,398.0
719,1377963064,391.0
719,1377963069,401.0
719,1377963074,403.0
719,1377963079,403.0
719,1377963084,401.0
719,1377963089,402.0
719,1377963094,396.0
719,1377963099,404.0
719,1377963104,395.0
719,1377963109,398.0
719,1377963114,401.0
719,1377963119,403.0
719,1377963124,398.0
719,1377963129,401.0
719,1377963134,395.0
719,1377963139,401.0
719,1377963144,399.0
719,1377963149,406.0
719,1377963154,407.0
719,1377963159,408.0
719,1377963164,406.0
719,1377963169,406.0
719,1377963174,407.0
719,1377963179,398.0
719,1377963184,397.0
719,1377963189,396.0
719,1377963195,396.0
719,1377963199,401.0
719,1377963204,406.0
719,1377963209,399.0
719,1377963214,408.0
719,1377963219,398.0
719,1377963224,397.0
719,1377963229,391.0
719,1377963234,390.0
719,1377963239,398.0
719,1377963244,400.0
719,1377963249,397.0
719,1377963254,401.0
719,1377963259,398.0
719,1377963264,390.0
719,1377963269,390.0
719,1377963274,395.0
719,1377963279,401.0
719,1377963284,408.0
719,1377963289,403.0
719,1377963294,398.0
719,1377963299,401.0
719,1377963304,395.0
719,1377963309,397.0
719,1377963314,397.0
719,1377963319,397.0
719,1377963324,391.0
719,1377963329,393.0
719,1377963334,392.0
719,1377963339,392.0
719,1377963344,390.0
719,1377963349,393.0
719,1377963354,390.0
719,1377963359,395.0
719,1377963364,396.0
719,1377963369,401.0
719,1377963374,397.0
719,1377963379,405.0
719,1377963384,398.0
719,1377963389,408.0
719,1377963394,396.0
719,1377963399,395.0
719,1377963404,398.0
719,1377963409,395.0
719,1377963414,391.0
719,1377963419,395.0
719,1377963424,401.0
719,1377963429,401.0
719,1377963434,401.0
719,1377963439,412.0
719,1377963444,412.0
719,1377963449,414.0
719,1377963454,411.0
719,1377963459,412.0
719,1377963464,408.0
719,1377963469,406.0
719,1377963474,406.0
719,1377963479,404.0
719,1377963484,398.0
719,1377963489,391.0
719,1377963494,390.0
719,1377963499,393.0
719,1377963504,396.0
719,1377963509,401.0
719,1377963514,403.0
719,1377963519,406.0
719,1377963524,408.0
719,1377963529,409.0
719,1377963534,408.0
719,1377963539,401.0
719,1377963544,401.0
719,1377963549,404.0
719,1377963554,401.0
719,1377963559,404.0
719,1377963564,408.0
719,1377963569,399.0
719,1377963574,399.0
719,1377963579,401.0
719,1377963584,408.0
719,1377963589,403.0
719,1377963594,412.0
719,1377963599,411.0
719,1377963604,415.0
719,1377963609,411.0
719,1377963614,409.0
719,1377963619,406.0
719,1377963624,408.0
719,1377963629,406.0
719,1377963634,406.0
719,1377963639,404.0
719,1377963644,393.0
719,1377963649,400.0
719,1377963654,400.0
719,1377963659,398.0
719,1377963664,395.0
719,1377963669,391.0
719,1377963674,383.0
719,1377963679,388.0
719,1377963684,388.0
719,1377963689,391.0
719,1377963694,398.0
719,1377963699,403.0
719,1377963704,407.0
719,1377963709,408.0
719,1377963714,398.0
719,1377963719,397.0
719,1377963724,401.0
719,1377963729,401.0
719,1377963734,402.0
719,1377963739,400.0
719,1377963744,402.0
719,1377963749,396.0
719,1377963754,391.0
719,1377963759,393.0
719,1377963764,390.0
719,1377963769,392.0
719,1377963774,390.0
719,1377963779,391.0
719,1377963784,391.0
719,1377963789,392.0
719,1377963794,398.0
719,1377963799,391.0
719,1377963804,400.0
719,1377963809,395.0
719,1377963814,393.0
719,1377963819,390.0
719,1377963824,392.0
719,1377963829,396.0
719,1377963834,397.0
719,1377963839,403.0
719,1377963844,408.0
719,1377963849,407.0
719,1377963854,406.0
719,1377963859,402.0
719,1377963864,400.0
719,1377963869,398.0
719,1377963874,398.0
719,1377963879,401.0
719,1377963884,401.0
719,1377963889,404.0
719,1377963894,403.0
719,1377963899,408.0
719,1377963905,409.0
719,1377963909,406.0
719,1377963914,409.0
719,1377963919,408.0
719,1377963924,405.0
719,1377963929,403.0
719,1377963934,398.0
719,1377963939,404.0
719,1377963944,398.0
719,1377963949,401.0
719,1377963954,401.0
719,1377963959,403.0
719,1377963964,403.0
719,1377963969,403.0
719,1377963974,398.0
719,1377963979,401.0
719,1377963984,408.0
719,1377963989,407.0
719,1377963994,412.0
719,1377963999,412.0
719,1377964004,413.0
719,1377964009,406.0
719,1377964014,409.0
719,1377964019,397.0
719,1377964024,395.0
719,1377964029,393.0
719,1377964034,390.0
719,1377964039,391.0
719,1377964044,393.0
719,1377964049,393.0
719,1377964054,390.0
719,1377964059,390.0
719,1377964064,396.0
719,1377964069,396.0
719,1377964074,393.0
719,1377964079,395.0
719,1377964084,391.0
719,1377964089,398.0
719,1377964094,397.0
719,1377964099,398.0
719,1377964104,398.0
719,1377964109,408.0
719,1377964114,397.0
719,1377964119,398.0
719,1377964124,396.0
719,1377964129,395.0
719,1377964134,395.0
719,1377964139,402.0
719,1377964144,406.0
719,1377964149,409.0
719,1377964154,404.0
719,1377964159,398.0
719,1377964164,396.0
719,1377964169,393.0
719,1377964174,400.0
719,1377964179,403.0
719,1377964184,406.0
719,1377964189,403.0
719,1377964194,399.0
719,1377964199,397.0
719,1377964204,396.0
719,1377964209,393.0
719,1377964214,390.0
719,1377964219,387.0
719,1377964224,391.0
719,1377964229,391.0
719,1377964234,402.0
719,1377964239,403.0
719,1377964244,411.0
719,1377964249,409.0
719,1377964254,409.0
719,1377964259,401.0
719,1377964264,403.0
719,1377964269,403.0
719,1377964274,401.0
719,1377964279,412.0
719,1377964284,408.0
719,1377964289,408.0
719,1377964294,403.0
719,1377964299,401.0
719,1377964304,401.0
719,1377964309,395.0
719,1377964314,397.0
719,1377964319,401.0
719,1377964324,397.0
719,1377964329,397.0
719,1377964334,398.0
719,1377964339,398.0
719,1377964344,395.0
719,1377964349,398.0
719,1377964354,403.0
719,1377964359,405.0
719,1377964364,408.0
719,1377964369,403.0
719,1377964374,396.0
719,1377964379,396.0
719,1377964384,387.0
719,1377964389,393.0
719,1377964394,390.0
719,1377964399,390.0
719,1377964404,397.0
719,1377964409,408.0
719,1377964414,411.0
719,1377964419,412.0
719,1377964424,406.0
719,1377964429,403.0
719,1377964434,408.0
719,1377964439,403.0
719,1377964444,403.0
719,1377964449,396.0
719,1377964454,391.0
719,1377964459,398.0
719,1377964464,396.0
719,1377964469,397.0
719,1377964474,403.0
719,1377964479,408.0
719,1377964484,407.0
719,1377964489,407.0
719,1377964494,416.0
719,1377964499,403.0
719,1377964504,404.0
719,1377964509,396.0
719,1377964514,396.0
719,1377964519,383.0
719,1377964524,392.0
719,1377964529,391.0
719,1377964534,391.0
719,1377964539,397.0
719,1377964544,398.0
719,1377964549,393.0
719,1377964554,391.0
719,1377964559,388.0
719,1377964564,387.0
719,1377964569,383.0
719,1377964574,392.0
719,1377964579,392.0
719,1377964586,390.0
719,1377964589,391.0
719,1377964594,395.0
719,1377964599,401.0
719,1377964604,395.0
719,1377964609,395.0
719,1377964614,391.0
719,1377964619,397.0
719,1377964624,400.0
719,1377964629,403.0
719,1377964634,408.0
719,1377964639,406.0
719,1377964644,403.0
719,1377964649,401.0
719,1377964654,396.0
719,1377964659,395.0
719,1377964664,383.0
719,1377964669,383.0
719,1377964674,388.0
719,1377964679,390.0
719,1377964684,387.0
719,1377964689,387.0
719,1377964694,392.0
719,1377964699,383.0
719,1377964704,392.0
719,1377964709,390.0
719,1377964714,400.0
719,1377964720,401.0
719,1377964724,398.0
719,1377964729,399.0
719,1377964734,408.0
719,1377964739,390.0
719,1377964744,395.0
719,1377964749,390.0
719,1377964754,398.0
719,1377964759,393.0
719,1377964764,401.0
719,1377964769,396.0
719,1377964774,391.0
719,1377964779,393.0
719,1377964784,396.0
719,1377964789,390.0
719,1377964794,396.0
719,1377964799,398.0
719,1377964804,398.0
719,1377964809,401.0
719,1377964814,401.0
719,1377964819,406.0
719,1377964824,403.0
719,1377964829,402.0
719,1377964834,398.0
719,1377964839,401.0
719,1377964844,397.0
719,1377964849,395.0
719,1377964854,396.0
719,1377964859,391.0
719,1377964864,390.0
719,1377964869,398.0
719,1377964874,395.0
719,1377964879,391.0
719,1377964884,390.0
719,1377964889,390.0
719,1377964894,387.0
719,1377964899,390.0
719,1377964904,389.0
719,1377964909,383.0
719,1377964914,392.0
719,1377964919,396.0
719,1377964924,396.0
719,1377964929,398.0
719,1377964934,401.0
719,1377964939,395.0
719,1377964944,391.0
719,1377964949,385.0
719,1377964954,388.0
719,1377964959,385.0
719,1377964964,385.0
719,1377964969,382.0
719,1377964974,396.0
719,1377964979,387.0
719,1377964984,390.0
719,1377964989,396.0
719,1377964994,397.0
719,1377964999,403.0
719,1377965004,409.0
719,1377965009,406.0
719,1377965014,403.0
719,1377965019,400.0
719,1377965024,391.0
719,1377965029,396.0
719,1377965034,395.0
719,1377965039,396.0
719,1377965044,395.0
719,1377965049,397.0
719,1377965054,400.0
719,1377965059,398.0
719,1377965064,396.0
719,1377965069,393.0
719,1377965074,395.0
719,1377965079,393.0
719,1377965084,391.0
719,1377965089,391.0
719,1377965094,391.0
719,1377965099,396.0
719,1377965104,390.0
719,1377965109,396.0
719,1377965114,401.0
719,1377965119,398.0
719,1377965124,398.0
719,1377965129,404.0
719,1377965134,398.0
719,1377965139,396.0
719,1377965144,391.0
719,1377965149,390.0
719,1377965154,393.0
719,1377965159,391.0
719,1377965164,393.0
719,1377965169,393.0
719,1377965174,390.0
719,1377965179,392.0
719,1377965184,391.0
719,1377965189,391.0
719,1377965194,395.0
719,1377965199,398.0
719,1377965204,397.0
719,1377965209,396.0
719,1377965214,390.0
719,1377965219,392.0
719,1377965224,392.0
719,1377965229,390.0
719,1377965234,387.0
719,1377965239,390.0
719,1377965244,390.0
719,1377965249,390.0
719,1377965254,398.0
719,1377965259,401.0
719,1377965264,408.0
719,1377965269,401.0
719,1377965274,404.0
719,1377965279,406.0
719,1377965288,403.0
719,1377965289,405.0
719,1377965294,404.0
719,1377965299,397.0
719,1377965304,401.0
719,1377965309,397.0
719,1377965314,400.0
719,1377965319,400.0
719,1377965324,396.0
719,1377965329,393.0
719,1377965334,390.0
719,1377965339,390.0
719,1377965344,396.0
719,1377965349,391.0
719,1377965354,392.0
719,1377965359,385.0
719,1377965364,385.0
719,1377965369,391.0
719,1377965374,390.0
719,1377965379,398.0
719,1377965384,396.0
719,1377965389,395.0
719,1377965394,396.0
719,1377965399,395.0
719,1377965404,395.0
719,1377965409,391.0
719,1377965414,382.0
719,1377965419,382.0
719,1377965424,382.0
719,1377965429,383.0
719,1377965434,388.0
719,1377965439,385.0
719,1377965444,387.0
719,1377965449,382.0
719,1377965454,382.0
719,1377965459,384.0
719,1377965464,385.0
719,1377965469,383.0
719,1377965474,393.0
719,1377965479,393.0
719,1377965484,390.0
719,1377965489,393.0
719,1377965494,393.0
719,1377965499,390.0
719,1377965504,395.0
719,1377965509,396.0
719,1377965514,397.0
719,1377965519,403.0
719,1377965524,404.0
719,1377965529,403.0
719,1377965534,397.0
719,1377965539,395.0
719,1377965544,391.0
719,1377965549,387.0
719,1377965554,387.0
719,1377965559,390.0
719,1377965564,390.0
719,1377965569,392.0
719,1377965574,391.0
719,1377965579,391.0
719,1377965584,390.0
719,1377965589,396.0
719,1377965594,398.0
719,1377965599,404.0
719,1377965604,408.0
719,1377965609,406.0
719,1377965614,403.0
719,1377965619,412.0
719,1377965624,408.0
719,1377965629,404.0
719,1377965634,398.0
719,1377965639,399.0
719,1377965644,406.0
719,1377965649,420.0
719,1377965654,404.0
719,1377965659,408.0
719,1377965664,403.0
719,1377965669,403.0
719,1377965674,395.0
719,1377965679,391.0
719,1377965684,390.0
719,1377965689,385.0
719,1377965694,385.0
719,1377965699,388.0
719,1377965704,391.0
719,1377965709,396.0
719,1377965714,393.0
719,1377965719,396.0
719,1377965724,398.0
719,1377965729,402.0
719,1377965734,401.0
719,1377965739,396.0
719,1377965744,397.0
719,1377965749,395.0
719,1377965754,397.0
719,1377965759,396.0
719,1377965764,395.0
719,1377965769,387.0
719,1377965774,393.0
719,1377965779,391.0
719,1377965784,390.0
719,1377965789,396.0
719,1377965794,396.0
719,1377965799,396.0
719,1377965804,397.0
719,1377965809,396.0
719,1377965814,396.0
719,1377965819,390.0
719,1377965824,395.0
719,1377965829,397.0
719,1377965834,404.0
719,1377965839,398.0
719,1377965844,390.0
719,1377965849,387.0
719,1377965854,382.0
719,1377965859,387.0
719,1377965864,392.0
719,1377965869,391.0
719,1377965874,401.0
719,1377965879,408.0
719,1377965884,404.0
719,1377965889,404.0
719,1377965894,397.0
719,1377965899,401.0
719,1377965904,396.0
719,1377965909,396.0
719,1377965914,395.0
719,1377965919,393.0
719,1377965924,397.0
719,1377965929,398.0
719,1377965934,391.0
719,1377965939,397.0
719,1377965944,396.0
719,1377965949,401.0
719,1377965954,401.0
719,1377965959,398.0
719,1377965964,390.0
719,1377965969,392.0
719,1377965974,387.0
719,1377965979,392.0
719,1377965984,393.0
719,1377965989,392.0
719,1377965997,396.0
719,1377965999,389.0
719,1377966004,396.0
719,1377966009,397.0
719,1377966014,401.0
719,1377966019,395.0
719,1377966024,395.0
719,1377966029,396.0
719,1377966034,395.0
719,1377966039,397.0
719,1377966044,402.0
719,1377966049,402.0
719,1377966054,391.0
719,1377966059,397.0
719,1377966064,396.0
719,1377966069,393.0
719,1377966074,398.0
719,1377966079,390.0
719,1377966084,393.0
719,1377966089,392.0
719,1377966094,390.0
719,1377966099,388.0
719,1377966104,392.0
719,1377966109,393.0
719,1377966114,398.0
719,1377966119,399.0
719,1377966125,390.0
719,1377966129,398.0
719,1377966134,391.0
719,1377966139,397.0
719,1377966144,403.0
719,1377966149,407.0
719,1377966154,416.0
719,1377966159,412.0
719,1377966164,406.0
719,1377966169,401.0
719,1377966174,398.0
719,1377966179,396.0
719,1377966184,398.0
719,1377966189,395.0
719,1377966194,401.0
719,1377966199,403.0
719,1377966204,403.0
719,1377966209,409.0
719,1377966214,409.0
719,1377966219,406.0
719,1377966224,408.0
719,1377966229,401.0
719,1377966234,403.0
719,1377966239,395.0
719,1377966244,401.0
719,1377966249,404.0
719,1377966254,408.0
719,1377966259,399.0
719,1377966264,401.0
719,1377966269,390.0
719,1377966274,396.0
719,1377966279,387.0
719,1377966284,388.0
719,1377966289,393.0
719,1377966294,396.0
719,1377966299,400.0
719,1377966304,396.0
719,1377966309,391.0
719,1377966314,390.0
719,1377966319,392.0
719,1377966324,390.0
719,1377966329,387.0
719,1377966334,393.0
719,1377966339,390.0
719,1377966344,390.0
719,1377966349,382.0
719,1377966354,387.0
719,1377966359,393.0
719,1377966364,392.0
719,1377966369,393.0
719,1377966374,390.0
719,1377966379,392.0
719,1377966384,393.0
719,1377966389,395.0
719,1377966394,401.0
719,1377966399,408.0
719,1377966404,401.0
719,1377966409,404.0
719,1377966414,401.0
719,1377966419,400.0
719,1377966424,396.0
719,1377966429,398.0
719,1377966434,398.0
719,1377966439,391.0
719,1377966444,393.0
719,1377966449,390.0
719,1377966454,392.0
719,1377966459,390.0
719,1377966464,395.0
719,1377966469,396.0
719,1377966474,391.0
719,1377966479,387.0
719,1377966484,393.0
719,1377966489,393.0
719,1377966494,398.0
719,1377966499,408.0
719,1377966504,406.0
719,1377966509,409.0
719,1377966514,411.0
719,1377966519,401.0
719,1377966524,402.0
719,1377966529,391.0
719,1377966534,397.0
719,1377966539,392.0
719,1377966544,390.0
719,1377966549,383.0
719,1377966554,387.0
719,1377966559,387.0
719,1377966564,395.0
719,1377966569,391.0
719,1377966574,390.0
719,1377966579,390.0
719,1377966584,392.0
719,1377966589,392.0
719,1377966594,396.0
719,1377966599,398.0
719,1377966604,398.0
719,1377966609,401.0
719,1377966614,397.0
719,1377966619,400.0
719,1377966624,393.0
719,1377966629,396.0
719,1377966634,388.0
719,1377966639,392.0
719,1377966644,392.0
719,1377966649,391.0
719,1377966654,392.0
719,1377966659,390.0
719,1377966664,393.0
719,1377966669,393.0
719,1377966674,397.0
719,1377966679,398.0
719,1377966684,401.0
719,1377966689,398.0
719,1377966694,395.0
719,1377966699,396.0
719,1377966704,393.0
719,1377966709,387.0
719,1377966714,392.0
719,1377966723,390.0
719,1377966724,383.0
719,1377966730,387.0
719,1377966734,387.0
719,1377966739,390.0
719,1377966744,391.0
719,1377966749,397.0
719,1377966754,408.0
719,1377966759,403.0
719,1377966764,402.0
719,1377966769,398.0
719,1377966774,395.0
719,1377966779,394.0
719,1377966784,396.0
719,1377966789,392.0
719,1377966794,390.0
719,1377966799,391.0
719,1377966804,396.0
719,1377966809,401.0
719,1377966814,403.0
719,1377966819,408.0
719,1377966824,406.0
719,1377966829,409.0
719,1377966834,412.0
719,1377966839,409.0
719,1377966844,409.0
719,1377966849,401.0
719,1377966854,401.0
719,1377966859,401.0
719,1377966864,401.0
719,1377966869,403.0
719,1377966874,401.0
719,1377966879,398.0
719,1377966884,401.0
719,1377966889,398.0
719,1377966894,397.0
719,1377966899,403.0
719,1377966904,401.0
719,1377966909,401.0
719,1377966914,403.0
719,1377966919,403.0
719,1377966924,403.0
719,1377966929,403.0
719,1377966934,406.0
719,1377966939,402.0
719,1377966944,397.0
719,1377966949,401.0
719,1377966954,398.0
719,1377966959,398.0
719,1377966964,401.0
719,1377966969,398.0
719,1377966974,391.0
719,1377966979,393.0
719,1377966984,396.0
719,1377966989,392.0
719,1377966994,390.0
719,1377966999,391.0
719,1377967004,396.0
719,1377967009,391.0
719,1377967014,388.0
719,1377967019,391.0
719,1377967024,393.0
719,1377967029,396.0
719,1377967034,391.0
719,1377967039,391.0
719,1377967044,392.0
719,1377967049,396.0
719,1377967054,396.0
719,1377967059,390.0
719,1377967064,390.0
719,1377967069,393.0
719,1377967074,398.0
719,1377967079,400.0
719,1377967084,397.0
719,1377967089,396.0
719,1377967094,402.0
719,1377967099,403.0
719,1377967104,401.0
719,1377967109,409.0
719,1377967114,406.0
719,1377967119,406.0
719,1377967124,399.0
719,1377967129,401.0
719,1377967134,392.0
719,1377967139,392.0
719,1377967144,387.0
719,1377967149,392.0
719,1377967154,390.0
719,1377967159,390.0
719,1377967164,387.0
719,1377967169,383.0
719,1377967174,384.0
719,1377967179,383.0
719,1377967184,384.0
719,1377967189,387.0
719,1377967194,392.0
719,1377967199,395.0
719,1377967204,398.0
719,1377967209,398.0
719,1377967214,391.0
719,1377967219,393.0
719,1377967224,387.0
719,1377967229,383.0
719,1377967234,385.0
719,1377967239,383.0
719,1377967244,384.0
719,1377967249,382.0
719,1377967254,387.0
719,1377967259,396.0
719,1377967264,395.0
719,1377967269,391.0
719,1377967274,391.0
719,1377967279,392.0
719,1377967284,387.0
719,1377967289,393.0
719,1377967294,395.0
719,1377967299,400.0
719,1377967304,402.0
719,1377967309,395.0
719,1377967314,391.0
719,1377967319,396.0
719,1377967324,391.0
719,1377967329,390.0
719,1377967334,391.0
719,1377967339,392.0
719,1377967344,391.0
719,1377967349,398.0
719,1377967354,393.0
719,1377967359,398.0
719,1377967364,393.0
719,1377967369,393.0
719,1377967374,383.0
719,1377967379,392.0
719,1377967384,388.0
719,1377967389,393.0
719,1377967394,393.0
719,1377967399,390.0
719,1377967404,387.0
719,1377967409,392.0
719,1377967414,390.0
719,1377967419,393.0
719,1377967424,397.0
719,1377967429,401.0
719,1377967434,403.0
719,1377967439,401.0
719,1377967444,397.0
719,1377967449,397.0
719,1377967454,393.0
719,1377967463,393.0
719,1377967464,392.0
719,1377967469,382.0
719,1377967474,382.0
719,1377967479,382.0
719,1377967484,393.0
719,1377967489,390.0
719,1377967494,391.0
719,1377967499,398.0
719,1377967504,403.0
719,1377967509,404.0
719,1377967514,408.0
719,1377967519,401.0
719,1377967524,398.0
719,1377967529,396.0
719,1377967534,390.0
719,1377967539,390.0
719,1377967544,395.0
719,1377967549,396.0
719,1377967554,395.0
719,1377967559,396.0
719,1377967564,391.0
719,1377967569,393.0
719,1377967574,393.0
719,1377967579,391.0
719,1377967584,390.0
719,1377967589,391.0
719,1377967594,400.0
719,1377967599,398.0
719,1377967604,407.0
719,1377967609,406.0
719,1377967614,403.0
719,1377967619,401.0
719,1377967624,390.0
719,1377967629,397.0
719,1377967634,393.0
719,1377967639,390.0
719,1377967644,398.0
719,1377967649,395.0
719,1377967654,390.0
719,1377967659,403.0
719,1377967664,395.0
719,1377967669,395.0
719,1377967674,390.0
719,1377967679,396.0
719,1377967684,393.0
719,1377967689,397.0
719,1377967694,398.0
719,1377967699,402.0
719,1377967704,404.0
719,1377967709,402.0
719,1377967714,398.0
719,1377967719,390.0
719,1377967724,387.0
719,1377967729,385.0
719,1377967734,388.0
719,1377967739,388.0
719,1377967744,392.0
719,1377967749,392.0
719,1377967754,395.0
719,1377967759,390.0
719,1377967764,396.0
719,1377967769,393.0
719,1377967774,390.0
719,1377967779,392.0
719,1377967784,390.0
719,1377967789,395.0
719,1377967794,390.0
719,1377967799,400.0
719,1377967804,399.0
719,1377967809,401.0
719,1377967814,391.0
719,1377967819,393.0
719,1377967824,383.0
719,1377967829,388.0
719,1377967834,385.0
719,1377967839,383.0
719,1377967844,390.0
719,1377967849,387.0
719,1377967854,388.0
719,1377967859,392.0
719,1377967864,396.0
719,1377967869,391.0
719,1377967874,390.0
719,1377967879,392.0
719,1377967884,387.0
719,1377967889,385.0
719,1377967894,388.0
719,1377967899,390.0
719,1377967904,395.0
719,1377967909,399.0
719,1377967914,403.0
719,1377967919,402.0
719,1377967924,398.0
719,1377967929,397.0
719,1377967934,391.0
719,1377967939,395.0
719,1377967944,395.0
719,1377967949,401.0
719,1377967954,401.0
719,1377967959,401.0
719,1377967964,403.0
719,1377967969,405.0
719,1377967974,406.0
719,1377967979,408.0
719,1377967984,403.0
719,1377967989,397.0
719,1377967994,398.0
719,1377967999,393.0
719,1377968004,392.0
719,1377968009,388.0
719,1377968014,387.0
719,1377968019,387.0
719,1377968024,393.0
719,1377968029,398.0
719,1377968034,402.0
719,1377968039,398.0
719,1377968044,390.0
719,1377968049,396.0
719,1377968054,393.0
719,1377968059,392.0
719,1377968064,382.0
719,1377968069,388.0
719,1377968074,382.0
719,1377968079,380.0
719,1377968084,380.0
719,1377968089,379.0
719,1377968094,382.0
719,1377968099,385.0
719,1377968104,392.0
719,1377968109,393.0
719,1377968114,397.0
719,1377968119,405.0
719,1377968124,403.0
719,1377968129,398.0
719,1377968134,396.0
719,1377968139,392.0
719,1377968144,390.0
719,1377968149,395.0
719,1377968154,395.0
719,1377968159,398.0
719,1377968164,396.0
719,1377968169,395.0
719,1377968174,398.0
719,1377968179,391.0
719,1377968184,390.0
719,1377968189,392.0
719,1377968194,392.0
719,1377968199,387.0
719,1377968205,391.0
719,1377968209,390.0
719,1377968214,390.0
719,1377968219,392.0
719,1377968224,393.0
719,1377968229,391.0
719,1377968234,396.0
719,1377968239,396.0
719,1377968244,397.0
719,1377968249,396.0
719,1377968254,402.0
719,1377968259,401.0
719,1377968264,412.0
719,1377968269,403.0
719,1377968274,409.0
719,1377968279,402.0
719,1377968284,404.0
719,1377968289,395.0
719,1377968294,398.0
719,1377968299,391.0
719,1377968304,396.0
719,1377968309,390.0
719,1377968314,393.0
719,1377968319,396.0
719,1377968324,396.0
719,1377968329,391.0
719,1377968334,393.0
719,1377968339,391.0
719,1377968344,396.0
719,1377968349,395.0
719,1377968354,390.0
719,1377968359,391.0
719,1377968364,396.0
719,1377968369,390.0
719,1377968374,396.0
719,1377968379,390.0
719,1377968385,390.0
719,1377968389,396.0
719,1377968394,392.0
719,1377968399,391.0
719,1377968404,391.0
719,1377968409,391.0
719,1377968414,395.0
719,1377968419,393.0
719,1377968424,393.0
719,1377968429,404.0
719,1377968434,404.0
719,1377968439,403.0
719,1377968444,397.0
719,1377968449,392.0
719,1377968454,387.0
719,1377968459,385.0
719,1377968464,382.0
719,1377968469,390.0
719,1377968474,396.0
719,1377968479,387.0
719,1377968484,390.0
719,1377968489,392.0
719,1377968494,390.0
719,1377968499,393.0
719,1377968504,391.0
719,1377968509,395.0
719,1377968514,390.0
719,1377968519,383.0
719,1377968524,387.0
719,1377968529,388.0
719,1377968534,387.0
719,1377968539,396.0
719,1377968544,393.0
719,1377968549,396.0
719,1377968554,396.0
719,1377968559,391.0
719,1377968564,390.0
719,1377968569,385.0
719,1377968574,382.0
719,1377968579,388.0
719,1377968584,390.0
719,1377968589,393.0
719,1377968594,393.0
719,1377968599,390.0
719,1377968604,392.0
719,1377968609,390.0
719,1377968614,395.0
719,1377968619,398.0
719,1377968624,401.0
719,1377968629,398.0
719,1377968634,396.0
719,1377968639,391.0
719,1377968644,391.0
719,1377968649,391.0
719,1377968654,391.0
719,1377968659,397.0
719,1377968664,398.0
719,1377968669,390.0
719,1377968674,391.0
719,1377968679,387.0
719,1377968684,392.0
719,1377968689,382.0
719,1377968694,388.0
719,1377968699,391.0
719,1377968704,387.0
719,1377968709,393.0
719,1377968714,397.0
719,1377968719,397.0
719,1377968724,401.0
719,1377968729,399.0
719,1377968734,391.0
719,1377968739,393.0
719,1377968744,393.0
719,1377968749,393.0
719,1377968754,390.0
719,1377968759,396.0
719,1377968764,398.0
719,1377968769,402.0
719,1377968774,408.0
719,1377968779,402.0
719,1377968784,403.0
719,1377968789,397.0
719,1377968794,400.0
719,1377968799,395.0
719,1377968804,396.0
719,1377968809,396.0
719,1377968814,398.0
719,1377968819,398.0
719,1377968824,401.0
719,1377968829,401.0
719,1377968834,402.0
719,1377968839,408.0
719,1377968844,396.0
719,1377968849,393.0
719,1377968854,392.0
719,1377968859,390.0
719,1377968864,396.0
719,1377968869,393.0
719,1377968874,390.0
719,1377968879,396.0
719,1377968884,398.0
719,1377968889,402.0
719,1377968894,398.0
719,1377968899,398.0
719,1377968904,391.0
719,1377968909,397.0
719,1377968914,388.0
719,1377968923,382.0
719,1377968924,382.0
719,1377968929,385.0
719,1377968934,382.0
719,1377968939,385.0
719,1377968944,387.0
719,1377968949,387.0
719,1377968954,393.0
719,1377968959,400.0
719,1377968964,398.0
719,1377968969,401.0
719,1377968974,396.0
719,1377968979,396.0
719,1377968984,393.0
719,1377968989,392.0
719,1377968994,396.0
719,1377968999,402.0
719,1377969004,408.0
719,1377969009,403.0
719,1377969014,412.0
719,1377969019,391.0
719,1377969024,388.0
719,1377969029,383.0
719,1377969034,387.0
719,1377969039,385.0
719,1377969044,387.0
719,1377969049,382.0
719,1377969054,383.0
719,1377969059,385.0
719,1377969064,390.0
719,1377969069,390.0
719,1377969074,391.0
719,1377969079,390.0
719,1377969084,392.0
719,1377969089,387.0
719,1377969094,392.0
719,1377969099,396.0
719,1377969104,398.0
719,1377969109,397.0
719,1377969114,396.0
719,1377969119,395.0
719,1377969124,388.0
719,1377969129,387.0
719,1377969134,388.0
719,1377969139,383.0
719,1377969144,388.0
719,1377969149,382.0
719,1377969154,383.0
719,1377969159,382.0
719,1377969164,396.0
719,1377969169,390.0
719,1377969174,393.0
719,1377969179,392.0
719,1377969184,390.0
719,1377969189,390.0
719,1377969194,390.0
719,1377969199,387.0
719,1377969204,388.0
719,1377969209,387.0
719,1377969214,390.0
719,1377969219,388.0
719,1377969224,390.0
719,1377969229,393.0
719,1377969234,393.0
719,1377969239,391.0
719,1377969244,390.0
719,1377969249,396.0
719,1377969254,391.0
719,1377969259,390.0
719,1377969264,385.0
719,1377969269,387.0
719,1377969274,387.0
719,1377969279,391.0
719,1377969284,396.0
719,1377969289,392.0
719,1377969294,392.0
719,1377969299,392.0
719,1377969304,393.0
719,1377969309,398.0
719,1377969314,398.0
719,1377969319,397.0
719,1377969324,398.0
719,1377969329,395.0
719,1377969334,392.0
719,1377969339,382.0
719,1377969344,387.0
719,1377969349,388.0
719,1377969354,393.0
719,1377969359,391.0
719,1377969364,395.0
719,1377969369,395.0
719,1377969374,393.0
719,1377969379,393.0
719,1377969384,387.0
719,1377969389,393.0
719,1377969394,393.0
719,1377969399,391.0
719,1377969404,391.0
719,1377969409,396.0
719,1377969414,390.0
719,1377969419,395.0
719,1377969424,395.0
719,1377969429,396.0
719,1377969434,390.0
719,1377969439,400.0
719,1377969444,397.0
719,1377969449,402.0
719,1377969454,397.0
719,1377969459,403.0
719,1377969464,399.0
719,1377969469,397.0
719,1377969474,400.0
719,1377969479,391.0
719,1377969484,383.0
719,1377969489,383.0
719,1377969494,388.0
719,1377969499,392.0
719,1377969504,393.0
719,1377969509,390.0
719,1377969514,397.0
719,1377969519,396.0
719,1377969524,400.0
719,1377969529,391.0
719,1377969534,396.0
719,1377969539,391.0
719,1377969544,390.0
719,1377969549,395.0
719,1377969554,393.0
719,1377969559,388.0
719,1377969564,384.0
719,1377969569,379.0
719,1377969574,379.0
719,1377969579,381.0
719,1377969584,385.0
719,1377969589,385.0
719,1377969594,388.0
719,1377969599,396.0
719,1377969604,395.0
719,1377969609,395.0
719,1377969614,391.0
719,1377969619,397.0
719,1377969624,396.0
719,1377969629,397.0
719,1377969634,402.0
719,1377969639,408.0
719,1377969644,404.0
719,1377969649,399.0
719,1377969654,402.0
719,1377969659,402.0
719,1377969664,401.0
719,1377969669,403.0
719,1377969674,403.0
719,1377969679,399.0
719,1377969688,395.0
719,1377969689,390.0
719,1377969694,392.0
719,1377969699,391.0
719,1377969704,395.0
719,1377969709,398.0
719,1377969714,397.0
719,1377969719,391.0
719,1377969724,390.0
719,1377969729,396.0
719,1377969734,391.0
719,1377969739,391.0
719,1377969744,392.0
719,1377969749,390.0
719,1377969754,392.0
719,1377969759,391.0
719,1377969764,398.0
719,1377969769,391.0
719,1377969774,395.0
719,1377969779,396.0
719,1377969784,398.0
719,1377969789,390.0
719,1377969794,390.0
719,1377969799,390.0
719,1377969804,390.0
719,1377969809,390.0
719,1377969814,392.0
719,1377969819,396.0
719,1377969824,397.0
719,1377969829,401.0
719,1377969834,408.0
719,1377969839,406.0
719,1377969844,398.0
719,1377969849,395.0
719,1377969854,392.0
719,1377969859,383.0
719,1377969864,383.0
719,1377969869,388.0
719,1377969874,393.0
719,1377969879,393.0
719,1377969884,404.0
719,1377969889,399.0
719,1377969894,404.0
719,1377969899,397.0
719,1377969904,393.0
719,1377969909,398.0
719,1377969914,390.0
719,1377969919,393.0
719,1377969924,385.0
719,1377969929,385.0
719,1377969934,387.0
719,1377969939,390.0
719,1377969944,404.0
719,1377969949,403.0
719,1377969954,404.0
719,1377969959,401.0
719,1377969964,395.0
719,1377969969,390.0
719,1377969974,396.0
719,1377969979,396.0
719,1377969984,395.0
719,1377969989,400.0
719,1377969994,397.0
719,1377969999,391.0
719,1377970004,393.0
719,1377970009,390.0
719,1377970014,395.0
719,1377970019,397.0
719,1377970024,401.0
719,1377970029,398.0
719,1377970034,397.0
719,1377970039,393.0
719,1377970044,401.0
719,1377970049,392.0
719,1377970054,392.0
719,1377970059,387.0
719,1377970064,387.0
719,1377970069,390.0
719,1377970074,393.0
719,1377970079,390.0
719,1377970084,391.0
719,1377970089,396.0
719,1377970094,383.0
719,1377970099,384.0
719,1377970104,381.0
719,1377970109,382.0
719,1377970114,391.0
719,1377970119,391.0
719,1377970124,397.0
719,1377970129,400.0
719,1377970134,393.0
719,1377970139,387.0
719,1377970144,384.0
719,1377970149,382.0
719,1377970154,385.0
719,1377970159,387.0
719,1377970164,387.0
719,1377970169,401.0
719,1377970174,398.0
719,1377970179,400.0
719,1377970184,396.0
719,1377970189,390.0
719,1377970194,396.0
719,1377970199,383.0
719,1377970204,388.0
719,1377970209,383.0
719,1377970214,388.0
719,1377970219,387.0
719,1377970224,385.0
719,1377970229,382.0
719,1377970234,388.0
719,1377970239,382.0
719,1377970244,390.0
719,1377970249,395.0
719,1377970254,398.0
719,1377970259,397.0
719,1377970264,398.0
719,1377970269,397.0
719,1377970274,398.0
719,1377970279,393.0
719,1377970284,398.0
719,1377970289,396.0
719,1377970294,395.0
719,1377970299,393.0
719,1377970304,395.0
719,1377970309,396.0
719,1377970314,397.0
719,1377970319,398.0
719,1377970324,403.0
719,1377970329,412.0
719,1377970334,409.0
719,1377970339,403.0
719,1377970344,400.0
719,1377970349,395.0
719,1377970354,388.0
719,1377970359,388.0
719,1377970364,382.0
719,1377970369,382.0
719,1377970374,392.0
719,1377970379,393.0
719,1377970384,396.0
719,1377970389,397.0
719,1377970394,398.0
719,1377970399,391.0
719,1377970404,395.0
719,1377970409,396.0
719,1377970414,393.0
719,1377970419,398.0
719,1377970424,398.0
719,1377970429,398.0
719,1377970434,401.0
719,1377970439,395.0
719,1377970444,395.0
719,1377970450,395.0
719,1377970454,399.0
719,1377970459,401.0
719,1377970464,401.0
719,1377970469,393.0
719,1377970474,393.0
719,1377970479,390.0
719,1377970484,393.0
719,1377970489,393.0
719,1377970494,395.0
719,1377970499,393.0
719,1377970504,393.0
719,1377970509,390.0
719,1377970514,387.0
719,1377970519,380.0
719,1377970524,385.0
719,1377970529,382.0
719,1377970534,396.0
719,1377970539,390.0
719,1377970544,398.0
719,1377970549,401.0
719,1377970554,407.0
719,1377970559,406.0
719,1377970564,401.0
719,1377970569,395.0
719,1377970574,393.0
719,1377970579,393.0
719,1377970584,388.0
719,1377970589,390.0
719,1377970594,392.0
719,1377970599,396.0
719,1377970604,398.0
719,1377970609,398.0
719,1377970614,402.0
719,1377970619,395.0
719,1377970624,390.0
719,1377970629,395.0
719,1377970634,391.0
719,1377970639,400.0
719,1377970644,398.0
719,1377970649,402.0
719,1377970654,398.0
719,1377970659,403.0
719,1377970664,403.0
719,1377970669,401.0
719,1377970674,397.0
719,1377970679,395.0
719,1377970684,398.0
719,1377970689,391.0
719,1377970694,393.0
719,1377970699,391.0
719,1377970704,392.0
719,1377970709,392.0
719,1377970714,396.0
719,1377970719,393.0
719,1377970724,400.0
719,1377970729,397.0
719,1377970734,395.0
719,1377970739,393.0
719,1377970744,387.0
719,1377970749,388.0
719,1377970754,390.0
719,1377970759,393.0
719,1377970764,398.0
719,1377970769,390.0
719,1377970774,390.0
719,1377970779,390.0
719,1377970784,396.0
719,1377970789,398.0
719,1377970794,400.0
719,1377970799,396.0
719,1377970804,396.0
719,1377970809,393.0
719,1377970814,392.0
719,1377970819,392.0
719,1377970824,390.0
719,1377970829,390.0
719,1377970834,393.0
719,1377970839,393.0
719,1377970844,387.0
719,1377970849,390.0
719,1377970854,392.0
719,1377970859,390.0
719,1377970864,396.0
719,1377970869,392.0
719,1377970874,390.0
719,1377970879,395.0
719,1377970884,398.0
719,1377970889,404.0
719,1377970894,393.0
719,1377970899,391.0
719,1377970904,391.0
719,1377970909,390.0
719,1377970914,395.0
719,1377970919,390.0
719,1377970924,396.0
719,1377970929,395.0
719,1377970934,396.0
719,1377970939,395.0
719,1377970944,398.0
719,1377970949,401.0
719,1377970954,398.0
719,1377970959,396.0
719,1377970964,398.0
719,1377970969,392.0
719,1377970974,387.0
719,1377970979,392.0
719,1377970984,387.0
719,1377970989,391.0
719,1377970994,396.0
719,1377970999,393.0
719,1377971004,393.0
719,1377971009,393.0
719,1377971014,399.0
719,1377971019,398.0
719,1377971024,398.0
719,1377971029,396.0
719,1377971034,393.0
719,1377971039,392.0
719,1377971044,392.0
719,1377971049,396.0
719,1377971054,395.0
719,1377971059,396.0
719,1377971064,397.0
719,1377971069,401.0
719,1377971074,402.0
719,1377971079,401.0
719,1377971084,391.0
719,1377971089,390.0
719,1377971094,391.0
719,1377971099,396.0
719,1377971104,395.0
719,1377971109,393.0
719,1377971114,393.0
719,1377971119,391.0
719,1377971124,400.0
719,1377971129,398.0
719,1377971134,390.0
719,1377971139,396.0
719,1377971144,395.0
719,1377971149,391.0
719,1377971154,396.0
719,1377971159,400.0
719,1377971164,391.0
719,1377971169,398.0
719,1377971180,395.0
719,1377971184,403.0
719,1377971189,403.0
719,1377971194,406.0
719,1377971199,404.0
719,1377971204,406.0
719,1377971209,399.0
719,1377971214,401.0
719,1377971219,395.0
719,1377971224,390.0
719,1377971229,395.0
719,1377971234,395.0
719,1377971239,401.0
719,1377971244,397.0
719,1377971249,403.0
719,1377971254,402.0
719,1377971259,398.0
719,1377971264,398.0
719,1377971269,401.0
719,1377971274,399.0
719,1377971279,393.0
719,1377971284,398.0
719,1377971289,391.0
719,1377971294,390.0
719,1377971299,388.0
719,1377971304,382.0
719,1377971309,380.0
719,1377971314,382.0
719,1377971319,387.0
719,1377971324,390.0
719,1377971329,396.0
719,1377971334,392.0
719,1377971339,392.0
719,1377971344,387.0
719,1377971349,393.0
719,1377971354,390.0
719,1377971359,393.0
719,1377971364,383.0
719,1377971369,388.0
719,1377971374,384.0
719,1377971379,383.0
719,1377971384,382.0
719,1377971389,388.0
719,1377971394,383.0
719,1377971399,393.0
719,1377971404,391.0
719,1377971409,408.0
719,1377971414,404.0
719,1377971419,399.0
719,1377971424,395.0
719,1377971429,393.0
719,1377971434,396.0
719,1377971439,396.0
719,1377971444,390.0
719,1377971449,393.0
719,1377971454,392.0
719,1377971459,391.0
719,1377971464,392.0
719,1377971469,391.0
719,1377971474,392.0
719,1377971479,396.0
719,1377971484,390.0
719,1377971489,392.0
719,1377971494,387.0
719,1377971499,396.0
719,1377971504,399.0
719,1377971509,397.0
719,1377971514,398.0
719,1377971519,396.0
719,1377971524,396.0
719,1377971529,398.0
719,1377971534,398.0
719,1377971539,401.0
719,1377971544,402.0
719,1377971549,396.0
719,1377971554,398.0
719,1377971559,396.0
719,1377971564,393.0
719,1377971569,393.0
719,1377971574,396.0
719,1377971579,396.0
719,1377971584,393.0
719,1377971589,391.0
719,1377971594,396.0
719,1377971599,401.0
719,1377971604,412.0
719,1377971609,404.0
719,1377971614,398.0
719,1377971619,396.0
719,1377971624,396.0
719,1377971629,393.0
719,1377971634,391.0
719,1377971639,395.0
719,1377971644,396.0
719,1377971649,391.0
719,1377971654,392.0
719,1377971659,393.0
719,1377971664,390.0
719,1377971669,392.0
719,1377971674,392.0
719,1377971679,393.0
719,1377971684,393.0
719,1377971689,393.0
719,1377971694,396.0
719,1377971699,398.0
719,1377971704,403.0
719,1377971709,401.0
719,1377971714,404.0
719,1377971719,403.0
719,1377971724,404.0
719,1377971729,403.0
719,1377971734,398.0
719,1377971739,395.0
719,1377971744,393.0
719,1377971749,391.0
719,1377971754,398.0
719,1377971759,393.0
719,1377971764,401.0
719,1377971769,398.0
719,1377971774,408.0
719,1377971779,403.0
719,1377971784,409.0
719,1377971789,404.0
719,1377971794,403.0
719,1377971799,404.0
719,1377971804,401.0
719,1377971809,401.0
719,1377971814,397.0
719,1377971819,398.0
719,1377971824,401.0
719,1377971829,398.0
719,1377971834,397.0
719,1377971839,402.0
719,1377971844,396.0
719,1377971849,398.0
719,1377971854,396.0
719,1377971859,390.0
719,1377971864,383.0
719,1377971869,383.0
719,1377971874,388.0
719,1377971879,388.0
719,1377971884,384.0
719,1377971889,385.0
719,1377971894,382.0
719,1377971899,385.0
719,1377971904,387.0
719,1377971911,391.0
719,1377971914,395.0
719,1377971919,402.0
719,1377971924,404.0
719,1377971929,409.0
719,1377971934,407.0
719,1377971939,409.0
719,1377971944,409.0
719,1377971949,403.0
719,1377971954,403.0
719,1377971959,399.0
719,1377971964,401.0
719,1377971969,398.0
719,1377971974,398.0
719,1377971979,398.0
719,1377971984,393.0
719,1377971989,393.0
719,1377971994,391.0
719,1377971999,395.0
719,1377972004,395.0
719,1377972009,400.0
719,1377972014,402.0
719,1377972020,401.0
719,1377972024,398.0
719,1377972029,401.0
719,1377972034,406.0
719,1377972039,401.0
719,1377972044,407.0
719,1377972049,397.0
719,1377972054,396.0
719,1377972059,393.0
719,1377972064,385.0
719,1377972069,387.0
719,1377972074,385.0
719,1377972079,382.0
719,1377972084,385.0
719,1377972089,390.0
719,1377972094,385.0
719,1377972099,387.0
719,1377972104,392.0
719,1377972109,396.0
719,1377972114,391.0
719,1377972119,398.0
719,1377972124,401.0
719,1377972129,401.0
719,1377972134,396.0
719,1377972139,398.0
719,1377972144,390.0
719,1377972149,395.0
719,1377972154,391.0
719,1377972159,390.0
719,1377972164,390.0
719,1377972169,387.0
719,1377972174,388.0
719,1377972179,393.0
719,1377972184,388.0
719,1377972189,382.0
719,1377972194,382.0
719,1377972199,388.0
719,1377972204,383.0
719,1377972209,382.0
719,1377972214,385.0
719,1377972219,388.0
719,1377972224,391.0
719,1377972229,395.0
719,1377972234,395.0
719,1377972239,395.0
719,1377972244,390.0
719,1377972249,387.0
719,1377972254,392.0
719,1377972259,396.0
719,1377972264,404.0
719,1377972269,401.0
719,1377972274,397.0
719,1377972279,393.0
719,1377972284,393.0
719,1377972289,392.0
719,1377972294,390.0
719,1377972299,392.0
719,1377972304,397.0
719,1377972309,387.0
719,1377972314,392.0
719,1377972319,393.0
719,1377972324,396.0
719,1377972329,401.0
719,1377972334,403.0
719,1377972339,408.0
719,1377972344,407.0
719,1377972349,408.0
719,1377972354,403.0
719,1377972359,403.0
719,1377972364,398.0
719,1377972369,401.0
719,1377972374,391.0
719,1377972379,391.0
719,1377972384,393.0
719,1377972389,393.0
719,1377972394,391.0
719,1377972399,391.0
719,1377972404,396.0
719,1377972409,382.0
719,1377972414,390.0
719,1377972419,391.0
719,1377972424,390.0
719,1377972429,391.0
719,1377972434,393.0
719,1377972439,390.0
719,1377972444,387.0
719,1377972449,387.0
719,1377972454,387.0
719,1377972459,393.0
719,1377972464,393.0
719,1377972469,392.0
719,1377972474,390.0
719,1377972479,391.0
719,1377972484,401.0
719,1377972489,397.0
719,1377972494,395.0
719,1377972499,393.0
719,1377972504,391.0
719,1377972509,390.0
719,1377972514,396.0
719,1377972519,396.0
719,1377972524,401.0
719,1377972529,398.0
719,1377972534,398.0
719,1377972539,398.0
719,1377972544,398.0
719,1377972549,405.0
719,1377972554,409.0
719,1377972559,398.0
719,1377972564,395.0
719,1377972569,387.0
719,1377972574,388.0
719,1377972579,387.0
719,1377972584,393.0
719,1377972589,391.0
719,1377972594,398.0
719,1377972599,395.0
719,1377972604,396.0
719,1377972609,387.0
719,1377972614,392.0
719,1377972619,393.0
719,1377972624,396.0
719,1377972629,395.0
719,1377972634,401.0
719,1377972639,397.0
719,1377972644,390.0
719,1377972650,391.0
719,1377972654,391.0
719,1377972659,404.0
719,1377972664,396.0
719,1377972669,397.0
719,1377972674,402.0
719,1377972679,408.0
719,1377972684,397.0
719,1377972689,398.0
719,1377972694,393.0
719,1377972699,388.0
719,1377972704,382.0
719,1377972709,382.0
719,1377972714,382.0
719,1377972719,393.0
719,1377972724,391.0
719,1377972729,395.0
719,1377972734,401.0
719,1377972739,403.0
719,1377972744,406.0
719,1377972749,399.0
719,1377972754,408.0
719,1377972759,408.0
719,1377972764,409.0
719,1377972769,409.0
719,1377972774,412.0
719,1377972779,401.0
719,1377972784,398.0
719,1377972789,391.0
719,1377972794,398.0
719,1377972799,393.0
719,1377972804,398.0
719,1377972809,404.0
719,1377972814,399.0
719,1377972819,397.0
719,1377972824,393.0
719,1377972829,396.0
719,1377972834,390.0
719,1377972839,390.0
719,1377972844,401.0
719,1377972849,397.0
719,1377972854,398.0
719,1377972859,398.0
719,1377972864,393.0
719,1377972869,390.0
719,1377972874,390.0
719,1377972879,383.0
719,1377972884,379.0
719,1377972889,384.0
719,1377972894,380.0
719,1377972899,375.0
719,1377972904,377.0
719,1377972909,385.0
719,1377972914,392.0
719,1377972919,396.0
719,1377972924,398.0
719,1377972929,403.0
719,1377972934,401.0
719,1377972939,398.0
719,1377972944,393.0
719,1377972949,395.0
719,1377972954,401.0
719,1377972959,406.0
719,1377972964,403.0
719,1377972969,407.0
719,1377972974,406.0
719,1377972979,412.0
719,1377972984,412.0
719,1377972989,409.0
719,1377972994,406.0
719,1377972999,409.0
719,1377973004,408.0
719,1377973009,403.0
719,1377973014,403.0
719,1377973019,401.0
719,1377973024,404.0
719,1377973029,402.0
719,1377973034,405.0
719,1377973039,406.0
719,1377973044,403.0
719,1377973049,406.0
719,1377973054,398.0
719,1377973059,400.0
719,1377973064,396.0
719,1377973069,396.0
719,1377973074,390.0
719,1377973079,393.0
719,1377973084,392.0
719,1377973089,396.0
719,1377973094,392.0
719,1377973099,385.0
719,1377973104,382.0
719,1377973109,385.0
719,1377973114,382.0
719,1377973119,396.0
719,1377973124,397.0
719,1377973129,401.0
719,1377973134,405.0
719,1377973139,408.0
719,1377973144,395.0
719,1377973149,397.0
719,1377973154,396.0
719,1377973159,393.0
719,1377973164,399.0
719,1377973169,402.0
719,1377973174,395.0
719,1377973179,395.0
719,1377973184,388.0
719,1377973189,396.0
719,1377973194,392.0
719,1377973199,397.0
719,1377973204,403.0
719,1377973209,412.0
719,1377973214,406.0
719,1377973219,408.0
719,1377973224,409.0
719,1377973229,409.0
719,1377973234,412.0
719,1377973239,412.0
719,1377973244,420.0
719,1377973249,409.0
719,1377973254,406.0
719,1377973259,403.0
719,1377973264,401.0
719,1377973269,403.0
719,1377973274,399.0
719,1377973279,403.0
719,1377973284,403.0
719,1377973289,395.0
719,1377973294,398.0
719,1377973299,391.0
719,1377973304,397.0
719,1377973309,401.0
719,1377973314,398.0
719,1377973319,405.0
719,1377973324,403.0
719,1377973329,401.0
719,1377973334,402.0
719,1377973339,398.0
719,1377973344,391.0
719,1377973349,398.0
719,1377973354,395.0
719,1377973359,397.0
719,1377973364,398.0
719,1377973369,398.0
719,1377973374,397.0
719,1377973379,401.0
719,1377973384,403.0
719,1377973389,404.0
719,1377973394,397.0
719,1377973399,402.0
719,1377973409,397.0
